0 1 0 168
1 1 0 168
2 1 0 168
3 1 0 168
4 1 0 168
5 1 0 168
6 1 0 168
7 1 0 168
8 1 0 168
9 1 0 168
10 1 0 168
11 1 0 168
12 1 0 168
13 1 0 168
14 1 0 168
15 1 0 168
16 1 1 167
17 1 1 167
18 1 1 167
19 1 1 167
20 1 1 167
21 1 1 167
22 1 1 167
23 1 2 166
24 1 2 166
25 1 2 166
26 1 3 165
27 1 3 165
28 1 4 164
29 1 4 164
30 2 3 164
31 2 3 164
32 2 3 164
33 2 4 163
34 3 5 161
35 3 5 161
36 3 6 160
37 4 7 158
38 4 8 157
39 4 9 156
40 5 10 154
41 6 10 153
42 6 12 151
43 8 10 151
44 8 12 149
45 9 12 148
46 9 12 148
47 9 13 147
48 12 11 146
49 13 12 144
50 13 15 141
51 13 18 138
52 15 20 134
53 15 21 133
54 15 25 129
55 17 25 127
56 17 28 124
57 19 27 123
58 22 26 121
59 25 23 121
60 28 23 118
61 29 24 116
62 31 26 112
63 31 28 110
64 32 28 109
65 34 28 107
66 37 31 101
67 38 31 100
68 40 31 98
69 41 30 98
70 42 34 93
71 43 34 92
72 45 32 92
73 47 35 87
74 47 36 86
75 47 40 82
76 52 35 82
77 54 34 81
78 56 36 77
79 59 39 71
80 63 38 68
81 67 35 67
82 69 36 64
83 69 39 61
84 71 40 58
85 73 40 56
86 75 38 56
87 76 40 53
88 78 41 50
89 80 40 49
90 83 42 44
91 86 39 44
92 87 40 42
93 89 40 40
94 89 42 38
95 91 41 37
96 95 37 37
97 95 39 35
98 100 36 33
99 103 34 32
100 103 35 31
101 110 34 25
102 112 37 20
103 115 34 20
104 120 31 18
105 0 140 29
106 0 124 45
107 0 126 43
108 0 129 40
109 0 132 37
110 0 0 169
111 0 0 169
112 0 0 169
113 0 0 169
114 0 0 169
115 0 0 169
116 0 0 169
117 0 0 169
118 0 0 169
119 0 0 169
120 0 0 169
121 0 0 169
122 0 0 169
123 0 0 169
124 0 0 169
125 0 0 169
126 0 0 169
127 0 0 169
128 0 0 169
129 0 0 169
130 0 0 169
131 0 0 169
132 0 0 169
133 0 0 169
134 0 0 169
135 0 0 169
136 0 0 169
137 0 0 169
138 0 0 169
139 0 0 169
140 0 0 169
141 0 0 169
142 0 0 169
143 0 0 169
144 0 0 169
145 0 0 169
146 0 0 169
147 0 0 169
148 0 0 169
149 0 0 169
150 0 0 169
151 0 0 169
152 0 0 169
153 0 0 169
154 0 0 169
155 0 0 169
156 0 0 169
157 0 0 169
158 0 0 169
159 0 0 169
160 0 0 169
161 0 0 169
162 0 0 169
163 0 0 169
164 0 0 169
165 0 0 169
166 0 0 169
167 0 0 169
168 0 0 169
169 0 0 169
170 0 0 169
171 0 0 169
172 0 0 169
173 0 0 169
174 0 0 169
175 0 0 169
176 0 0 169
177 0 0 169
178 0 0 169
179 0 0 169
180 0 0 169
181 0 0 169
182 0 0 169
183 0 0 169
184 0 0 169
185 0 0 169
186 0 0 169
187 0 0 169
188 0 0 169
189 0 0 169
190 0 0 169
191 0 0 169
192 0 0 169
193 0 0 169
194 0 0 169
195 0 0 169
196 0 0 169
197 0 0 169
198 0 0 169
199 0 0 169
200 0 0 169
201 0 0 169
202 0 0 169
203 0 0 169
204 0 0 169
205 0 0 169
206 0 0 169
207 0 0 169
208 0 0 169
209 0 0 169
210 0 0 169
211 0 0 169
212 0 0 169
213 0 0 169
214 0 0 169
215 0 0 169
216 0 0 169
217 0 0 169
218 0 0 169
219 0 0 169
220 0 0 169
221 0 0 169
222 0 0 169
223 0 0 169
224 0 0 169
225 0 0 169
226 0 0 169
227 0 0 169
228 0 0 169
229 0 0 169
230 0 0 169
231 0 0 169
232 0 0 169
233 0 0 169
234 0 0 169
235 0 0 169
236 0 0 169
237 0 0 169
238 0 0 169
239 0 0 169
240 0 0 169
241 0 0 169
242 0 0 169
243 0 0 169
244 0 0 169
245 0 0 169
246 0 0 169
247 0 0 169
248 0 0 169
249 0 0 169
250 0 0 169
251 0 0 169
252 0 0 169
253 0 0 169
254 0 0 169
255 0 0 169
256 0 0 169
257 0 0 169
258 0 0 169
259 0 0 169
260 0 0 169
261 0 0 169
262 0 0 169
263 0 0 169
264 0 0 169
265 0 0 169
266 0 0 169
267 0 0 169
268 0 0 169
269 0 0 169
270 0 0 169
271 0 0 169
272 0 0 169
273 0 0 169
274 0 0 169
275 0 0 169
276 0 0 169
277 0 0 169
278 0 0 169
279 0 0 169
280 0 0 169
281 0 0 169
282 0 0 169
283 0 0 169
284 0 0 169
285 0 0 169
286 0 0 169
287 0 0 169
288 0 0 169
289 0 0 169
290 0 0 169
291 0 0 169
292 0 0 169
293 0 0 169
294 0 0 169
295 0 0 169
296 0 0 169
297 0 0 169
298 0 0 169
299 0 0 169
300 0 0 169
