0 1 0 168
1 1 0 168
2 1 0 168
3 1 0 168
4 1 0 168
5 1 0 168
6 1 0 168
7 1 0 168
8 1 0 168
9 1 0 168
10 1 0 168
11 1 0 168
12 1 0 168
13 1 0 168
14 1 0 168
15 1 0 168
16 1 1 167
17 1 1 167
18 1 1 167
19 1 1 167
20 1 2 166
21 1 2 166
22 1 2 166
23 2 2 165
24 2 3 164
25 2 3 164
26 2 4 163
27 2 5 162
28 2 5 162
29 2 6 161
30 2 7 160
31 2 7 160
32 2 10 157
33 3 9 157
34 3 11 155
35 7 7 155
36 7 7 155
37 7 7 155
38 8 6 155
39 8 6 155
40 9 6 154
41 9 6 154
42 9 6 154
43 10 5 154
44 10 6 153
45 10 7 152
46 10 9 150
47 10 10 149
48 10 11 148
49 11 10 148
50 11 13 145
51 11 14 144
52 12 13 144
53 12 16 141
54 13 15 141
55 17 13 139
56 19 12 138
57 20 12 137
58 23 13 133
59 24 12 133
60 26 10 133
61 27 11 131
62 29 9 131
63 31 8 130
64 31 11 127
65 32 11 126
66 33 14 122
67 33 16 120
68 35 17 117
69 40 15 114
70 40 17 112
71 40 17 112
72 42 19 108
73 44 19 106
74 46 19 104
75 48 22 99
76 51 19 99
77 52 25 92
78 53 24 92
79 55 24 90
80 57 23 89
81 58 29 82
82 60 28 81
83 65 24 80
84 67 25 77
85 71 24 74
86 75 23 71
87 79 21 69
88 79 25 65
89 81 26 62
90 83 26 60
91 86 25 58
92 87 24 58
93 89 25 55
94 92 24 53
95 95 23 51
96 97 24 48
97 100 21 48
98 102 20 47
99 104 22 43
100 105 23 41
101 106 25 38
102 109 23 37
103 112 21 36
104 112 24 33
105 112 27 30
106 113 30 26
107 117 29 23
108 118 31 20
109 121 28 20
110 122 28 19
111 124 26 19
112 125 26 18
113 128 26 15
114 131 24 14
115 133 22 14
116 134 22 13
117 135 22 12
118 0 135 34
119 0 137 32
120 0 137 32
121 0 137 32
122 0 140 29
123 0 141 28
124 0 143 26
125 0 146 23
126 0 148 21
127 0 149 20
128 0 150 19
129 0 0 169
130 0 0 169
131 0 0 169
132 0 0 169
133 0 0 169
134 0 0 169
135 0 0 169
136 0 0 169
137 0 0 169
138 0 0 169
139 0 0 169
140 0 0 169
141 0 0 169
142 0 0 169
143 0 0 169
144 0 0 169
145 0 0 169
146 0 0 169
147 0 0 169
148 0 0 169
149 0 0 169
150 0 0 169
151 0 0 169
152 0 0 169
153 0 0 169
154 0 0 169
155 0 0 169
156 0 0 169
157 0 0 169
158 0 0 169
159 0 0 169
160 0 0 169
161 0 0 169
162 0 0 169
163 0 0 169
164 0 0 169
165 0 0 169
166 0 0 169
167 0 0 169
168 0 0 169
169 0 0 169
170 0 0 169
171 0 0 169
172 0 0 169
173 0 0 169
174 0 0 169
175 0 0 169
176 0 0 169
177 0 0 169
178 0 0 169
179 0 0 169
180 0 0 169
181 0 0 169
182 0 0 169
183 0 0 169
184 0 0 169
185 0 0 169
186 0 0 169
187 0 0 169
188 0 0 169
189 0 0 169
190 0 0 169
191 0 0 169
192 0 0 169
193 0 0 169
194 0 0 169
195 0 0 169
196 0 0 169
197 0 0 169
198 0 0 169
199 0 0 169
200 0 0 169
201 0 0 169
202 0 0 169
203 0 0 169
204 0 0 169
205 0 0 169
206 0 0 169
207 0 0 169
208 0 0 169
209 0 0 169
210 0 0 169
211 0 0 169
212 0 0 169
213 0 0 169
214 0 0 169
215 0 0 169
216 0 0 169
217 0 0 169
218 0 0 169
219 0 0 169
220 0 0 169
221 0 0 169
222 0 0 169
223 0 0 169
224 0 0 169
225 0 0 169
226 0 0 169
227 0 0 169
228 0 0 169
229 0 0 169
230 0 0 169
231 0 0 169
232 0 0 169
233 0 0 169
234 0 0 169
235 0 0 169
236 0 0 169
237 0 0 169
238 0 0 169
239 0 0 169
240 0 0 169
241 0 0 169
242 0 0 169
243 0 0 169
244 0 0 169
245 0 0 169
246 0 0 169
247 0 0 169
248 0 0 169
249 0 0 169
250 0 0 169
251 0 0 169
252 0 0 169
253 0 0 169
254 0 0 169
255 0 0 169
256 0 0 169
257 0 0 169
258 0 0 169
259 0 0 169
260 0 0 169
261 0 0 169
262 0 0 169
263 0 0 169
264 0 0 169
265 0 0 169
266 0 0 169
267 0 0 169
268 0 0 169
269 0 0 169
270 0 0 169
271 0 0 169
272 0 0 169
273 0 0 169
274 0 0 169
275 0 0 169
276 0 0 169
277 0 0 169
278 0 0 169
279 0 0 169
280 0 0 169
281 0 0 169
282 0 0 169
283 0 0 169
284 0 0 169
285 0 0 169
286 0 0 169
287 0 0 169
288 0 0 169
289 0 0 169
290 0 0 169
291 0 0 169
292 0 0 169
293 0 0 169
294 0 0 169
295 0 0 169
296 0 0 169
297 0 0 169
298 0 0 169
299 0 0 169
300 0 0 169
