0 0.0014792899408284023 0.0 0.9985207100591716
1 0.0014792899408284023 0.0 0.9985207100591716
2 0.0014792899408284023 0.0 0.9985207100591716
3 0.0014792899408284023 0.0 0.9985207100591716
4 0.0014792899408284023 0.0 0.9985207100591716
5 0.0014792899408284023 0.0 0.9985207100591716
6 0.0014792899408284023 0.0 0.9985207100591716
7 0.0014792899408284023 0.0 0.9985207100591716
8 0.0014792899408284023 0.0014792899408284023 0.9970414201183432
9 0.0014792899408284023 0.004437869822485207 0.9940828402366864
10 0.0014792899408284023 0.004437869822485207 0.9940828402366864
11 0.0014792899408284023 0.004437869822485207 0.9940828402366864
12 0.0029585798816568047 0.0029585798816568047 0.9940828402366864
13 0.0029585798816568047 0.005917159763313609 0.9911242603550295
14 0.0029585798816568047 0.008875739644970414 0.9881656804733728
15 0.0029585798816568047 0.008875739644970414 0.9881656804733728
16 0.0029585798816568047 0.011834319526627219 0.985207100591716
17 0.004437869822485207 0.010355029585798817 0.985207100591716
18 0.004437869822485207 0.01775147928994083 0.977810650887574
19 0.013313609467455622 0.016272189349112426 0.9704142011834319
20 0.014792899408284023 0.014792899408284023 0.9704142011834319
21 0.016272189349112426 0.020710059171597635 0.9630177514792899
22 0.020710059171597635 0.019230769230769232 0.9600591715976331
23 0.022189349112426034 0.022189349112426034 0.9556213017751479
24 0.023668639053254437 0.026627218934911243 0.9497041420118343
25 0.028106508875739646 0.03106508875739645 0.9408284023668639
26 0.029585798816568046 0.03254437869822485 0.9378698224852071
27 0.034023668639053255 0.03698224852071006 0.9289940828402367
28 0.038461538461538464 0.03550295857988166 0.9260355029585798
29 0.03994082840236687 0.038461538461538464 0.9215976331360947
30 0.04585798816568047 0.04142011834319527 0.9127218934911243
31 0.05029585798816568 0.03994082840236687 0.9097633136094675
32 0.051775147928994084 0.05029585798816568 0.8979289940828402
33 0.05325443786982249 0.05917159763313609 0.8875739644970414
34 0.057692307692307696 0.060650887573964495 0.8816568047337278
35 0.0621301775147929 0.060650887573964495 0.8772189349112426
36 0.0650887573964497 0.0650887573964497 0.8698224852071006
37 0.06656804733727811 0.07248520710059171 0.8609467455621301
38 0.07100591715976332 0.07988165680473373 0.849112426035503
39 0.08727810650887574 0.07248520710059171 0.8402366863905325
40 0.09319526627218935 0.0695266272189349 0.8372781065088757
41 0.09615384615384616 0.07544378698224852 0.8284023668639053
42 0.09911242603550297 0.08284023668639054 0.8180473372781065
43 0.10798816568047337 0.08727810650887574 0.8047337278106509
44 0.10946745562130178 0.09319526627218935 0.7973372781065089
45 0.11834319526627218 0.09023668639053255 0.7914201183431953
46 0.1242603550295858 0.09319526627218935 0.7825443786982249
47 0.1390532544378698 0.08136094674556213 0.7795857988165681
48 0.14349112426035504 0.07988165680473373 0.7766272189349113
49 0.14940828402366865 0.08579881656804733 0.764792899408284
50 0.15532544378698224 0.08579881656804733 0.7588757396449705
51 0.16568047337278108 0.07840236686390532 0.7559171597633136
52 0.17011834319526628 0.07840236686390532 0.7514792899408284
53 0.17751479289940827 0.07544378698224852 0.7470414201183432
54 0.1849112426035503 0.07544378698224852 0.7396449704142012
55 0.1952662721893491 0.0695266272189349 0.735207100591716
56 0.20710059171597633 0.07100591715976332 0.7218934911242604
57 0.21893491124260356 0.06360946745562131 0.7174556213017751
58 0.22041420118343194 0.07100591715976332 0.7085798816568047
59 0.23520710059171598 0.0650887573964497 0.6997041420118343
60 0.2485207100591716 0.05917159763313609 0.6923076923076923
61 0.2529585798816568 0.06360946745562131 0.6834319526627219
62 0.2588757396449704 0.0650887573964497 0.6760355029585798
63 0.26479289940828404 0.0621301775147929 0.6730769230769231
64 0.2692307692307692 0.06804733727810651 0.6627218934911243
65 0.27662721893491127 0.07840236686390532 0.6449704142011834
66 0.28550295857988167 0.07544378698224852 0.6390532544378699
67 0.29142011834319526 0.07396449704142012 0.6346153846153846
68 0.30177514792899407 0.07248520710059171 0.6257396449704142
69 0.3076923076923077 0.07840236686390532 0.613905325443787
70 0.3150887573964497 0.07988165680473373 0.6050295857988166
71 0.3180473372781065 0.09023668639053255 0.591715976331361
72 0.32840236686390534 0.08727810650887574 0.584319526627219
73 0.33727810650887574 0.09023668639053255 0.5724852071005917
74 0.34615384615384615 0.08579881656804733 0.5680473372781065
75 0.35355029585798814 0.09319526627218935 0.5532544378698225
76 0.363905325443787 0.09467455621301775 0.5414201183431953
77 0.3742603550295858 0.10355029585798817 0.522189349112426
78 0.38461538461538464 0.10355029585798817 0.5118343195266272
79 0.3994082840236686 0.09911242603550297 0.5014792899408284
80 0.4068047337278107 0.10355029585798817 0.4896449704142012
81 0.4171597633136095 0.10502958579881656 0.47781065088757396
82 0.4260355029585799 0.10059171597633136 0.47337278106508873
83 0.4363905325443787 0.09911242603550297 0.46449704142011833
84 0.4467455621301775 0.10059171597633136 0.4526627218934911
85 0.4630177514792899 0.09615384615384616 0.4408284023668639
86 0.47485207100591714 0.09615384615384616 0.4289940828402367
87 0.4911242603550296 0.09171597633136094 0.4171597633136095
88 0.4970414201183432 0.09615384615384616 0.4068047337278107
89 0.5103550295857988 0.09467455621301775 0.39497041420118345
90 0.5236686390532544 0.09171597633136094 0.38461538461538464
91 0.5295857988165681 0.09023668639053255 0.3801775147928994
92 0.5384615384615384 0.09911242603550297 0.3624260355029586
93 0.5414201183431953 0.11390532544378698 0.34467455621301774
94 0.5488165680473372 0.1227810650887574 0.32840236686390534
95 0.5562130177514792 0.128698224852071 0.3150887573964497
96 0.5591715976331361 0.13609467455621302 0.3047337278106509
97 0.5680473372781065 0.14201183431952663 0.28994082840236685
98 0.5710059171597633 0.15236686390532544 0.27662721893491127
99 0.5798816568047337 0.15828402366863906 0.2618343195266272
100 0.591715976331361 0.15976331360946747 0.2485207100591716
101 0.6005917159763313 0.16272189349112426 0.23668639053254437
102 0.613905325443787 0.15828402366863906 0.22781065088757396
103 0.6316568047337278 0.15384615384615385 0.21449704142011836
104 0.6420118343195266 0.15236686390532544 0.20562130177514792
105 0.6538461538461539 0.14792899408284024 0.19822485207100593
106 0.6612426035502958 0.14644970414201183 0.19230769230769232
107 0.6730769230769231 0.15236686390532544 0.17455621301775148
108 0.6819526627218935 0.14497041420118342 0.17307692307692307
109 0.6937869822485208 0.1390532544378698 0.16715976331360946
110 0.7144970414201184 0.1227810650887574 0.16272189349112426
111 0.7248520710059172 0.11538461538461539 0.15976331360946747
112 0.7307692307692307 0.11686390532544379 0.15236686390532544
113 0.7485207100591716 0.10207100591715976 0.14940828402366865
114 0.757396449704142 0.09763313609467456 0.14497041420118342
115 0.7662721893491125 0.09171597633136094 0.14201183431952663
116 0.772189349112426 0.08875739644970414 0.1390532544378698
117 0.7751479289940828 0.09023668639053255 0.1346153846153846
118 0.7766272189349113 0.09467455621301775 0.128698224852071
119 0.7855029585798816 0.08727810650887574 0.12721893491124261
120 0.7988165680473372 0.07840236686390532 0.1227810650887574
121 0.8032544378698225 0.07544378698224852 0.12130177514792899
122 0.8121301775147929 0.07248520710059171 0.11538461538461539
123 0 0 0
124 0 0 0
125 0 0 0
126 0 0 0
127 0 0 0
128 0 0 0
129 0 0 0
130 0 0 0
131 0 0 0
132 0 0 0
133 0 0 0
134 0 0 0
135 0 0 0
136 0 0 0
137 0 0 0
138 0 0 0
139 0 0 0
140 0 0 0
141 0 0 0
142 0 0 0
143 0 0 0
144 0 0 0
145 0 0 0
146 0 0 0
147 0 0 0
148 0 0 0
149 0 0 0
150 0 0 0
151 0 0 0
152 0 0 0
153 0 0 0
154 0 0 0
155 0 0 0
156 0 0 0
157 0 0 0
158 0 0 0
159 0 0 0
160 0 0 0
161 0 0 0
162 0 0 0
163 0 0 0
164 0 0 0
165 0 0 0
166 0 0 0
167 0 0 0
168 0 0 0
169 0 0 0
170 0 0 0
171 0 0 0
172 0 0 0
173 0 0 0
174 0 0 0
175 0 0 0
176 0 0 0
177 0 0 0
178 0 0 0
179 0 0 0
180 0 0 0
181 0 0 0
182 0 0 0
183 0 0 0
184 0 0 0
185 0 0 0
186 0 0 0
187 0 0 0
188 0 0 0
189 0 0 0
190 0 0 0
191 0 0 0
192 0 0 0
193 0 0 0
194 0 0 0
195 0 0 0
196 0 0 0
197 0 0 0
198 0 0 0
199 0 0 0
200 0 0 0
201 0 0 0
202 0 0 0
203 0 0 0
204 0 0 0
205 0 0 0
206 0 0 0
207 0 0 0
208 0 0 0
209 0 0 0
210 0 0 0
211 0 0 0
212 0 0 0
213 0 0 0
214 0 0 0
215 0 0 0
216 0 0 0
217 0 0 0
218 0 0 0
219 0 0 0
220 0 0 0
221 0 0 0
222 0 0 0
223 0 0 0
224 0 0 0
225 0 0 0
226 0 0 0
227 0 0 0
228 0 0 0
229 0 0 0
230 0 0 0
231 0 0 0
232 0 0 0
233 0 0 0
234 0 0 0
235 0 0 0
236 0 0 0
237 0 0 0
238 0 0 0
239 0 0 0
240 0 0 0
241 0 0 0
242 0 0 0
243 0 0 0
244 0 0 0
245 0 0 0
246 0 0 0
247 0 0 0
248 0 0 0
249 0 0 0
250 0 0 0
251 0 0 0
252 0 0 0
253 0 0 0
254 0 0 0
255 0 0 0
256 0 0 0
257 0 0 0
258 0 0 0
259 0 0 0
260 0 0 0
261 0 0 0
262 0 0 0
263 0 0 0
264 0 0 0
265 0 0 0
266 0 0 0
267 0 0 0
268 0 0 0
269 0 0 0
270 0 0 0
271 0 0 0
272 0 0 0
273 0 0 0
274 0 0 0
275 0 0 0
276 0 0 0
277 0 0 0
278 0 0 0
279 0 0 0
280 0 0 0
281 0 0 0
282 0 0 0
283 0 0 0
284 0 0 0
285 0 0 0
286 0 0 0
287 0 0 0
288 0 0 0
289 0 0 0
290 0 0 0
291 0 0 0
292 0 0 0
293 0 0 0
294 0 0 0
295 0 0 0
296 0 0 0
297 0 0 0
298 0 0 0
299 0 0 0
300 0 0 0
