0 0.0014792899408284023 0.0 0.9985207100591716
1 0.0014792899408284023 0.0 0.9985207100591716
2 0.0014792899408284023 0.0 0.9985207100591716
3 0.0014792899408284023 0.0 0.9985207100591716
4 0.0014792899408284023 0.0 0.9985207100591716
5 0.0014792899408284023 0.0 0.9985207100591716
6 0.0014792899408284023 0.0 0.9985207100591716
7 0.0014792899408284023 0.0 0.9985207100591716
8 0.0014792899408284023 0.0 0.9985207100591716
9 0.0014792899408284023 0.0 0.9985207100591716
10 0.0014792899408284023 0.0 0.9985207100591716
11 0.0014792899408284023 0.0 0.9985207100591716
12 0.0014792899408284023 0.0 0.9985207100591716
13 0.0014792899408284023 0.0014792899408284023 0.9970414201183432
14 0.0014792899408284023 0.0014792899408284023 0.9970414201183432
15 0.0014792899408284023 0.005917159763313609 0.992603550295858
16 0.0014792899408284023 0.005917159763313609 0.992603550295858
17 0.004437869822485207 0.004437869822485207 0.9911242603550295
18 0.004437869822485207 0.004437869822485207 0.9911242603550295
19 0.005917159763313609 0.005917159763313609 0.9881656804733728
20 0.008875739644970414 0.008875739644970414 0.9822485207100592
21 0.010355029585798817 0.0073964497041420114 0.9822485207100592
22 0.010355029585798817 0.010355029585798817 0.9792899408284024
23 0.011834319526627219 0.010355029585798817 0.977810650887574
24 0.011834319526627219 0.016272189349112426 0.9718934911242604
25 0.014792899408284023 0.016272189349112426 0.9689349112426036
26 0.019230769230769232 0.014792899408284023 0.9659763313609467
27 0.020710059171597635 0.014792899408284023 0.9644970414201184
28 0.02514792899408284 0.016272189349112426 0.9585798816568047
29 0.03106508875739645 0.01775147928994083 0.9511834319526628
30 0.034023668639053255 0.014792899408284023 0.9511834319526628
31 0.03698224852071006 0.016272189349112426 0.9467455621301775
32 0.03994082840236687 0.01775147928994083 0.9423076923076923
33 0.04437869822485207 0.022189349112426034 0.9334319526627219
34 0.047337278106508875 0.023668639053254437 0.9289940828402367
35 0.051775147928994084 0.022189349112426034 0.9260355029585798
36 0.05473372781065089 0.026627218934911243 0.9186390532544378
37 0.060650887573964495 0.026627218934911243 0.9127218934911243
38 0.06804733727810651 0.026627218934911243 0.9053254437869822
39 0.07544378698224852 0.029585798816568046 0.8949704142011834
40 0.07840236686390532 0.03550295857988166 0.886094674556213
41 0.08579881656804733 0.03550295857988166 0.878698224852071
42 0.09023668639053255 0.038461538461538464 0.871301775147929
43 0.09763313609467456 0.047337278106508875 0.8550295857988166
44 0.10650887573964497 0.04585798816568047 0.8476331360946746
45 0.11686390532544379 0.04437869822485207 0.8387573964497042
46 0.128698224852071 0.03994082840236687 0.8313609467455622
47 0.13313609467455623 0.047337278106508875 0.8195266272189349
48 0.14053254437869822 0.04585798816568047 0.8136094674556213
49 0.15236686390532544 0.03994082840236687 0.8076923076923077
50 0.16568047337278108 0.03106508875739645 0.8032544378698225
51 0.17159763313609466 0.03106508875739645 0.7973372781065089
52 0.17899408284023668 0.029585798816568046 0.7914201183431953
53 0.1893491124260355 0.028106508875739646 0.7825443786982249
54 0.19230769230769232 0.03254437869822485 0.7751479289940828
55 0.19822485207100593 0.038461538461538464 0.7633136094674556
56 0.20857988165680474 0.034023668639053255 0.757396449704142
57 0.21301775147928995 0.03550295857988166 0.7514792899408284
58 0.22337278106508876 0.03254437869822485 0.7440828402366864
59 0.22633136094674555 0.03994082840236687 0.7337278106508875
60 0.23816568047337278 0.03550295857988166 0.7263313609467456
61 0.24260355029585798 0.04437869822485207 0.7130177514792899
62 0.2470414201183432 0.04585798816568047 0.7071005917159763
63 0.257396449704142 0.04142011834319527 0.7011834319526628
64 0.27071005917159763 0.04142011834319527 0.6878698224852071
65 0.27662721893491127 0.04142011834319527 0.6819526627218935
66 0.28402366863905326 0.04437869822485207 0.6715976331360947
67 0.30029585798816566 0.03106508875739645 0.6686390532544378
68 0.3106508875739645 0.03254437869822485 0.6568047337278107
69 0.3150887573964497 0.04437869822485207 0.6405325443786982
70 0.31952662721893493 0.04437869822485207 0.636094674556213
71 0.3269230769230769 0.04437869822485207 0.628698224852071
72 0.33579881656804733 0.047337278106508875 0.6168639053254438
73 0.34615384615384615 0.04437869822485207 0.6094674556213018
74 0.35355029585798814 0.042899408284023666 0.6035502958579881
75 0.3609467455621302 0.03994082840236687 0.599112426035503
76 0.3668639053254438 0.042899408284023666 0.5902366863905325
77 0.3742603550295858 0.042899408284023666 0.5828402366863905
78 0.3831360946745562 0.047337278106508875 0.5695266272189349
79 0.39497041420118345 0.04437869822485207 0.5606508875739645
80 0.3994082840236686 0.051775147928994084 0.5488165680473372
81 0.4068047337278107 0.05325443786982249 0.5399408284023669
82 0.41420118343195267 0.05029585798816568 0.5355029585798816
83 0.4275147928994083 0.05029585798816568 0.522189349112426
84 0.4363905325443787 0.05029585798816568 0.5133136094674556
85 0.4467455621301775 0.047337278106508875 0.5059171597633136
86 0.4556213017751479 0.057692307692307696 0.48668639053254437
87 0.46893491124260356 0.051775147928994084 0.47928994082840237
88 0.4822485207100592 0.05029585798816568 0.46745562130177515
89 0.49556213017751477 0.057692307692307696 0.4467455621301775
90 0.4970414201183432 0.060650887573964495 0.4423076923076923
91 0.5059171597633136 0.05621301775147929 0.4378698224852071
92 0.5236686390532544 0.04437869822485207 0.4319526627218935
93 0.5325443786982249 0.05473372781065089 0.41272189349112426
94 0.5488165680473372 0.05029585798816568 0.40088757396449703
95 0.5606508875739645 0.057692307692307696 0.3816568047337278
96 0.5710059171597633 0.06804733727810651 0.3609467455621302
97 0.5754437869822485 0.07248520710059171 0.3520710059171598
98 0.5857988165680473 0.07248520710059171 0.34171597633136097
99 0.5931952662721893 0.07692307692307693 0.32988165680473375
100 0.6094674556213018 0.07248520710059171 0.3180473372781065
101 0.621301775147929 0.0695266272189349 0.3091715976331361
102 0.6301775147928994 0.07396449704142012 0.2958579881656805
103 0.6494082840236687 0.07100591715976332 0.27958579881656803
104 0.665680473372781 0.06804733727810651 0.26627218934911245
105 0.6760355029585798 0.06656804733727811 0.257396449704142
106 0.6849112426035503 0.06656804733727811 0.2485207100591716
107 0.6982248520710059 0.06656804733727811 0.23520710059171598
108 0.7144970414201184 0.0650887573964497 0.22041420118343194
109 0.7292899408284024 0.060650887573964495 0.21005917159763313
110 0.7411242603550295 0.0621301775147929 0.19674556213017752
111 0.75 0.0621301775147929 0.1878698224852071
112 0.757396449704142 0.0650887573964497 0.17751479289940827
113 0.7692307692307693 0.060650887573964495 0.17011834319526628
114 0.7795857988165681 0.0621301775147929 0.15828402366863906
115 0.7899408284023669 0.057692307692307696 0.15236686390532544
116 0.8047337278106509 0.05029585798816568 0.14497041420118342
117 0.8106508875739645 0.04881656804733728 0.14053254437869822
118 0.8136094674556213 0.051775147928994084 0.1346153846153846
119 0.8210059171597633 0.051775147928994084 0.12721893491124261
120 0.8328402366863905 0.04437869822485207 0.1227810650887574
121 0.8431952662721893 0.03698224852071006 0.11982248520710059
122 0.8476331360946746 0.03994082840236687 0.11242603550295859
123 0.8579881656804734 0.03550295857988166 0.10650887573964497
124 0.8284023668639053 0.060650887573964495 0.11094674556213018
125 0.8402366863905325 0.051775147928994084 0.10798816568047337
126 0.8476331360946746 0.047337278106508875 0.10502958579881656
127 0.8505917159763313 0.047337278106508875 0.10207100591715976
128 0.863905325443787 0.038461538461538464 0.09763313609467456
129 0 0 0
130 0 0 0
131 0 0 0
132 0 0 0
133 0 0 0
134 0 0 0
135 0 0 0
136 0 0 0
137 0 0 0
138 0 0 0
139 0 0 0
140 0 0 0
141 0 0 0
142 0 0 0
143 0 0 0
144 0 0 0
145 0 0 0
146 0 0 0
147 0 0 0
148 0 0 0
149 0 0 0
150 0 0 0
151 0 0 0
152 0 0 0
153 0 0 0
154 0 0 0
155 0 0 0
156 0 0 0
157 0 0 0
158 0 0 0
159 0 0 0
160 0 0 0
161 0 0 0
162 0 0 0
163 0 0 0
164 0 0 0
165 0 0 0
166 0 0 0
167 0 0 0
168 0 0 0
169 0 0 0
170 0 0 0
171 0 0 0
172 0 0 0
173 0 0 0
174 0 0 0
175 0 0 0
176 0 0 0
177 0 0 0
178 0 0 0
179 0 0 0
180 0 0 0
181 0 0 0
182 0 0 0
183 0 0 0
184 0 0 0
185 0 0 0
186 0 0 0
187 0 0 0
188 0 0 0
189 0 0 0
190 0 0 0
191 0 0 0
192 0 0 0
193 0 0 0
194 0 0 0
195 0 0 0
196 0 0 0
197 0 0 0
198 0 0 0
199 0 0 0
200 0 0 0
201 0 0 0
202 0 0 0
203 0 0 0
204 0 0 0
205 0 0 0
206 0 0 0
207 0 0 0
208 0 0 0
209 0 0 0
210 0 0 0
211 0 0 0
212 0 0 0
213 0 0 0
214 0 0 0
215 0 0 0
216 0 0 0
217 0 0 0
218 0 0 0
219 0 0 0
220 0 0 0
221 0 0 0
222 0 0 0
223 0 0 0
224 0 0 0
225 0 0 0
226 0 0 0
227 0 0 0
228 0 0 0
229 0 0 0
230 0 0 0
231 0 0 0
232 0 0 0
233 0 0 0
234 0 0 0
235 0 0 0
236 0 0 0
237 0 0 0
238 0 0 0
239 0 0 0
240 0 0 0
241 0 0 0
242 0 0 0
243 0 0 0
244 0 0 0
245 0 0 0
246 0 0 0
247 0 0 0
248 0 0 0
249 0 0 0
250 0 0 0
251 0 0 0
252 0 0 0
253 0 0 0
254 0 0 0
255 0 0 0
256 0 0 0
257 0 0 0
258 0 0 0
259 0 0 0
260 0 0 0
261 0 0 0
262 0 0 0
263 0 0 0
264 0 0 0
265 0 0 0
266 0 0 0
267 0 0 0
268 0 0 0
269 0 0 0
270 0 0 0
271 0 0 0
272 0 0 0
273 0 0 0
274 0 0 0
275 0 0 0
276 0 0 0
277 0 0 0
278 0 0 0
279 0 0 0
280 0 0 0
281 0 0 0
282 0 0 0
283 0 0 0
284 0 0 0
285 0 0 0
286 0 0 0
287 0 0 0
288 0 0 0
289 0 0 0
290 0 0 0
291 0 0 0
292 0 0 0
293 0 0 0
294 0 0 0
295 0 0 0
296 0 0 0
297 0 0 0
298 0 0 0
299 0 0 0
300 0 0 0
