0 0.0014792899408284023 0.0 0.9985207100591716
1 0.0014792899408284023 0.0 0.9985207100591716
2 0.0014792899408284023 0.0 0.9985207100591716
3 0.0014792899408284023 0.0 0.9985207100591716
4 0.0014792899408284023 0.0 0.9985207100591716
5 0.0014792899408284023 0.0 0.9985207100591716
6 0.0014792899408284023 0.0014792899408284023 0.9970414201183432
7 0.0014792899408284023 0.0029585798816568047 0.9955621301775148
8 0.0014792899408284023 0.0029585798816568047 0.9955621301775148
9 0.0014792899408284023 0.0029585798816568047 0.9955621301775148
10 0.004437869822485207 0.0029585798816568047 0.992603550295858
11 0.004437869822485207 0.0029585798816568047 0.992603550295858
12 0.004437869822485207 0.0029585798816568047 0.992603550295858
13 0.005917159763313609 0.0029585798816568047 0.9911242603550295
14 0.005917159763313609 0.0029585798816568047 0.9911242603550295
15 0.005917159763313609 0.0029585798816568047 0.9911242603550295
16 0.008875739644970414 0.004437869822485207 0.9866863905325444
17 0.010355029585798817 0.0029585798816568047 0.9866863905325444
18 0.010355029585798817 0.004437869822485207 0.985207100591716
19 0.011834319526627219 0.0073964497041420114 0.9807692307692307
20 0.011834319526627219 0.011834319526627219 0.9763313609467456
21 0.011834319526627219 0.011834319526627219 0.9763313609467456
22 0.013313609467455622 0.013313609467455622 0.9733727810650887
23 0.014792899408284023 0.014792899408284023 0.9704142011834319
24 0.019230769230769232 0.016272189349112426 0.9644970414201184
25 0.022189349112426034 0.01775147928994083 0.9600591715976331
26 0.02514792899408284 0.01775147928994083 0.9571005917159763
27 0.028106508875739646 0.01775147928994083 0.9541420118343196
28 0.03106508875739645 0.019230769230769232 0.9497041420118343
29 0.03254437869822485 0.020710059171597635 0.9467455621301775
30 0.03698224852071006 0.020710059171597635 0.9423076923076923
31 0.038461538461538464 0.03254437869822485 0.9289940828402367
32 0.04437869822485207 0.034023668639053255 0.9215976331360947
33 0.05029585798816568 0.034023668639053255 0.915680473372781
34 0.057692307692307696 0.034023668639053255 0.908284023668639
35 0.0621301775147929 0.03698224852071006 0.900887573964497
36 0.06360946745562131 0.042899408284023666 0.893491124260355
37 0.06656804733727811 0.042899408284023666 0.8905325443786982
38 0.07396449704142012 0.047337278106508875 0.878698224852071
39 0.07988165680473373 0.05029585798816568 0.8698224852071006
40 0.08875739644970414 0.04585798816568047 0.8653846153846154
41 0.09319526627218935 0.04585798816568047 0.8609467455621301
42 0.09615384615384616 0.04437869822485207 0.8594674556213018
43 0.10355029585798817 0.04585798816568047 0.8505917159763313
44 0.10502958579881656 0.047337278106508875 0.8476331360946746
45 0.11390532544378698 0.04585798816568047 0.8402366863905325
46 0.11982248520710059 0.04881656804733728 0.8313609467455622
47 0.1257396449704142 0.051775147928994084 0.8224852071005917
48 0.128698224852071 0.05621301775147929 0.8150887573964497
49 0.1346153846153846 0.057692307692307696 0.8076923076923077
50 0.14201183431952663 0.05917159763313609 0.7988165680473372
51 0.15384615384615385 0.05029585798816568 0.7958579881656804
52 0.15976331360946747 0.05621301775147929 0.7840236686390533
53 0.16420118343195267 0.05917159763313609 0.7766272189349113
54 0.1760355029585799 0.05473372781065089 0.7692307692307693
55 0.1804733727810651 0.057692307692307696 0.7618343195266272
56 0.1878698224852071 0.05473372781065089 0.757396449704142
57 0.1937869822485207 0.05473372781065089 0.7514792899408284
58 0.20414201183431951 0.05473372781065089 0.7411242603550295
59 0.21597633136094674 0.04881656804733728 0.735207100591716
60 0.22781065088757396 0.05029585798816568 0.7218934911242604
61 0.2440828402366864 0.042899408284023666 0.7130177514792899
62 0.2470414201183432 0.047337278106508875 0.7056213017751479
63 0.2529585798816568 0.04881656804733728 0.6982248520710059
64 0.26331360946745563 0.04881656804733728 0.6878698224852071
65 0.2692307692307692 0.047337278106508875 0.6834319526627219
66 0.27514792899408286 0.051775147928994084 0.6730769230769231
67 0.28550295857988167 0.05029585798816568 0.6642011834319527
68 0.29142011834319526 0.06360946745562131 0.6449704142011834
69 0.2973372781065089 0.06360946745562131 0.6390532544378699
70 0.30177514792899407 0.07100591715976332 0.6272189349112426
71 0.3091715976331361 0.07100591715976332 0.6198224852071006
72 0.3165680473372781 0.0695266272189349 0.613905325443787
73 0.32840236686390534 0.0650887573964497 0.606508875739645
74 0.3343195266272189 0.0695266272189349 0.5961538461538461
75 0.34171597633136097 0.07396449704142012 0.584319526627219
76 0.3520710059171598 0.06804733727810651 0.5798816568047337
77 0.3668639053254438 0.06360946745562131 0.5695266272189349
78 0.3698224852071006 0.07544378698224852 0.5547337278106509
79 0.3772189349112426 0.07840236686390532 0.5443786982248521
80 0.3905325443786982 0.07544378698224852 0.5340236686390533
81 0.3994082840236686 0.07544378698224852 0.5251479289940828
82 0.40828402366863903 0.08284023668639054 0.5088757396449705
83 0.41863905325443784 0.08284023668639054 0.4985207100591716
84 0.4275147928994083 0.07692307692307693 0.49556213017751477
85 0.4334319526627219 0.09171597633136094 0.47485207100591714
86 0.4423076923076923 0.09171597633136094 0.46597633136094674
87 0.4511834319526627 0.08875739644970414 0.46005917159763315
88 0.46449704142011833 0.08875739644970414 0.4467455621301775
89 0.4718934911242604 0.10059171597633136 0.4275147928994083
90 0.4881656804733728 0.10355029585798817 0.40828402366863903
91 0.4985207100591716 0.09467455621301775 0.4068047337278107
92 0.5088757396449705 0.09467455621301775 0.39644970414201186
93 0.5281065088757396 0.08431952662721894 0.3875739644970414
94 0.5428994082840237 0.08284023668639054 0.3742603550295858
95 0.5606508875739645 0.07840236686390532 0.3609467455621302
96 0.5665680473372781 0.09171597633136094 0.34171597633136097
97 0.5798816568047337 0.08875739644970414 0.33136094674556216
98 0.5931952662721893 0.08727810650887574 0.31952662721893493
99 0.5976331360946746 0.08875739644970414 0.3136094674556213
100 0.613905325443787 0.08136094674556213 0.3047337278106509
101 0.6242603550295858 0.08727810650887574 0.28846153846153844
102 0.6346153846153846 0.09023668639053255 0.27514792899408286
103 0.6449704142011834 0.08727810650887574 0.2677514792899408
104 0.6568047337278107 0.08284023668639054 0.2603550295857988
105 0.6730769230769231 0.07840236686390532 0.2485207100591716
106 0.6819526627218935 0.08727810650887574 0.23076923076923078
107 0.6982248520710059 0.08284023668639054 0.21893491124260356
108 0.7130177514792899 0.07248520710059171 0.21449704142011836
109 0.7248520710059172 0.07100591715976332 0.20414201183431951
110 0.735207100591716 0.07100591715976332 0.1937869822485207
111 0.75 0.07100591715976332 0.17899408284023668
112 0.7662721893491125 0.060650887573964495 0.17307692307692307
113 0.7736686390532544 0.057692307692307696 0.16863905325443787
114 0.7899408284023669 0.051775147928994084 0.15828402366863906
115 0.7943786982248521 0.051775147928994084 0.15384615384615385
116 0.8076923076923077 0.04437869822485207 0.14792899408284024
117 0.8239644970414202 0.029585798816568046 0.14644970414201183
118 0.8328402366863905 0.02514792899408284 0.14201183431952663
119 0.8372781065088757 0.026627218934911243 0.13609467455621302
120 0.8446745562130178 0.028106508875739646 0.12721893491124261
121 0.8505917159763313 0.026627218934911243 0.1227810650887574
122 0.856508875739645 0.023668639053254437 0.11982248520710059
123 0.8624260355029586 0.02514792899408284 0.11242603550295859
124 0.8683431952662722 0.023668639053254437 0.10798816568047337
125 0.871301775147929 0.020710059171597635 0.10798816568047337
126 0.8757396449704142 0.01775147928994083 0.10650887573964497
127 0.8772189349112426 0.020710059171597635 0.10207100591715976
128 0.8831360946745562 0.01775147928994083 0.09911242603550297
129 0.8875739644970414 0.016272189349112426 0.09615384615384616
130 0.8890532544378699 0.014792899408284023 0.09615384615384616
131 0.8920118343195266 0.011834319526627219 0.09615384615384616
132 0.893491124260355 0.011834319526627219 0.09467455621301775
133 0.8949704142011834 0.013313609467455622 0.09171597633136094
134 0.8949704142011834 0.013313609467455622 0.09171597633136094
135 0.8964497041420119 0.011834319526627219 0.09171597633136094
136 0.8994082840236687 0.008875739644970414 0.09171597633136094
137 0.8994082840236687 0.008875739644970414 0.09171597633136094
138 0 0 0
139 0 0 0
140 0 0 0
141 0 0 0
142 0 0 0
143 0 0 0
144 0 0 0
145 0 0 0
146 0 0 0
147 0 0 0
148 0 0 0
149 0 0 0
150 0 0 0
151 0 0 0
152 0 0 0
153 0 0 0
154 0 0 0
155 0 0 0
156 0 0 0
157 0 0 0
158 0 0 0
159 0 0 0
160 0 0 0
161 0 0 0
162 0 0 0
163 0 0 0
164 0 0 0
165 0 0 0
166 0 0 0
167 0 0 0
168 0 0 0
169 0 0 0
170 0 0 0
171 0 0 0
172 0 0 0
173 0 0 0
174 0 0 0
175 0 0 0
176 0 0 0
177 0 0 0
178 0 0 0
179 0 0 0
180 0 0 0
181 0 0 0
182 0 0 0
183 0 0 0
184 0 0 0
185 0 0 0
186 0 0 0
187 0 0 0
188 0 0 0
189 0 0 0
190 0 0 0
191 0 0 0
192 0 0 0
193 0 0 0
194 0 0 0
195 0 0 0
196 0 0 0
197 0 0 0
198 0 0 0
199 0 0 0
200 0 0 0
201 0 0 0
202 0 0 0
203 0 0 0
204 0 0 0
205 0 0 0
206 0 0 0
207 0 0 0
208 0 0 0
209 0 0 0
210 0 0 0
211 0 0 0
212 0 0 0
213 0 0 0
214 0 0 0
215 0 0 0
216 0 0 0
217 0 0 0
218 0 0 0
219 0 0 0
220 0 0 0
221 0 0 0
222 0 0 0
223 0 0 0
224 0 0 0
225 0 0 0
226 0 0 0
227 0 0 0
228 0 0 0
229 0 0 0
230 0 0 0
231 0 0 0
232 0 0 0
233 0 0 0
234 0 0 0
235 0 0 0
236 0 0 0
237 0 0 0
238 0 0 0
239 0 0 0
240 0 0 0
241 0 0 0
242 0 0 0
243 0 0 0
244 0 0 0
245 0 0 0
246 0 0 0
247 0 0 0
248 0 0 0
249 0 0 0
250 0 0 0
251 0 0 0
252 0 0 0
253 0 0 0
254 0 0 0
255 0 0 0
256 0 0 0
257 0 0 0
258 0 0 0
259 0 0 0
260 0 0 0
261 0 0 0
262 0 0 0
263 0 0 0
264 0 0 0
265 0 0 0
266 0 0 0
267 0 0 0
268 0 0 0
269 0 0 0
270 0 0 0
271 0 0 0
272 0 0 0
273 0 0 0
274 0 0 0
275 0 0 0
276 0 0 0
277 0 0 0
278 0 0 0
279 0 0 0
280 0 0 0
281 0 0 0
282 0 0 0
283 0 0 0
284 0 0 0
285 0 0 0
286 0 0 0
287 0 0 0
288 0 0 0
289 0 0 0
290 0 0 0
291 0 0 0
292 0 0 0
293 0 0 0
294 0 0 0
295 0 0 0
296 0 0 0
297 0 0 0
298 0 0 0
299 0 0 0
300 0 0 0
