0 0.0014792899408284023 0.0 0.9985207100591716
1 0.0014792899408284023 0.0 0.9985207100591716
2 0.0014792899408284023 0.0 0.9985207100591716
3 0.0014792899408284023 0.0 0.9985207100591716
4 0.0014792899408284023 0.0 0.9985207100591716
5 0.0014792899408284023 0.0 0.9985207100591716
6 0.0014792899408284023 0.0 0.9985207100591716
7 0.0014792899408284023 0.0 0.9985207100591716
8 0.0014792899408284023 0.0 0.9985207100591716
9 0.0014792899408284023 0.0 0.9985207100591716
10 0.0014792899408284023 0.0 0.9985207100591716
11 0.0014792899408284023 0.0 0.9985207100591716
12 0.0014792899408284023 0.0 0.9985207100591716
13 0.0014792899408284023 0.0 0.9985207100591716
14 0.0014792899408284023 0.0 0.9985207100591716
15 0.0014792899408284023 0.0 0.9985207100591716
16 0.0014792899408284023 0.004437869822485207 0.9940828402366864
17 0.0014792899408284023 0.004437869822485207 0.9940828402366864
18 0.0014792899408284023 0.005917159763313609 0.992603550295858
19 0.005917159763313609 0.0029585798816568047 0.9911242603550295
20 0.0073964497041420114 0.004437869822485207 0.9881656804733728
21 0.0073964497041420114 0.004437869822485207 0.9881656804733728
22 0.010355029585798817 0.004437869822485207 0.985207100591716
23 0.010355029585798817 0.004437869822485207 0.985207100591716
24 0.013313609467455622 0.008875739644970414 0.977810650887574
25 0.013313609467455622 0.011834319526627219 0.9748520710059172
26 0.013313609467455622 0.013313609467455622 0.9733727810650887
27 0.019230769230769232 0.010355029585798817 0.9704142011834319
28 0.023668639053254437 0.010355029585798817 0.9659763313609467
29 0.026627218934911243 0.010355029585798817 0.9630177514792899
30 0.028106508875739646 0.011834319526627219 0.9600591715976331
31 0.029585798816568046 0.01775147928994083 0.9526627218934911
32 0.034023668639053255 0.019230769230769232 0.9467455621301775
33 0.04142011834319527 0.019230769230769232 0.9393491124260355
34 0.04437869822485207 0.019230769230769232 0.9363905325443787
35 0.05325443786982249 0.010355029585798817 0.9363905325443787
36 0.057692307692307696 0.011834319526627219 0.9304733727810651
37 0.0621301775147929 0.019230769230769232 0.9186390532544378
38 0.06360946745562131 0.02514792899408284 0.9112426035502958
39 0.07100591715976332 0.022189349112426034 0.9068047337278107
40 0.07544378698224852 0.028106508875739646 0.8964497041420119
41 0.08431952662721894 0.022189349112426034 0.893491124260355
42 0.09023668639053255 0.02514792899408284 0.8846153846153846
43 0.09911242603550297 0.022189349112426034 0.878698224852071
44 0.10946745562130178 0.01775147928994083 0.8727810650887574
45 0.11390532544378698 0.02514792899408284 0.8609467455621301
46 0.11686390532544379 0.03550295857988166 0.8476331360946746
47 0.1227810650887574 0.03550295857988166 0.841715976331361
48 0.13313609467455623 0.03550295857988166 0.8313609467455622
49 0.14644970414201183 0.023668639053254437 0.8298816568047337
50 0.15384615384615385 0.022189349112426034 0.8239644970414202
51 0.15976331360946747 0.029585798816568046 0.8106508875739645
52 0.16715976331360946 0.02514792899408284 0.8076923076923077
53 0.17307692307692307 0.023668639053254437 0.8032544378698225
54 0.1849112426035503 0.023668639053254437 0.7914201183431953
55 0.1878698224852071 0.023668639053254437 0.7884615384615384
56 0.19230769230769232 0.02514792899408284 0.7825443786982249
57 0.20118343195266272 0.02514792899408284 0.7736686390532544
58 0.20857988165680474 0.028106508875739646 0.7633136094674556
59 0.21597633136094674 0.022189349112426034 0.7618343195266272
60 0.22633136094674555 0.026627218934911243 0.7470414201183432
61 0.22928994082840237 0.02514792899408284 0.7455621301775148
62 0.23520710059171598 0.028106508875739646 0.7366863905325444
63 0.23964497041420119 0.03550295857988166 0.7248520710059172
64 0.2529585798816568 0.028106508875739646 0.7189349112426036
65 0.26479289940828404 0.023668639053254437 0.7115384615384616
66 0.27218934911242604 0.022189349112426034 0.7056213017751479
67 0.28254437869822485 0.020710059171597635 0.6967455621301775
68 0.28846153846153844 0.023668639053254437 0.6878698224852071
69 0.2958579881656805 0.02514792899408284 0.6789940828402367
70 0.3032544378698225 0.022189349112426034 0.6745562130177515
71 0.3106508875739645 0.020710059171597635 0.6686390532544378
72 0.3165680473372781 0.02514792899408284 0.658284023668639
73 0.3254437869822485 0.028106508875739646 0.6464497041420119
74 0.32840236686390534 0.03106508875739645 0.6405325443786982
75 0.33579881656804733 0.03106508875739645 0.6331360946745562
76 0.3431952662721893 0.034023668639053255 0.6227810650887574
77 0.35502958579881655 0.028106508875739646 0.6168639053254438
78 0.3624260355029586 0.029585798816568046 0.6079881656804734
79 0.3757396449704142 0.026627218934911243 0.5976331360946746
80 0.378698224852071 0.03550295857988166 0.5857988165680473
81 0.3816568047337278 0.04142011834319527 0.5769230769230769
82 0.39349112426035504 0.04142011834319527 0.5650887573964497
83 0.3994082840236686 0.04437869822485207 0.5562130177514792
84 0.41863905325443784 0.03550295857988166 0.5458579881656804
85 0.4275147928994083 0.03254437869822485 0.5399408284023669
86 0.4378698224852071 0.03550295857988166 0.5266272189349113
87 0.4452662721893491 0.04585798816568047 0.5088757396449705
88 0.4541420118343195 0.04437869822485207 0.5014792899408284
89 0.4630177514792899 0.04437869822485207 0.492603550295858
90 0.47337278106508873 0.03994082840236687 0.48668639053254437
91 0.492603550295858 0.03698224852071006 0.47041420118343197
92 0.49556213017751477 0.04585798816568047 0.45857988165680474
93 0.507396449704142 0.038461538461538464 0.4541420118343195
94 0.514792899408284 0.04585798816568047 0.4393491124260355
95 0.5251479289940828 0.04881656804733728 0.4260355029585799
96 0.5399408284023669 0.04437869822485207 0.4156804733727811
97 0.5488165680473372 0.04585798816568047 0.40532544378698226
98 0.5621301775147929 0.04437869822485207 0.39349112426035504
99 0.5710059171597633 0.03994082840236687 0.3890532544378698
100 0.5828402366863905 0.042899408284023666 0.3742603550295858
101 0.591715976331361 0.042899408284023666 0.36538461538461536
102 0.6020710059171598 0.05029585798816568 0.34763313609467456
103 0.6094674556213018 0.05473372781065089 0.33579881656804733
104 0.621301775147929 0.05029585798816568 0.32840236686390534
105 0.6301775147928994 0.05621301775147929 0.3136094674556213
106 0.6390532544378699 0.05325443786982249 0.3076923076923077
107 0.6538461538461539 0.05917159763313609 0.2869822485207101
108 0.6671597633136095 0.057692307692307696 0.27514792899408286
109 0.6804733727810651 0.05473372781065089 0.26479289940828404
110 0.6937869822485208 0.057692307692307696 0.2485207100591716
111 0.7011834319526628 0.0621301775147929 0.23668639053254437
112 0.7204142011834319 0.05325443786982249 0.22633136094674555
113 0.7381656804733728 0.04437869822485207 0.21745562130177515
114 0.7514792899408284 0.042899408284023666 0.20562130177514792
115 0.7633136094674556 0.038461538461538464 0.19822485207100593
116 0.772189349112426 0.038461538461538464 0.1893491124260355
117 0.7810650887573964 0.042899408284023666 0.1760355029585799
118 0.7855029585798816 0.04585798816568047 0.16863905325443787
119 0.7928994082840237 0.04142011834319527 0.16568047337278108
120 0.8032544378698225 0.03994082840236687 0.15680473372781065
121 0.8062130177514792 0.038461538461538464 0.15532544378698224
122 0.8076923076923077 0.03994082840236687 0.15236686390532544
123 0.8136094674556213 0.038461538461538464 0.14792899408284024
124 0.8165680473372781 0.038461538461538464 0.14497041420118342
125 0.8224852071005917 0.03698224852071006 0.14053254437869822
126 0.8210059171597633 0.038461538461538464 0.14053254437869822
127 0.8062130177514792 0.05325443786982249 0.14053254437869822
128 0.8150887573964497 0.047337278106508875 0.13757396449704143
129 0.7544378698224852 0.10502958579881656 0.14053254437869822
130 0.7662721893491125 0.09763313609467456 0.13609467455621302
131 0 0 0
132 0 0 0
133 0 0 0
134 0 0 0
135 0 0 0
136 0 0 0
137 0 0 0
138 0 0 0
139 0 0 0
140 0 0 0
141 0 0 0
142 0 0 0
143 0 0 0
144 0 0 0
145 0 0 0
146 0 0 0
147 0 0 0
148 0 0 0
149 0 0 0
150 0 0 0
151 0 0 0
152 0 0 0
153 0 0 0
154 0 0 0
155 0 0 0
156 0 0 0
157 0 0 0
158 0 0 0
159 0 0 0
160 0 0 0
161 0 0 0
162 0 0 0
163 0 0 0
164 0 0 0
165 0 0 0
166 0 0 0
167 0 0 0
168 0 0 0
169 0 0 0
170 0 0 0
171 0 0 0
172 0 0 0
173 0 0 0
174 0 0 0
175 0 0 0
176 0 0 0
177 0 0 0
178 0 0 0
179 0 0 0
180 0 0 0
181 0 0 0
182 0 0 0
183 0 0 0
184 0 0 0
185 0 0 0
186 0 0 0
187 0 0 0
188 0 0 0
189 0 0 0
190 0 0 0
191 0 0 0
192 0 0 0
193 0 0 0
194 0 0 0
195 0 0 0
196 0 0 0
197 0 0 0
198 0 0 0
199 0 0 0
200 0 0 0
201 0 0 0
202 0 0 0
203 0 0 0
204 0 0 0
205 0 0 0
206 0 0 0
207 0 0 0
208 0 0 0
209 0 0 0
210 0 0 0
211 0 0 0
212 0 0 0
213 0 0 0
214 0 0 0
215 0 0 0
216 0 0 0
217 0 0 0
218 0 0 0
219 0 0 0
220 0 0 0
221 0 0 0
222 0 0 0
223 0 0 0
224 0 0 0
225 0 0 0
226 0 0 0
227 0 0 0
228 0 0 0
229 0 0 0
230 0 0 0
231 0 0 0
232 0 0 0
233 0 0 0
234 0 0 0
235 0 0 0
236 0 0 0
237 0 0 0
238 0 0 0
239 0 0 0
240 0 0 0
241 0 0 0
242 0 0 0
243 0 0 0
244 0 0 0
245 0 0 0
246 0 0 0
247 0 0 0
248 0 0 0
249 0 0 0
250 0 0 0
251 0 0 0
252 0 0 0
253 0 0 0
254 0 0 0
255 0 0 0
256 0 0 0
257 0 0 0
258 0 0 0
259 0 0 0
260 0 0 0
261 0 0 0
262 0 0 0
263 0 0 0
264 0 0 0
265 0 0 0
266 0 0 0
267 0 0 0
268 0 0 0
269 0 0 0
270 0 0 0
271 0 0 0
272 0 0 0
273 0 0 0
274 0 0 0
275 0 0 0
276 0 0 0
277 0 0 0
278 0 0 0
279 0 0 0
280 0 0 0
281 0 0 0
282 0 0 0
283 0 0 0
284 0 0 0
285 0 0 0
286 0 0 0
287 0 0 0
288 0 0 0
289 0 0 0
290 0 0 0
291 0 0 0
292 0 0 0
293 0 0 0
294 0 0 0
295 0 0 0
296 0 0 0
297 0 0 0
298 0 0 0
299 0 0 0
300 0 0 0
