0 1 0 168
1 1 0 168
2 1 1 167
3 1 3 165
4 1 4 164
5 1 4 164
6 2 3 164
7 3 3 163
8 3 3 163
9 4 2 163
10 5 1 163
11 5 2 162
12 5 3 161
13 5 4 160
14 6 4 159
15 6 5 158
16 6 7 156
17 6 9 154
18 6 10 153
19 8 9 152
20 8 11 150
21 8 11 150
22 8 11 150
23 8 12 149
24 9 12 148
25 9 14 146
26 9 15 145
27 10 15 144
28 10 16 143
29 10 21 138
30 12 24 133
31 13 24 132
32 14 29 126
33 14 32 123
34 16 32 121
35 17 37 115
36 20 37 112
37 23 36 110
38 26 35 108
39 26 41 102
40 26 45 98
41 28 45 96
42 29 46 94
43 31 47 91
44 34 47 88
45 38 44 87
46 40 42 87
47 40 44 85
48 41 45 83
49 43 46 80
50 44 48 77
51 45 47 77
52 45 49 75
53 46 49 74
54 47 50 72
55 47 51 71
56 49 50 70
57 53 47 69
58 59 41 69
59 60 45 64
60 60 45 64
61 63 46 60
62 68 42 59
63 71 41 57
64 73 42 54
65 77 41 51
66 79 40 50
67 81 42 46
68 82 41 46
69 82 43 44
70 85 41 43
71 86 42 41
72 88 41 40
73 93 39 37
74 97 38 34
75 100 37 32
76 101 37 31
77 107 34 28
78 108 35 26
79 108 35 26
80 112 33 24
81 112 34 23
82 115 33 21
83 118 34 17
84 121 33 15
85 121 35 13
86 124 32 13
87 127 29 13
88 130 26 13
89 131 28 10
90 131 28 10
91 133 28 8
92 135 27 7
93 138 24 7
94 143 21 5
95 147 17 5
96 149 18 2
97 151 16 2
98 153 14 2
99 155 12 2
100 159 8 2
101 162 6 1
102 163 5 1
103 163 5 1
104 165 3 1
105 166 3 0
106 167 2 0
107 167 2 0
108 168 1 0
109 0 168 1
110 0 169 0
111 0 169 0
112 0 169 0
113 0 169 0
114 0 169 0
115 0 0 169
116 0 0 169
117 0 0 169
118 0 0 169
119 0 0 169
120 0 0 169
121 0 0 169
122 0 0 169
123 0 0 169
124 0 0 169
125 0 0 169
126 0 0 169
127 0 0 169
128 0 0 169
129 0 0 169
130 0 0 169
131 0 0 169
132 0 0 169
133 0 0 169
134 0 0 169
135 0 0 169
136 0 0 169
137 0 0 169
138 0 0 169
139 0 0 169
140 0 0 169
141 0 0 169
142 0 0 169
143 0 0 169
144 0 0 169
145 0 0 169
146 0 0 169
147 0 0 169
148 0 0 169
149 0 0 169
150 0 0 169
151 0 0 169
152 0 0 169
153 0 0 169
154 0 0 169
155 0 0 169
156 0 0 169
157 0 0 169
158 0 0 169
159 0 0 169
160 0 0 169
161 0 0 169
162 0 0 169
163 0 0 169
164 0 0 169
165 0 0 169
166 0 0 169
167 0 0 169
168 0 0 169
169 0 0 169
170 0 0 169
171 0 0 169
172 0 0 169
173 0 0 169
174 0 0 169
175 0 0 169
176 0 0 169
177 0 0 169
178 0 0 169
179 0 0 169
180 0 0 169
181 0 0 169
182 0 0 169
183 0 0 169
184 0 0 169
185 0 0 169
186 0 0 169
187 0 0 169
188 0 0 169
189 0 0 169
190 0 0 169
191 0 0 169
192 0 0 169
193 0 0 169
194 0 0 169
195 0 0 169
196 0 0 169
197 0 0 169
198 0 0 169
199 0 0 169
200 0 0 169
201 0 0 169
202 0 0 169
203 0 0 169
204 0 0 169
205 0 0 169
206 0 0 169
207 0 0 169
208 0 0 169
209 0 0 169
210 0 0 169
211 0 0 169
212 0 0 169
213 0 0 169
214 0 0 169
215 0 0 169
216 0 0 169
217 0 0 169
218 0 0 169
219 0 0 169
220 0 0 169
221 0 0 169
222 0 0 169
223 0 0 169
224 0 0 169
225 0 0 169
226 0 0 169
227 0 0 169
228 0 0 169
229 0 0 169
230 0 0 169
231 0 0 169
232 0 0 169
233 0 0 169
234 0 0 169
235 0 0 169
236 0 0 169
237 0 0 169
238 0 0 169
239 0 0 169
240 0 0 169
241 0 0 169
242 0 0 169
243 0 0 169
244 0 0 169
245 0 0 169
246 0 0 169
247 0 0 169
248 0 0 169
249 0 0 169
250 0 0 169
251 0 0 169
252 0 0 169
253 0 0 169
254 0 0 169
255 0 0 169
256 0 0 169
257 0 0 169
258 0 0 169
259 0 0 169
260 0 0 169
261 0 0 169
262 0 0 169
263 0 0 169
264 0 0 169
265 0 0 169
266 0 0 169
267 0 0 169
268 0 0 169
269 0 0 169
270 0 0 169
271 0 0 169
272 0 0 169
273 0 0 169
274 0 0 169
275 0 0 169
276 0 0 169
277 0 0 169
278 0 0 169
279 0 0 169
280 0 0 169
281 0 0 169
282 0 0 169
283 0 0 169
284 0 0 169
285 0 0 169
286 0 0 169
287 0 0 169
288 0 0 169
289 0 0 169
290 0 0 169
291 0 0 169
292 0 0 169
293 0 0 169
294 0 0 169
295 0 0 169
296 0 0 169
297 0 0 169
298 0 0 169
299 0 0 169
300 0 0 169
