0 1 0 675
1 2 2 672
2 2 3 671
3 3 2 671
4 4 1 671
5 4 2 670
6 5 4 667
7 5 7 664
8 8 6 662
9 10 8 658
10 11 10 655
11 14 10 652
12 17 12 647
13 19 11 646
14 23 8 645
15 26 14 636
16 27 15 634
17 28 18 630
18 31 17 628
19 34 18 624
20 39 18 619
21 42 24 610
22 48 25 603
23 53 26 597
24 58 29 589
25 64 30 582
26 70 30 576
27 77 30 569
28 79 36 561
29 84 42 550
30 90 47 539
31 100 49 527
32 105 56 515
33 110 60 506
34 123 55 498
35 132 56 488
36 142 58 476
37 150 57 469
38 159 58 459
39 167 64 445
40 175 71 430
41 184 77 415
42 194 80 402
43 207 76 393
44 219 89 368
45 230 89 357
46 238 89 349
47 254 87 335
48 271 78 327
49 282 73 321
50 300 67 309
51 311 66 299
52 322 65 289
53 332 70 274
54 341 75 260
55 352 75 249
56 366 70 240
57 374 68 234
58 388 63 225
59 401 62 213
60 414 63 199
61 421 62 193
62 431 59 186
63 438 69 169
64 452 66 158
65 467 62 147
66 475 59 142
67 482 61 133
68 493 55 128
69 502 52 122
70 514 46 116
71 526 42 108
72 534 41 101
73 541 39 96
74 547 35 94
75 556 29 91
76 564 25 87
77 567 27 82
78 575 20 81
79 578 24 74
80 585 21 70
81 590 20 66
82 595 15 66
83 596 14 66
84 600 11 65
85 604 10 62
86 606 8 62
87 609 7 60
88 610 6 60
89 610 7 59
90 611 8 57
91 611 8 57
92 611 8 57
93 611 10 55
94 611 10 55
95 613 8 55
96 615 6 55
97 614 7 55
98 614 7 55
99 618 3 55
100 620 1 55
101 619 2 55
102 620 1 55
103 620 1 55
104 620 1 55
105 621 0 55
106 621 0 55
107 619 2 55
108 618 3 55
109 620 1 55
110 619 2 55
111 619 2 55
112 613 8 55
113 614 7 55
114 617 4 55
115 618 3 55
116 612 9 55
117 0 621 55
118 0 621 55
119 0 619 57
120 0 617 59
121 0 0 676
122 0 0 676
123 0 0 676
124 0 0 676
125 0 0 676
126 0 0 676
127 0 0 676
128 0 0 676
129 0 0 676
130 0 0 676
131 0 0 676
132 0 0 676
133 0 0 676
134 0 0 676
135 0 0 676
136 0 0 676
137 0 0 676
138 0 0 676
139 0 0 676
140 0 0 676
141 0 0 676
142 0 0 676
143 0 0 676
144 0 0 676
145 0 0 676
146 0 0 676
147 0 0 676
148 0 0 676
149 0 0 676
150 0 0 676
151 0 0 676
152 0 0 676
153 0 0 676
154 0 0 676
155 0 0 676
156 0 0 676
157 0 0 676
158 0 0 676
159 0 0 676
160 0 0 676
161 0 0 676
162 0 0 676
163 0 0 676
164 0 0 676
165 0 0 676
166 0 0 676
167 0 0 676
168 0 0 676
169 0 0 676
170 0 0 676
171 0 0 676
172 0 0 676
173 0 0 676
174 0 0 676
175 0 0 676
176 0 0 676
177 0 0 676
178 0 0 676
179 0 0 676
180 0 0 676
181 0 0 676
182 0 0 676
183 0 0 676
184 0 0 676
185 0 0 676
186 0 0 676
187 0 0 676
188 0 0 676
189 0 0 676
190 0 0 676
191 0 0 676
192 0 0 676
193 0 0 676
194 0 0 676
195 0 0 676
196 0 0 676
197 0 0 676
198 0 0 676
199 0 0 676
200 0 0 676
201 0 0 676
202 0 0 676
203 0 0 676
204 0 0 676
205 0 0 676
206 0 0 676
207 0 0 676
208 0 0 676
209 0 0 676
210 0 0 676
211 0 0 676
212 0 0 676
213 0 0 676
214 0 0 676
215 0 0 676
216 0 0 676
217 0 0 676
218 0 0 676
219 0 0 676
220 0 0 676
221 0 0 676
222 0 0 676
223 0 0 676
224 0 0 676
225 0 0 676
226 0 0 676
227 0 0 676
228 0 0 676
229 0 0 676
230 0 0 676
231 0 0 676
232 0 0 676
233 0 0 676
234 0 0 676
235 0 0 676
236 0 0 676
237 0 0 676
238 0 0 676
239 0 0 676
240 0 0 676
241 0 0 676
242 0 0 676
243 0 0 676
244 0 0 676
245 0 0 676
246 0 0 676
247 0 0 676
248 0 0 676
249 0 0 676
250 0 0 676
251 0 0 676
252 0 0 676
253 0 0 676
254 0 0 676
255 0 0 676
256 0 0 676
257 0 0 676
258 0 0 676
259 0 0 676
260 0 0 676
261 0 0 676
262 0 0 676
263 0 0 676
264 0 0 676
265 0 0 676
266 0 0 676
267 0 0 676
268 0 0 676
269 0 0 676
270 0 0 676
271 0 0 676
272 0 0 676
273 0 0 676
274 0 0 676
275 0 0 676
276 0 0 676
277 0 0 676
278 0 0 676
279 0 0 676
280 0 0 676
281 0 0 676
282 0 0 676
283 0 0 676
284 0 0 676
285 0 0 676
286 0 0 676
287 0 0 676
288 0 0 676
289 0 0 676
290 0 0 676
291 0 0 676
292 0 0 676
293 0 0 676
294 0 0 676
295 0 0 676
296 0 0 676
297 0 0 676
298 0 0 676
299 0 0 676
300 0 0 676
