0 1 0 675
1 3 1 672
2 3 1 672
3 3 2 671
4 4 2 670
5 4 3 669
6 4 4 668
7 4 4 668
8 5 5 666
9 6 9 661
10 8 9 659
11 9 12 655
12 11 10 655
13 13 14 649
14 17 16 643
15 21 16 639
16 22 20 634
17 24 22 630
18 27 22 627
19 33 19 624
20 38 20 618
21 43 22 611
22 49 24 603
23 54 22 600
24 58 21 597
25 63 21 592
26 67 22 587
27 71 26 579
28 74 28 574
29 79 34 563
30 84 33 559
31 90 39 547
32 99 36 541
33 107 36 533
34 113 43 520
35 118 45 513
36 125 48 503
37 132 45 499
38 142 46 488
39 154 45 477
40 160 51 465
41 171 50 455
42 180 53 443
43 189 54 433
44 196 56 424
45 206 61 409
46 216 63 397
47 226 64 386
48 244 57 375
49 253 59 364
50 266 59 351
51 277 59 340
52 289 63 324
53 301 59 316
54 314 61 301
55 327 60 289
56 342 60 274
57 351 64 261
58 366 60 250
59 380 60 236
60 389 66 221
61 401 63 212
62 410 69 197
63 418 82 176
64 427 80 169
65 440 72 164
66 455 64 157
67 468 65 143
68 479 66 131
69 493 64 119
70 505 63 108
71 519 56 101
72 532 49 95
73 542 46 88
74 547 44 85
75 559 36 81
76 565 30 81
77 570 31 75
78 576 32 68
79 583 27 66
80 590 21 65
81 590 24 62
82 598 17 61
83 599 18 59
84 602 16 58
85 607 11 58
86 609 9 58
87 612 8 56
88 613 7 56
89 615 5 56
90 615 6 55
91 616 5 55
92 617 4 55
93 617 4 55
94 617 4 55
95 620 1 55
96 620 1 55
97 620 1 55
98 621 0 55
99 619 2 55
100 619 2 55
101 618 3 55
102 616 4 56
103 618 2 56
104 619 2 55
105 619 2 55
106 617 4 55
107 617 4 55
108 620 1 55
109 620 1 55
110 607 14 55
111 611 10 55
112 613 8 55
113 615 6 55
114 617 4 55
115 618 3 55
116 0 619 57
117 0 621 55
118 0 621 55
119 0 0 676
120 0 0 676
121 0 0 676
122 0 0 676
123 0 0 676
124 0 0 676
125 0 0 676
126 0 0 676
127 0 0 676
128 0 0 676
129 0 0 676
130 0 0 676
131 0 0 676
132 0 0 676
133 0 0 676
134 0 0 676
135 0 0 676
136 0 0 676
137 0 0 676
138 0 0 676
139 0 0 676
140 0 0 676
141 0 0 676
142 0 0 676
143 0 0 676
144 0 0 676
145 0 0 676
146 0 0 676
147 0 0 676
148 0 0 676
149 0 0 676
150 0 0 676
151 0 0 676
152 0 0 676
153 0 0 676
154 0 0 676
155 0 0 676
156 0 0 676
157 0 0 676
158 0 0 676
159 0 0 676
160 0 0 676
161 0 0 676
162 0 0 676
163 0 0 676
164 0 0 676
165 0 0 676
166 0 0 676
167 0 0 676
168 0 0 676
169 0 0 676
170 0 0 676
171 0 0 676
172 0 0 676
173 0 0 676
174 0 0 676
175 0 0 676
176 0 0 676
177 0 0 676
178 0 0 676
179 0 0 676
180 0 0 676
181 0 0 676
182 0 0 676
183 0 0 676
184 0 0 676
185 0 0 676
186 0 0 676
187 0 0 676
188 0 0 676
189 0 0 676
190 0 0 676
191 0 0 676
192 0 0 676
193 0 0 676
194 0 0 676
195 0 0 676
196 0 0 676
197 0 0 676
198 0 0 676
199 0 0 676
200 0 0 676
201 0 0 676
202 0 0 676
203 0 0 676
204 0 0 676
205 0 0 676
206 0 0 676
207 0 0 676
208 0 0 676
209 0 0 676
210 0 0 676
211 0 0 676
212 0 0 676
213 0 0 676
214 0 0 676
215 0 0 676
216 0 0 676
217 0 0 676
218 0 0 676
219 0 0 676
220 0 0 676
221 0 0 676
222 0 0 676
223 0 0 676
224 0 0 676
225 0 0 676
226 0 0 676
227 0 0 676
228 0 0 676
229 0 0 676
230 0 0 676
231 0 0 676
232 0 0 676
233 0 0 676
234 0 0 676
235 0 0 676
236 0 0 676
237 0 0 676
238 0 0 676
239 0 0 676
240 0 0 676
241 0 0 676
242 0 0 676
243 0 0 676
244 0 0 676
245 0 0 676
246 0 0 676
247 0 0 676
248 0 0 676
249 0 0 676
250 0 0 676
251 0 0 676
252 0 0 676
253 0 0 676
254 0 0 676
255 0 0 676
256 0 0 676
257 0 0 676
258 0 0 676
259 0 0 676
260 0 0 676
261 0 0 676
262 0 0 676
263 0 0 676
264 0 0 676
265 0 0 676
266 0 0 676
267 0 0 676
268 0 0 676
269 0 0 676
270 0 0 676
271 0 0 676
272 0 0 676
273 0 0 676
274 0 0 676
275 0 0 676
276 0 0 676
277 0 0 676
278 0 0 676
279 0 0 676
280 0 0 676
281 0 0 676
282 0 0 676
283 0 0 676
284 0 0 676
285 0 0 676
286 0 0 676
287 0 0 676
288 0 0 676
289 0 0 676
290 0 0 676
291 0 0 676
292 0 0 676
293 0 0 676
294 0 0 676
295 0 0 676
296 0 0 676
297 0 0 676
298 0 0 676
299 0 0 676
300 0 0 676
