0 1 0 675
1 4 4 668
2 4 10 662
3 5 12 659
4 6 14 656
5 7 15 654
6 8 19 649
7 8 19 649
8 10 23 643
9 15 22 639
10 17 25 634
11 21 28 627
12 21 33 622
13 27 33 616
14 33 28 615
15 37 28 611
16 42 30 604
17 46 31 599
18 49 33 594
19 52 37 587
20 58 39 579
21 65 37 574
22 73 40 563
23 76 44 556
24 79 51 546
25 84 57 535
26 89 65 522
27 97 64 515
28 102 72 502
29 113 65 498
30 117 74 485
31 129 72 475
32 135 79 462
33 143 82 451
34 156 79 441
35 163 92 421
36 173 87 416
37 177 95 404
38 188 97 391
39 199 95 382
40 211 94 371
41 221 93 362
42 233 91 352
43 243 96 337
44 252 104 320
45 267 106 303
46 279 103 294
47 290 108 278
48 301 111 264
49 312 113 251
50 325 115 236
51 336 113 227
52 352 111 213
53 360 114 202
54 375 111 190
55 387 113 176
56 402 109 165
57 415 111 150
58 426 112 138
59 440 110 126
60 455 105 116
61 464 103 109
62 479 96 101
63 500 79 97
64 507 80 89
65 512 84 80
66 519 79 78
67 533 69 74
68 545 61 70
69 557 55 64
70 568 47 61
71 575 40 61
72 581 36 59
73 588 30 58
74 591 28 57
75 595 24 57
76 595 25 56
77 601 20 55
78 608 13 55
79 610 11 55
80 611 10 55
81 614 7 55
82 615 6 55
83 617 4 55
84 618 3 55
85 618 3 55
86 618 3 55
87 620 1 55
88 620 1 55
89 620 1 55
90 621 0 55
91 621 0 55
92 621 0 55
93 621 0 55
94 621 0 55
95 621 0 55
96 621 0 55
97 621 0 55
98 621 0 55
99 621 0 55
100 621 0 55
101 621 0 55
102 620 1 55
103 620 1 55
104 621 0 55
105 621 0 55
106 621 0 55
107 621 0 55
108 621 0 55
109 621 0 55
110 621 0 55
111 621 0 55
112 621 0 55
113 621 0 55
114 621 0 55
115 621 0 55
116 619 2 55
117 621 0 55
118 621 0 55
119 0 621 55
120 0 621 55
121 0 621 55
122 0 621 55
123 0 621 55
124 0 621 55
125 0 621 55
126 0 0 676
127 0 0 676
128 0 0 676
129 0 0 676
130 0 0 676
131 0 0 676
132 0 0 676
133 0 0 676
134 0 0 676
135 0 0 676
136 0 0 676
137 0 0 676
138 0 0 676
139 0 0 676
140 0 0 676
141 0 0 676
142 0 0 676
143 0 0 676
144 0 0 676
145 0 0 676
146 0 0 676
147 0 0 676
148 0 0 676
149 0 0 676
150 0 0 676
151 0 0 676
152 0 0 676
153 0 0 676
154 0 0 676
155 0 0 676
156 0 0 676
157 0 0 676
158 0 0 676
159 0 0 676
160 0 0 676
161 0 0 676
162 0 0 676
163 0 0 676
164 0 0 676
165 0 0 676
166 0 0 676
167 0 0 676
168 0 0 676
169 0 0 676
170 0 0 676
171 0 0 676
172 0 0 676
173 0 0 676
174 0 0 676
175 0 0 676
176 0 0 676
177 0 0 676
178 0 0 676
179 0 0 676
180 0 0 676
181 0 0 676
182 0 0 676
183 0 0 676
184 0 0 676
185 0 0 676
186 0 0 676
187 0 0 676
188 0 0 676
189 0 0 676
190 0 0 676
191 0 0 676
192 0 0 676
193 0 0 676
194 0 0 676
195 0 0 676
196 0 0 676
197 0 0 676
198 0 0 676
199 0 0 676
200 0 0 676
201 0 0 676
202 0 0 676
203 0 0 676
204 0 0 676
205 0 0 676
206 0 0 676
207 0 0 676
208 0 0 676
209 0 0 676
210 0 0 676
211 0 0 676
212 0 0 676
213 0 0 676
214 0 0 676
215 0 0 676
216 0 0 676
217 0 0 676
218 0 0 676
219 0 0 676
220 0 0 676
221 0 0 676
222 0 0 676
223 0 0 676
224 0 0 676
225 0 0 676
226 0 0 676
227 0 0 676
228 0 0 676
229 0 0 676
230 0 0 676
231 0 0 676
232 0 0 676
233 0 0 676
234 0 0 676
235 0 0 676
236 0 0 676
237 0 0 676
238 0 0 676
239 0 0 676
240 0 0 676
241 0 0 676
242 0 0 676
243 0 0 676
244 0 0 676
245 0 0 676
246 0 0 676
247 0 0 676
248 0 0 676
249 0 0 676
250 0 0 676
251 0 0 676
252 0 0 676
253 0 0 676
254 0 0 676
255 0 0 676
256 0 0 676
257 0 0 676
258 0 0 676
259 0 0 676
260 0 0 676
261 0 0 676
262 0 0 676
263 0 0 676
264 0 0 676
265 0 0 676
266 0 0 676
267 0 0 676
268 0 0 676
269 0 0 676
270 0 0 676
271 0 0 676
272 0 0 676
273 0 0 676
274 0 0 676
275 0 0 676
276 0 0 676
277 0 0 676
278 0 0 676
279 0 0 676
280 0 0 676
281 0 0 676
282 0 0 676
283 0 0 676
284 0 0 676
285 0 0 676
286 0 0 676
287 0 0 676
288 0 0 676
289 0 0 676
290 0 0 676
291 0 0 676
292 0 0 676
293 0 0 676
294 0 0 676
295 0 0 676
296 0 0 676
297 0 0 676
298 0 0 676
299 0 0 676
300 0 0 676
