0 1 0 675
1 1 3 672
2 1 3 672
3 1 3 672
4 1 3 672
5 1 3 672
6 1 3 672
7 2 4 670
8 2 6 668
9 3 7 666
10 4 7 665
11 4 9 663
12 5 12 659
13 7 13 656
14 8 15 653
15 9 17 650
16 10 20 646
17 11 24 641
18 15 25 636
19 16 29 631
20 17 32 627
21 20 31 625
22 25 32 619
23 26 38 612
24 31 38 607
25 35 37 604
26 37 40 599
27 45 37 594
28 47 39 590
29 51 41 584
30 56 46 574
31 60 47 569
32 61 52 563
33 65 51 560
34 68 61 547
35 74 63 539
36 79 69 528
37 90 69 517
38 97 69 510
39 103 71 502
40 110 75 491
41 115 79 482
42 126 79 471
43 131 88 457
44 140 87 449
45 152 81 443
46 162 84 430
47 164 98 414
48 174 97 405
49 187 97 392
50 197 94 385
51 203 104 369
52 215 109 352
53 225 103 348
54 235 101 340
55 243 107 326
56 258 109 309
57 264 119 293
58 278 114 284
59 293 114 269
60 301 119 256
61 311 116 249
62 324 118 234
63 333 124 219
64 345 121 210
65 361 117 198
66 373 116 187
67 381 119 176
68 392 118 166
69 405 118 153
70 416 118 142
71 426 117 133
72 437 114 125
73 449 113 114
74 461 110 105
75 475 103 98
76 486 98 92
77 495 93 88
78 508 85 83
79 519 77 80
80 528 72 76
81 534 70 72
82 542 65 69
83 545 64 67
84 553 58 65
85 559 56 61
86 567 49 60
87 572 45 59
88 576 41 59
89 583 36 57
90 587 33 56
91 590 30 56
92 593 27 56
93 595 25 56
94 599 21 56
95 603 17 56
96 609 12 55
97 611 10 55
98 614 7 55
99 609 12 55
100 613 8 55
101 607 12 57
102 585 34 57
103 589 31 56
104 592 28 56
105 596 24 56
106 0 620 56
107 0 621 55
108 0 621 55
109 0 621 55
110 0 619 57
111 0 619 57
112 0 620 56
113 0 621 55
114 0 621 55
115 0 621 55
116 0 0 676
117 0 0 676
118 0 0 676
119 0 0 676
120 0 0 676
121 0 0 676
122 0 0 676
123 0 0 676
124 0 0 676
125 0 0 676
126 0 0 676
127 0 0 676
128 0 0 676
129 0 0 676
130 0 0 676
131 0 0 676
132 0 0 676
133 0 0 676
134 0 0 676
135 0 0 676
136 0 0 676
137 0 0 676
138 0 0 676
139 0 0 676
140 0 0 676
141 0 0 676
142 0 0 676
143 0 0 676
144 0 0 676
145 0 0 676
146 0 0 676
147 0 0 676
148 0 0 676
149 0 0 676
150 0 0 676
151 0 0 676
152 0 0 676
153 0 0 676
154 0 0 676
155 0 0 676
156 0 0 676
157 0 0 676
158 0 0 676
159 0 0 676
160 0 0 676
161 0 0 676
162 0 0 676
163 0 0 676
164 0 0 676
165 0 0 676
166 0 0 676
167 0 0 676
168 0 0 676
169 0 0 676
170 0 0 676
171 0 0 676
172 0 0 676
173 0 0 676
174 0 0 676
175 0 0 676
176 0 0 676
177 0 0 676
178 0 0 676
179 0 0 676
180 0 0 676
181 0 0 676
182 0 0 676
183 0 0 676
184 0 0 676
185 0 0 676
186 0 0 676
187 0 0 676
188 0 0 676
189 0 0 676
190 0 0 676
191 0 0 676
192 0 0 676
193 0 0 676
194 0 0 676
195 0 0 676
196 0 0 676
197 0 0 676
198 0 0 676
199 0 0 676
200 0 0 676
201 0 0 676
202 0 0 676
203 0 0 676
204 0 0 676
205 0 0 676
206 0 0 676
207 0 0 676
208 0 0 676
209 0 0 676
210 0 0 676
211 0 0 676
212 0 0 676
213 0 0 676
214 0 0 676
215 0 0 676
216 0 0 676
217 0 0 676
218 0 0 676
219 0 0 676
220 0 0 676
221 0 0 676
222 0 0 676
223 0 0 676
224 0 0 676
225 0 0 676
226 0 0 676
227 0 0 676
228 0 0 676
229 0 0 676
230 0 0 676
231 0 0 676
232 0 0 676
233 0 0 676
234 0 0 676
235 0 0 676
236 0 0 676
237 0 0 676
238 0 0 676
239 0 0 676
240 0 0 676
241 0 0 676
242 0 0 676
243 0 0 676
244 0 0 676
245 0 0 676
246 0 0 676
247 0 0 676
248 0 0 676
249 0 0 676
250 0 0 676
251 0 0 676
252 0 0 676
253 0 0 676
254 0 0 676
255 0 0 676
256 0 0 676
257 0 0 676
258 0 0 676
259 0 0 676
260 0 0 676
261 0 0 676
262 0 0 676
263 0 0 676
264 0 0 676
265 0 0 676
266 0 0 676
267 0 0 676
268 0 0 676
269 0 0 676
270 0 0 676
271 0 0 676
272 0 0 676
273 0 0 676
274 0 0 676
275 0 0 676
276 0 0 676
277 0 0 676
278 0 0 676
279 0 0 676
280 0 0 676
281 0 0 676
282 0 0 676
283 0 0 676
284 0 0 676
285 0 0 676
286 0 0 676
287 0 0 676
288 0 0 676
289 0 0 676
290 0 0 676
291 0 0 676
292 0 0 676
293 0 0 676
294 0 0 676
295 0 0 676
296 0 0 676
297 0 0 676
298 0 0 676
299 0 0 676
300 0 0 676
