0 0.0014792899408284023 0.0 0.9985207100591716
1 0.0014792899408284023 0.0 0.9985207100591716
2 0.0014792899408284023 0.0 0.9985207100591716
3 0.0014792899408284023 0.0 0.9985207100591716
4 0.0014792899408284023 0.0 0.9985207100591716
5 0.0014792899408284023 0.0 0.9985207100591716
6 0.0014792899408284023 0.0 0.9985207100591716
7 0.0014792899408284023 0.0 0.9985207100591716
8 0.0014792899408284023 0.004437869822485207 0.9940828402366864
9 0.0014792899408284023 0.004437869822485207 0.9940828402366864
10 0.004437869822485207 0.0014792899408284023 0.9940828402366864
11 0.005917159763313609 0.0014792899408284023 0.992603550295858
12 0.005917159763313609 0.004437869822485207 0.9896449704142012
13 0.0073964497041420114 0.0029585798816568047 0.9896449704142012
14 0.008875739644970414 0.0014792899408284023 0.9896449704142012
15 0.008875739644970414 0.005917159763313609 0.985207100591716
16 0.010355029585798817 0.0073964497041420114 0.9822485207100592
17 0.011834319526627219 0.008875739644970414 0.9792899408284024
18 0.014792899408284023 0.010355029585798817 0.9748520710059172
19 0.01775147928994083 0.008875739644970414 0.9733727810650887
20 0.023668639053254437 0.005917159763313609 0.9704142011834319
21 0.028106508875739646 0.004437869822485207 0.9674556213017751
22 0.029585798816568046 0.010355029585798817 0.9600591715976331
23 0.034023668639053255 0.010355029585798817 0.9556213017751479
24 0.03550295857988166 0.016272189349112426 0.9482248520710059
25 0.03994082840236687 0.013313609467455622 0.9467455621301775
26 0.047337278106508875 0.014792899408284023 0.9378698224852071
27 0.051775147928994084 0.014792899408284023 0.9334319526627219
28 0.05917159763313609 0.013313609467455622 0.9275147928994083
29 0.0650887573964497 0.013313609467455622 0.9215976331360947
30 0.0695266272189349 0.01775147928994083 0.9127218934911243
31 0.07100591715976332 0.022189349112426034 0.9068047337278107
32 0.07988165680473373 0.022189349112426034 0.8979289940828402
33 0.09171597633136094 0.016272189349112426 0.8920118343195266
34 0.09615384615384616 0.022189349112426034 0.8816568047337278
35 0.10355029585798817 0.02514792899408284 0.871301775147929
36 0.10946745562130178 0.026627218934911243 0.863905325443787
37 0.11538461538461539 0.028106508875739646 0.856508875739645
38 0.1301775147928994 0.029585798816568046 0.8402366863905325
39 0.14053254437869822 0.028106508875739646 0.8313609467455622
40 0.14940828402366865 0.03698224852071006 0.8136094674556213
41 0.16124260355029585 0.03698224852071006 0.8017751479289941
42 0.17011834319526628 0.038461538461538464 0.7914201183431953
43 0.1849112426035503 0.03698224852071006 0.7781065088757396
44 0.1997041420118343 0.034023668639053255 0.7662721893491125
45 0.21005917159763313 0.034023668639053255 0.7559171597633136
46 0.22337278106508876 0.03698224852071006 0.7396449704142012
47 0.23372781065088757 0.03994082840236687 0.7263313609467456
48 0.2470414201183432 0.047337278106508875 0.7056213017751479
49 0.2588757396449704 0.04585798816568047 0.6952662721893491
50 0.27366863905325445 0.04881656804733728 0.6775147928994083
51 0.2943786982248521 0.04437869822485207 0.6612426035502958
52 0.3032544378698225 0.04585798816568047 0.650887573964497
53 0.3136094674556213 0.051775147928994084 0.6346153846153846
54 0.33136094674556216 0.04881656804733728 0.6198224852071006
55 0.34467455621301774 0.051775147928994084 0.6035502958579881
56 0.3624260355029586 0.05473372781065089 0.5828402366863905
57 0.3875739644970414 0.05029585798816568 0.5621301775147929
58 0.40088757396449703 0.05621301775147929 0.5428994082840237
59 0.41420118343195267 0.05917159763313609 0.5266272189349113
60 0.4363905325443787 0.057692307692307696 0.5059171597633136
61 0.4511834319526627 0.06360946745562131 0.48520710059171596
62 0.4718934911242604 0.0621301775147929 0.46597633136094674
63 0.4940828402366864 0.05917159763313609 0.4467455621301775
64 0.5118343195266272 0.057692307692307696 0.43047337278106507
65 0.5281065088757396 0.05325443786982249 0.41863905325443784
66 0.5443786982248521 0.05917159763313609 0.39644970414201186
67 0.5636094674556213 0.05621301775147929 0.3801775147928994
68 0.5769230769230769 0.057692307692307696 0.36538461538461536
69 0.5872781065088757 0.05917159763313609 0.35355029585798814
70 0.6153846153846154 0.04881656804733728 0.33579881656804733
71 0.6227810650887574 0.05473372781065089 0.3224852071005917
72 0.6331360946745562 0.05917159763313609 0.3076923076923077
73 0.6553254437869822 0.05917159763313609 0.28550295857988167
74 0.6671597633136095 0.057692307692307696 0.27514792899408286
75 0.6863905325443787 0.047337278106508875 0.26627218934911245
76 0.7011834319526628 0.05325443786982249 0.2455621301775148
77 0.7189349112426036 0.05029585798816568 0.23076923076923078
78 0.727810650887574 0.05473372781065089 0.21745562130177515
79 0.7470414201183432 0.05029585798816568 0.20266272189349113
80 0.7559171597633136 0.05917159763313609 0.1849112426035503
81 0.7707100591715976 0.051775147928994084 0.17751479289940827
82 0.7869822485207101 0.05029585798816568 0.16272189349112426
83 0.8002958579881657 0.04437869822485207 0.15532544378698224
84 0.8165680473372781 0.03550295857988166 0.14792899408284024
85 0.8224852071005917 0.038461538461538464 0.1390532544378698
86 0.834319526627219 0.03106508875739645 0.1346153846153846
87 0.8476331360946746 0.023668639053254437 0.128698224852071
88 0.856508875739645 0.022189349112426034 0.12130177514792899
89 0.856508875739645 0.026627218934911243 0.11686390532544379
90 0.863905325443787 0.023668639053254437 0.11242603550295859
91 0.8727810650887574 0.019230769230769232 0.10798816568047337
92 0.8772189349112426 0.020710059171597635 0.10207100591715976
93 0.878698224852071 0.019230769230769232 0.10207100591715976
94 0.878698224852071 0.019230769230769232 0.10207100591715976
95 0.878698224852071 0.01775147928994083 0.10355029585798817
96 0.8757396449704142 0.019230769230769232 0.10502958579881656
97 0.8772189349112426 0.019230769230769232 0.10355029585798817
98 0.856508875739645 0.03994082840236687 0.10355029585798817
99 0.8594674556213018 0.03698224852071006 0.10355029585798817
100 0.7514792899408284 0.128698224852071 0.11982248520710059
101 0.6967455621301775 0.1849112426035503 0.11834319526627218
102 0.0 0.8698224852071006 0.1301775147928994
103 0.0 0.8254437869822485 0.17455621301775148
104 0.0 0.0 1.0
105 0.0 0.0 1.0
106 0.0 0.0 1.0
107 0.0 0.0 1.0
108 0.0 0.0 1.0
109 0.0 0.0 1.0
110 0.0 0.0 1.0
111 0.0 0.0 1.0
112 0.0 0.0 1.0
113 0.0 0.0 1.0
114 0.0 0.0 1.0
115 0.0 0.0 1.0
116 0.0 0.0 1.0
117 0.0 0.0 1.0
118 0.0 0.0 1.0
119 0.0 0.0 1.0
120 0.0 0.0 1.0
121 0.0 0.0 1.0
122 0.0 0.0 1.0
123 0.0 0.0 1.0
124 0.0 0.0 1.0
125 0.0 0.0 1.0
126 0.0 0.0 1.0
127 0.0 0.0 1.0
128 0.0 0.0 1.0
129 0.0 0.0 1.0
130 0.0 0.0 1.0
131 0.0 0.0 1.0
132 0.0 0.0 1.0
133 0.0 0.0 1.0
134 0.0 0.0 1.0
135 0.0 0.0 1.0
136 0.0 0.0 1.0
137 0.0 0.0 1.0
138 0.0 0.0 1.0
139 0.0 0.0 1.0
140 0.0 0.0 1.0
141 0.0 0.0 1.0
142 0.0 0.0 1.0
143 0.0 0.0 1.0
144 0.0 0.0 1.0
145 0.0 0.0 1.0
146 0.0 0.0 1.0
147 0.0 0.0 1.0
148 0.0 0.0 1.0
149 0.0 0.0 1.0
150 0.0 0.0 1.0
151 0.0 0.0 1.0
152 0.0 0.0 1.0
153 0.0 0.0 1.0
154 0.0 0.0 1.0
155 0.0 0.0 1.0
156 0.0 0.0 1.0
157 0.0 0.0 1.0
158 0.0 0.0 1.0
159 0.0 0.0 1.0
160 0.0 0.0 1.0
161 0.0 0.0 1.0
162 0.0 0.0 1.0
163 0.0 0.0 1.0
164 0.0 0.0 1.0
165 0.0 0.0 1.0
166 0.0 0.0 1.0
167 0.0 0.0 1.0
168 0.0 0.0 1.0
169 0.0 0.0 1.0
170 0.0 0.0 1.0
171 0.0 0.0 1.0
172 0.0 0.0 1.0
173 0.0 0.0 1.0
174 0.0 0.0 1.0
175 0.0 0.0 1.0
176 0.0 0.0 1.0
177 0.0 0.0 1.0
178 0.0 0.0 1.0
179 0.0 0.0 1.0
180 0.0 0.0 1.0
181 0.0 0.0 1.0
182 0.0 0.0 1.0
183 0.0 0.0 1.0
184 0.0 0.0 1.0
185 0.0 0.0 1.0
186 0.0 0.0 1.0
187 0.0 0.0 1.0
188 0.0 0.0 1.0
189 0.0 0.0 1.0
190 0.0 0.0 1.0
191 0.0 0.0 1.0
192 0.0 0.0 1.0
193 0.0 0.0 1.0
194 0.0 0.0 1.0
195 0.0 0.0 1.0
196 0.0 0.0 1.0
197 0.0 0.0 1.0
198 0.0 0.0 1.0
199 0.0 0.0 1.0
200 0.0 0.0 1.0
201 0.0 0.0 1.0
202 0.0 0.0 1.0
203 0.0 0.0 1.0
204 0.0 0.0 1.0
205 0.0 0.0 1.0
206 0.0 0.0 1.0
207 0.0 0.0 1.0
208 0.0 0.0 1.0
209 0.0 0.0 1.0
210 0.0 0.0 1.0
211 0.0 0.0 1.0
212 0.0 0.0 1.0
213 0.0 0.0 1.0
214 0.0 0.0 1.0
215 0.0 0.0 1.0
216 0.0 0.0 1.0
217 0.0 0.0 1.0
218 0.0 0.0 1.0
219 0.0 0.0 1.0
220 0.0 0.0 1.0
221 0.0 0.0 1.0
222 0.0 0.0 1.0
223 0.0 0.0 1.0
224 0.0 0.0 1.0
225 0.0 0.0 1.0
226 0.0 0.0 1.0
227 0.0 0.0 1.0
228 0.0 0.0 1.0
229 0.0 0.0 1.0
230 0.0 0.0 1.0
231 0.0 0.0 1.0
232 0.0 0.0 1.0
233 0.0 0.0 1.0
234 0.0 0.0 1.0
235 0.0 0.0 1.0
236 0.0 0.0 1.0
237 0.0 0.0 1.0
238 0.0 0.0 1.0
239 0.0 0.0 1.0
240 0.0 0.0 1.0
241 0.0 0.0 1.0
242 0.0 0.0 1.0
243 0.0 0.0 1.0
244 0.0 0.0 1.0
245 0.0 0.0 1.0
246 0.0 0.0 1.0
247 0.0 0.0 1.0
248 0.0 0.0 1.0
249 0.0 0.0 1.0
250 0.0 0.0 1.0
251 0.0 0.0 1.0
252 0.0 0.0 1.0
253 0.0 0.0 1.0
254 0.0 0.0 1.0
255 0.0 0.0 1.0
256 0.0 0.0 1.0
257 0.0 0.0 1.0
258 0.0 0.0 1.0
259 0.0 0.0 1.0
260 0.0 0.0 1.0
261 0.0 0.0 1.0
262 0.0 0.0 1.0
263 0.0 0.0 1.0
264 0.0 0.0 1.0
265 0.0 0.0 1.0
266 0.0 0.0 1.0
267 0.0 0.0 1.0
268 0.0 0.0 1.0
269 0.0 0.0 1.0
270 0.0 0.0 1.0
271 0.0 0.0 1.0
272 0.0 0.0 1.0
273 0.0 0.0 1.0
274 0.0 0.0 1.0
275 0.0 0.0 1.0
276 0.0 0.0 1.0
277 0.0 0.0 1.0
278 0.0 0.0 1.0
279 0.0 0.0 1.0
280 0.0 0.0 1.0
281 0.0 0.0 1.0
282 0.0 0.0 1.0
283 0.0 0.0 1.0
284 0.0 0.0 1.0
285 0.0 0.0 1.0
286 0.0 0.0 1.0
287 0.0 0.0 1.0
288 0.0 0.0 1.0
289 0.0 0.0 1.0
290 0.0 0.0 1.0
291 0.0 0.0 1.0
292 0.0 0.0 1.0
293 0.0 0.0 1.0
294 0.0 0.0 1.0
295 0.0 0.0 1.0
296 0.0 0.0 1.0
297 0.0 0.0 1.0
298 0.0 0.0 1.0
299 0.0 0.0 1.0
300 0.0 0.0 1.0
