0 0.0014792899408284023 0.0 0.9985207100591716
1 0.0014792899408284023 0.005917159763313609 0.992603550295858
2 0.005917159763313609 0.0014792899408284023 0.992603550295858
3 0.0073964497041420114 0.0 0.992603550295858
4 0.0073964497041420114 0.0 0.992603550295858
5 0.0073964497041420114 0.0014792899408284023 0.9911242603550295
6 0.0073964497041420114 0.005917159763313609 0.9866863905325444
7 0.010355029585798817 0.004437869822485207 0.985207100591716
8 0.011834319526627219 0.005917159763313609 0.9822485207100592
9 0.016272189349112426 0.004437869822485207 0.9792899408284024
10 0.019230769230769232 0.004437869822485207 0.9763313609467456
11 0.019230769230769232 0.011834319526627219 0.9689349112426036
12 0.023668639053254437 0.010355029585798817 0.9659763313609467
13 0.028106508875739646 0.013313609467455622 0.9585798816568047
14 0.03106508875739645 0.013313609467455622 0.9556213017751479
15 0.03550295857988166 0.010355029585798817 0.9541420118343196
16 0.042899408284023666 0.008875739644970414 0.9482248520710059
17 0.04585798816568047 0.011834319526627219 0.9423076923076923
18 0.05029585798816568 0.014792899408284023 0.9349112426035503
19 0.05621301775147929 0.019230769230769232 0.9245562130177515
20 0.0650887573964497 0.016272189349112426 0.9186390532544378
21 0.07396449704142012 0.016272189349112426 0.9097633136094675
22 0.07988165680473373 0.01775147928994083 0.9023668639053254
23 0.08579881656804733 0.020710059171597635 0.893491124260355
24 0.09615384615384616 0.016272189349112426 0.8875739644970414
25 0.10355029585798817 0.023668639053254437 0.8727810650887574
26 0.10946745562130178 0.028106508875739646 0.8624260355029586
27 0.12130177514792899 0.023668639053254437 0.8550295857988166
28 0.13313609467455623 0.028106508875739646 0.8387573964497042
29 0.14053254437869822 0.029585798816568046 0.8298816568047337
30 0.14497041420118342 0.038461538461538464 0.8165680473372781
31 0.16272189349112426 0.03254437869822485 0.8047337278106509
32 0.17899408284023668 0.03254437869822485 0.7884615384615384
33 0.1849112426035503 0.03994082840236687 0.7751479289940828
34 0.1997041420118343 0.03698224852071006 0.7633136094674556
35 0.21153846153846154 0.04142011834319527 0.7470414201183432
36 0.22781065088757396 0.03698224852071006 0.735207100591716
37 0.23964497041420119 0.034023668639053255 0.7263313609467456
38 0.2588757396449704 0.034023668639053255 0.7071005917159763
39 0.26627218934911245 0.042899408284023666 0.6908284023668639
40 0.28106508875739644 0.05029585798816568 0.6686390532544378
41 0.3032544378698225 0.03994082840236687 0.6568047337278107
42 0.3150887573964497 0.042899408284023666 0.6420118343195266
43 0.3254437869822485 0.05917159763313609 0.6153846153846154
44 0.34467455621301774 0.05621301775147929 0.599112426035503
45 0.3683431952662722 0.04881656804733728 0.5828402366863905
46 0.3831360946745562 0.05473372781065089 0.5621301775147929
47 0.4068047337278107 0.05473372781065089 0.5384615384615384
48 0.42159763313609466 0.0650887573964497 0.5133136094674556
49 0.4408284023668639 0.06360946745562131 0.49556213017751477
50 0.47041420118343197 0.05029585798816568 0.47928994082840237
51 0.4807692307692308 0.05917159763313609 0.46005917159763315
52 0.4970414201183432 0.060650887573964495 0.4423076923076923
53 0.5192307692307693 0.04881656804733728 0.4319526627218935
54 0.5369822485207101 0.05473372781065089 0.40828402366863903
55 0.5502958579881657 0.06360946745562131 0.386094674556213
56 0.5739644970414202 0.051775147928994084 0.3742603550295858
57 0.591715976331361 0.05029585798816568 0.35798816568047337
58 0.6094674556213018 0.05325443786982249 0.33727810650887574
59 0.6272189349112426 0.05621301775147929 0.3165680473372781
60 0.6449704142011834 0.051775147928994084 0.3032544378698225
61 0.665680473372781 0.047337278106508875 0.2869822485207101
62 0.6775147928994083 0.051775147928994084 0.27071005917159763
63 0.6982248520710059 0.04585798816568047 0.2559171597633136
64 0.7130177514792899 0.04585798816568047 0.2411242603550296
65 0.7248520710059172 0.05325443786982249 0.22189349112426035
66 0.7411242603550295 0.05621301775147929 0.20266272189349113
67 0.7514792899408284 0.057692307692307696 0.1908284023668639
68 0.772189349112426 0.047337278106508875 0.1804733727810651
69 0.7884615384615384 0.04437869822485207 0.16715976331360946
70 0.8091715976331361 0.03106508875739645 0.15976331360946747
71 0.8165680473372781 0.03994082840236687 0.14349112426035504
72 0.8239644970414202 0.03698224852071006 0.1390532544378698
73 0.8387573964497042 0.034023668639053255 0.12721893491124261
74 0.8520710059171598 0.023668639053254437 0.1242603550295858
75 0.8594674556213018 0.01775147928994083 0.1227810650887574
76 0.8668639053254438 0.016272189349112426 0.11686390532544379
77 0.8727810650887574 0.014792899408284023 0.11242603550295859
78 0.8772189349112426 0.016272189349112426 0.10650887573964497
79 0.8801775147928994 0.019230769230769232 0.10059171597633136
80 0.886094674556213 0.016272189349112426 0.09763313609467456
81 0.8920118343195266 0.013313609467455622 0.09467455621301775
82 0.8949704142011834 0.013313609467455622 0.09171597633136094
83 0.9023668639053254 0.0073964497041420114 0.09023668639053255
84 0.9053254437869822 0.005917159763313609 0.08875739644970414
85 0.9097633136094675 0.0029585798816568047 0.08727810650887574
86 0.9112426035502958 0.004437869822485207 0.08431952662721894
87 0.9127218934911243 0.0029585798816568047 0.08431952662721894
88 0.9127218934911243 0.0029585798816568047 0.08431952662721894
89 0.9142011834319527 0.004437869822485207 0.08136094674556213
90 0.915680473372781 0.0029585798816568047 0.08136094674556213
91 0.915680473372781 0.0029585798816568047 0.08136094674556213
92 0.9171597633136095 0.0014792899408284023 0.08136094674556213
93 0.9186390532544378 0.0 0.08136094674556213
94 0.9186390532544378 0.0 0.08136094674556213
95 0.9171597633136095 0.0014792899408284023 0.08136094674556213
96 0.9186390532544378 0.0 0.08136094674556213
97 0.9186390532544378 0.0 0.08136094674556213
98 0.9186390532544378 0.0 0.08136094674556213
99 0.9186390532544378 0.0 0.08136094674556213
100 0.9186390532544378 0.0 0.08136094674556213
101 0.9186390532544378 0.0 0.08136094674556213
102 0.9186390532544378 0.0 0.08136094674556213
103 0.9186390532544378 0.0 0.08136094674556213
104 0.9186390532544378 0.0 0.08136094674556213
105 0.9171597633136095 0.0014792899408284023 0.08136094674556213
106 0.9171597633136095 0.0014792899408284023 0.08136094674556213
107 0.9171597633136095 0.0014792899408284023 0.08136094674556213
108 0.9112426035502958 0.0073964497041420114 0.08136094674556213
109 0.908284023668639 0.010355029585798817 0.08136094674556213
110 0.893491124260355 0.022189349112426034 0.08431952662721894
111 0.8846153846153846 0.03254437869822485 0.08284023668639054
112 0.0 0.9127218934911243 0.08727810650887574
113 0.0 0.908284023668639 0.09171597633136094
114 0.0 0.908284023668639 0.09171597633136094
115 0.0 0.9127218934911243 0.08727810650887574
116 0.0 0.908284023668639 0.09171597633136094
117 0.0 0.8979289940828402 0.10207100591715976
118 0.0 0.0 1.0
119 0.0 0.0 1.0
120 0.0 0.0 1.0
121 0.0 0.0 1.0
122 0.0 0.0 1.0
123 0.0 0.0 1.0
124 0.0 0.0 1.0
125 0.0 0.0 1.0
126 0.0 0.0 1.0
127 0.0 0.0 1.0
128 0.0 0.0 1.0
129 0.0 0.0 1.0
130 0.0 0.0 1.0
131 0.0 0.0 1.0
132 0.0 0.0 1.0
133 0.0 0.0 1.0
134 0.0 0.0 1.0
135 0.0 0.0 1.0
136 0.0 0.0 1.0
137 0.0 0.0 1.0
138 0.0 0.0 1.0
139 0.0 0.0 1.0
140 0.0 0.0 1.0
141 0.0 0.0 1.0
142 0.0 0.0 1.0
143 0.0 0.0 1.0
144 0.0 0.0 1.0
145 0.0 0.0 1.0
146 0.0 0.0 1.0
147 0.0 0.0 1.0
148 0.0 0.0 1.0
149 0.0 0.0 1.0
150 0.0 0.0 1.0
151 0.0 0.0 1.0
152 0.0 0.0 1.0
153 0.0 0.0 1.0
154 0.0 0.0 1.0
155 0.0 0.0 1.0
156 0.0 0.0 1.0
157 0.0 0.0 1.0
158 0.0 0.0 1.0
159 0.0 0.0 1.0
160 0.0 0.0 1.0
161 0.0 0.0 1.0
162 0.0 0.0 1.0
163 0.0 0.0 1.0
164 0.0 0.0 1.0
165 0.0 0.0 1.0
166 0.0 0.0 1.0
167 0.0 0.0 1.0
168 0.0 0.0 1.0
169 0.0 0.0 1.0
170 0.0 0.0 1.0
171 0.0 0.0 1.0
172 0.0 0.0 1.0
173 0.0 0.0 1.0
174 0.0 0.0 1.0
175 0.0 0.0 1.0
176 0.0 0.0 1.0
177 0.0 0.0 1.0
178 0.0 0.0 1.0
179 0.0 0.0 1.0
180 0.0 0.0 1.0
181 0.0 0.0 1.0
182 0.0 0.0 1.0
183 0.0 0.0 1.0
184 0.0 0.0 1.0
185 0.0 0.0 1.0
186 0.0 0.0 1.0
187 0.0 0.0 1.0
188 0.0 0.0 1.0
189 0.0 0.0 1.0
190 0.0 0.0 1.0
191 0.0 0.0 1.0
192 0.0 0.0 1.0
193 0.0 0.0 1.0
194 0.0 0.0 1.0
195 0.0 0.0 1.0
196 0.0 0.0 1.0
197 0.0 0.0 1.0
198 0.0 0.0 1.0
199 0.0 0.0 1.0
200 0.0 0.0 1.0
201 0.0 0.0 1.0
202 0.0 0.0 1.0
203 0.0 0.0 1.0
204 0.0 0.0 1.0
205 0.0 0.0 1.0
206 0.0 0.0 1.0
207 0.0 0.0 1.0
208 0.0 0.0 1.0
209 0.0 0.0 1.0
210 0.0 0.0 1.0
211 0.0 0.0 1.0
212 0.0 0.0 1.0
213 0.0 0.0 1.0
214 0.0 0.0 1.0
215 0.0 0.0 1.0
216 0.0 0.0 1.0
217 0.0 0.0 1.0
218 0.0 0.0 1.0
219 0.0 0.0 1.0
220 0.0 0.0 1.0
221 0.0 0.0 1.0
222 0.0 0.0 1.0
223 0.0 0.0 1.0
224 0.0 0.0 1.0
225 0.0 0.0 1.0
226 0.0 0.0 1.0
227 0.0 0.0 1.0
228 0.0 0.0 1.0
229 0.0 0.0 1.0
230 0.0 0.0 1.0
231 0.0 0.0 1.0
232 0.0 0.0 1.0
233 0.0 0.0 1.0
234 0.0 0.0 1.0
235 0.0 0.0 1.0
236 0.0 0.0 1.0
237 0.0 0.0 1.0
238 0.0 0.0 1.0
239 0.0 0.0 1.0
240 0.0 0.0 1.0
241 0.0 0.0 1.0
242 0.0 0.0 1.0
243 0.0 0.0 1.0
244 0.0 0.0 1.0
245 0.0 0.0 1.0
246 0.0 0.0 1.0
247 0.0 0.0 1.0
248 0.0 0.0 1.0
249 0.0 0.0 1.0
250 0.0 0.0 1.0
251 0.0 0.0 1.0
252 0.0 0.0 1.0
253 0.0 0.0 1.0
254 0.0 0.0 1.0
255 0.0 0.0 1.0
256 0.0 0.0 1.0
257 0.0 0.0 1.0
258 0.0 0.0 1.0
259 0.0 0.0 1.0
260 0.0 0.0 1.0
261 0.0 0.0 1.0
262 0.0 0.0 1.0
263 0.0 0.0 1.0
264 0.0 0.0 1.0
265 0.0 0.0 1.0
266 0.0 0.0 1.0
267 0.0 0.0 1.0
268 0.0 0.0 1.0
269 0.0 0.0 1.0
270 0.0 0.0 1.0
271 0.0 0.0 1.0
272 0.0 0.0 1.0
273 0.0 0.0 1.0
274 0.0 0.0 1.0
275 0.0 0.0 1.0
276 0.0 0.0 1.0
277 0.0 0.0 1.0
278 0.0 0.0 1.0
279 0.0 0.0 1.0
280 0.0 0.0 1.0
281 0.0 0.0 1.0
282 0.0 0.0 1.0
283 0.0 0.0 1.0
284 0.0 0.0 1.0
285 0.0 0.0 1.0
286 0.0 0.0 1.0
287 0.0 0.0 1.0
288 0.0 0.0 1.0
289 0.0 0.0 1.0
290 0.0 0.0 1.0
291 0.0 0.0 1.0
292 0.0 0.0 1.0
293 0.0 0.0 1.0
294 0.0 0.0 1.0
295 0.0 0.0 1.0
296 0.0 0.0 1.0
297 0.0 0.0 1.0
298 0.0 0.0 1.0
299 0.0 0.0 1.0
300 0.0 0.0 1.0
