0 0.0014792899408284023 0.0 0.9985207100591716
1 0.0073964497041420114 0.0 0.992603550295858
2 0.0073964497041420114 0.005917159763313609 0.9866863905325444
3 0.008875739644970414 0.005917159763313609 0.985207100591716
4 0.011834319526627219 0.005917159763313609 0.9822485207100592
5 0.01775147928994083 0.004437869822485207 0.977810650887574
6 0.020710059171597635 0.0073964497041420114 0.9718934911242604
7 0.023668639053254437 0.0073964497041420114 0.9689349112426036
8 0.029585798816568046 0.0073964497041420114 0.9630177514792899
9 0.03550295857988166 0.0073964497041420114 0.9571005917159763
10 0.03550295857988166 0.016272189349112426 0.9482248520710059
11 0.04437869822485207 0.010355029585798817 0.9452662721893491
12 0.05325443786982249 0.008875739644970414 0.9378698224852071
13 0.057692307692307696 0.01775147928994083 0.9245562130177515
14 0.05917159763313609 0.026627218934911243 0.9142011834319527
15 0.07100591715976332 0.022189349112426034 0.9068047337278107
16 0.08136094674556213 0.019230769230769232 0.8994082840236687
17 0.09319526627218935 0.014792899408284023 0.8920118343195266
18 0.09615384615384616 0.022189349112426034 0.8816568047337278
19 0.10355029585798817 0.028106508875739646 0.8683431952662722
20 0.11242603550295859 0.03254437869822485 0.8550295857988166
21 0.11982248520710059 0.03254437869822485 0.8476331360946746
22 0.1346153846153846 0.034023668639053255 0.8313609467455622
23 0.14349112426035504 0.03698224852071006 0.8195266272189349
24 0.15532544378698224 0.038461538461538464 0.8062130177514792
25 0.17011834319526628 0.03698224852071006 0.7928994082840237
26 0.1819526627218935 0.04142011834319527 0.7766272189349113
27 0.19674556213017752 0.047337278106508875 0.7559171597633136
28 0.21301775147928995 0.04142011834319527 0.7455621301775148
29 0.22485207100591717 0.03698224852071006 0.7381656804733728
30 0.2411242603550296 0.04142011834319527 0.7174556213017751
31 0.2529585798816568 0.05473372781065089 0.6923076923076923
32 0.26479289940828404 0.060650887573964495 0.6745562130177515
33 0.28402366863905326 0.060650887573964495 0.6553254437869822
34 0.3032544378698225 0.05473372781065089 0.6420118343195266
35 0.3210059171597633 0.05621301775147929 0.6227810650887574
36 0.33875739644970415 0.05473372781065089 0.606508875739645
37 0.34615384615384615 0.07248520710059171 0.5813609467455622
38 0.3668639053254438 0.07248520710059171 0.5606508875739645
39 0.39349112426035504 0.0650887573964497 0.5414201183431953
40 0.40384615384615385 0.07544378698224852 0.5207100591715976
41 0.41863905325443784 0.08431952662721894 0.4970414201183432
42 0.4452662721893491 0.07100591715976332 0.48372781065088755
43 0.47781065088757396 0.05917159763313609 0.4630177514792899
44 0.4970414201183432 0.0650887573964497 0.4378698224852071
45 0.514792899408284 0.06804733727810651 0.4171597633136095
46 0.5325443786982249 0.06804733727810651 0.3994082840236686
47 0.5547337278106509 0.06360946745562131 0.3816568047337278
48 0.5695266272189349 0.07544378698224852 0.35502958579881655
49 0.5872781065088757 0.07988165680473373 0.3328402366863905
50 0.6079881656804734 0.07544378698224852 0.3165680473372781
51 0.6346153846153846 0.05917159763313609 0.3062130177514793
52 0.6449704142011834 0.06656804733727811 0.28846153846153844
53 0.6612426035502958 0.07100591715976332 0.2677514792899408
54 0.6819526627218935 0.07248520710059171 0.2455621301775148
55 0.6982248520710059 0.07100591715976332 0.23076923076923078
56 0.7130177514792899 0.07100591715976332 0.21597633136094674
57 0.7307692307692307 0.07248520710059171 0.19674556213017752
58 0.7455621301775148 0.06656804733727811 0.1878698224852071
59 0.7633136094674556 0.05917159763313609 0.17751479289940827
60 0.7766272189349113 0.057692307692307696 0.16568047337278108
61 0.7943786982248521 0.04881656804733728 0.15680473372781065
62 0.8121301775147929 0.03550295857988166 0.15236686390532544
63 0.8239644970414202 0.03550295857988166 0.14053254437869822
64 0.834319526627219 0.028106508875739646 0.13757396449704143
65 0.8446745562130178 0.026627218934911243 0.128698224852071
66 0.8505917159763313 0.028106508875739646 0.12130177514792899
67 0.8594674556213018 0.023668639053254437 0.11686390532544379
68 0.8668639053254438 0.022189349112426034 0.11094674556213018
69 0.8742603550295858 0.020710059171597635 0.10502958579881656
70 0.878698224852071 0.023668639053254437 0.09763313609467456
71 0.8816568047337278 0.023668639053254437 0.09467455621301775
72 0.886094674556213 0.020710059171597635 0.09319526627218935
73 0.8920118343195266 0.01775147928994083 0.09023668639053255
74 0.900887573964497 0.010355029585798817 0.08875739644970414
75 0.9038461538461539 0.008875739644970414 0.08727810650887574
76 0.9053254437869822 0.008875739644970414 0.08579881656804733
77 0.9068047337278107 0.010355029585798817 0.08284023668639054
78 0.908284023668639 0.008875739644970414 0.08284023668639054
79 0.9112426035502958 0.005917159763313609 0.08284023668639054
80 0.915680473372781 0.0029585798816568047 0.08136094674556213
81 0.915680473372781 0.0029585798816568047 0.08136094674556213
82 0.915680473372781 0.0029585798816568047 0.08136094674556213
83 0.915680473372781 0.0029585798816568047 0.08136094674556213
84 0.9171597633136095 0.0014792899408284023 0.08136094674556213
85 0.9186390532544378 0.0 0.08136094674556213
86 0.9186390532544378 0.0 0.08136094674556213
87 0.9186390532544378 0.0 0.08136094674556213
88 0.9186390532544378 0.0 0.08136094674556213
89 0.9186390532544378 0.0 0.08136094674556213
90 0.9186390532544378 0.0 0.08136094674556213
91 0.9186390532544378 0.0 0.08136094674556213
92 0.9186390532544378 0.0 0.08136094674556213
93 0.9186390532544378 0.0 0.08136094674556213
94 0.9186390532544378 0.0 0.08136094674556213
95 0.9186390532544378 0.0 0.08136094674556213
96 0.9186390532544378 0.0 0.08136094674556213
97 0.9186390532544378 0.0 0.08136094674556213
98 0.9186390532544378 0.0 0.08136094674556213
99 0.9186390532544378 0.0 0.08136094674556213
100 0.9186390532544378 0.0 0.08136094674556213
101 0.9186390532544378 0.0 0.08136094674556213
102 0.9186390532544378 0.0 0.08136094674556213
103 0.9186390532544378 0.0 0.08136094674556213
104 0.9186390532544378 0.0 0.08136094674556213
105 0.9186390532544378 0.0 0.08136094674556213
106 0.9186390532544378 0.0 0.08136094674556213
107 0.9186390532544378 0.0 0.08136094674556213
108 0.9186390532544378 0.0 0.08136094674556213
109 0.9186390532544378 0.0 0.08136094674556213
110 0.9186390532544378 0.0 0.08136094674556213
111 0.9186390532544378 0.0 0.08136094674556213
112 0.9186390532544378 0.0 0.08136094674556213
113 0.9186390532544378 0.0 0.08136094674556213
114 0.9186390532544378 0.0 0.08136094674556213
115 0.9186390532544378 0.0 0.08136094674556213
116 0.9186390532544378 0.0 0.08136094674556213
117 0.9186390532544378 0.0 0.08136094674556213
118 0.9186390532544378 0.0 0.08136094674556213
119 0.9186390532544378 0.0 0.08136094674556213
120 0.9186390532544378 0.0 0.08136094674556213
121 0.915680473372781 0.0029585798816568047 0.08136094674556213
122 0.9142011834319527 0.004437869822485207 0.08136094674556213
123 0.0 0.9186390532544378 0.08136094674556213
124 0.0 0.9171597633136095 0.08284023668639054
125 0.0 0.915680473372781 0.08431952662721894
126 0.0 0.9112426035502958 0.08875739644970414
127 0.0 0.9097633136094675 0.09023668639053255
128 0.0 0.0 1.0
129 0.0 0.0 1.0
130 0.0 0.0 1.0
131 0.0 0.0 1.0
132 0.0 0.0 1.0
133 0.0 0.0 1.0
134 0.0 0.0 1.0
135 0.0 0.0 1.0
136 0.0 0.0 1.0
137 0.0 0.0 1.0
138 0.0 0.0 1.0
139 0.0 0.0 1.0
140 0.0 0.0 1.0
141 0.0 0.0 1.0
142 0.0 0.0 1.0
143 0.0 0.0 1.0
144 0.0 0.0 1.0
145 0.0 0.0 1.0
146 0.0 0.0 1.0
147 0.0 0.0 1.0
148 0.0 0.0 1.0
149 0.0 0.0 1.0
150 0.0 0.0 1.0
151 0.0 0.0 1.0
152 0.0 0.0 1.0
153 0.0 0.0 1.0
154 0.0 0.0 1.0
155 0.0 0.0 1.0
156 0.0 0.0 1.0
157 0.0 0.0 1.0
158 0.0 0.0 1.0
159 0.0 0.0 1.0
160 0.0 0.0 1.0
161 0.0 0.0 1.0
162 0.0 0.0 1.0
163 0.0 0.0 1.0
164 0.0 0.0 1.0
165 0.0 0.0 1.0
166 0.0 0.0 1.0
167 0.0 0.0 1.0
168 0.0 0.0 1.0
169 0.0 0.0 1.0
170 0.0 0.0 1.0
171 0.0 0.0 1.0
172 0.0 0.0 1.0
173 0.0 0.0 1.0
174 0.0 0.0 1.0
175 0.0 0.0 1.0
176 0.0 0.0 1.0
177 0.0 0.0 1.0
178 0.0 0.0 1.0
179 0.0 0.0 1.0
180 0.0 0.0 1.0
181 0.0 0.0 1.0
182 0.0 0.0 1.0
183 0.0 0.0 1.0
184 0.0 0.0 1.0
185 0.0 0.0 1.0
186 0.0 0.0 1.0
187 0.0 0.0 1.0
188 0.0 0.0 1.0
189 0.0 0.0 1.0
190 0.0 0.0 1.0
191 0.0 0.0 1.0
192 0.0 0.0 1.0
193 0.0 0.0 1.0
194 0.0 0.0 1.0
195 0.0 0.0 1.0
196 0.0 0.0 1.0
197 0.0 0.0 1.0
198 0.0 0.0 1.0
199 0.0 0.0 1.0
200 0.0 0.0 1.0
201 0.0 0.0 1.0
202 0.0 0.0 1.0
203 0.0 0.0 1.0
204 0.0 0.0 1.0
205 0.0 0.0 1.0
206 0.0 0.0 1.0
207 0.0 0.0 1.0
208 0.0 0.0 1.0
209 0.0 0.0 1.0
210 0.0 0.0 1.0
211 0.0 0.0 1.0
212 0.0 0.0 1.0
213 0.0 0.0 1.0
214 0.0 0.0 1.0
215 0.0 0.0 1.0
216 0.0 0.0 1.0
217 0.0 0.0 1.0
218 0.0 0.0 1.0
219 0.0 0.0 1.0
220 0.0 0.0 1.0
221 0.0 0.0 1.0
222 0.0 0.0 1.0
223 0.0 0.0 1.0
224 0.0 0.0 1.0
225 0.0 0.0 1.0
226 0.0 0.0 1.0
227 0.0 0.0 1.0
228 0.0 0.0 1.0
229 0.0 0.0 1.0
230 0.0 0.0 1.0
231 0.0 0.0 1.0
232 0.0 0.0 1.0
233 0.0 0.0 1.0
234 0.0 0.0 1.0
235 0.0 0.0 1.0
236 0.0 0.0 1.0
237 0.0 0.0 1.0
238 0.0 0.0 1.0
239 0.0 0.0 1.0
240 0.0 0.0 1.0
241 0.0 0.0 1.0
242 0.0 0.0 1.0
243 0.0 0.0 1.0
244 0.0 0.0 1.0
245 0.0 0.0 1.0
246 0.0 0.0 1.0
247 0.0 0.0 1.0
248 0.0 0.0 1.0
249 0.0 0.0 1.0
250 0.0 0.0 1.0
251 0.0 0.0 1.0
252 0.0 0.0 1.0
253 0.0 0.0 1.0
254 0.0 0.0 1.0
255 0.0 0.0 1.0
256 0.0 0.0 1.0
257 0.0 0.0 1.0
258 0.0 0.0 1.0
259 0.0 0.0 1.0
260 0.0 0.0 1.0
261 0.0 0.0 1.0
262 0.0 0.0 1.0
263 0.0 0.0 1.0
264 0.0 0.0 1.0
265 0.0 0.0 1.0
266 0.0 0.0 1.0
267 0.0 0.0 1.0
268 0.0 0.0 1.0
269 0.0 0.0 1.0
270 0.0 0.0 1.0
271 0.0 0.0 1.0
272 0.0 0.0 1.0
273 0.0 0.0 1.0
274 0.0 0.0 1.0
275 0.0 0.0 1.0
276 0.0 0.0 1.0
277 0.0 0.0 1.0
278 0.0 0.0 1.0
279 0.0 0.0 1.0
280 0.0 0.0 1.0
281 0.0 0.0 1.0
282 0.0 0.0 1.0
283 0.0 0.0 1.0
284 0.0 0.0 1.0
285 0.0 0.0 1.0
286 0.0 0.0 1.0
287 0.0 0.0 1.0
288 0.0 0.0 1.0
289 0.0 0.0 1.0
290 0.0 0.0 1.0
291 0.0 0.0 1.0
292 0.0 0.0 1.0
293 0.0 0.0 1.0
294 0.0 0.0 1.0
295 0.0 0.0 1.0
296 0.0 0.0 1.0
297 0.0 0.0 1.0
298 0.0 0.0 1.0
299 0.0 0.0 1.0
300 0.0 0.0 1.0
