0 0.0014792899408284023 0.0 0.9985207100591716
1 0.0014792899408284023 0.0 0.9985207100591716
2 0.0014792899408284023 0.0 0.9985207100591716
3 0.0014792899408284023 0.0 0.9985207100591716
4 0.0014792899408284023 0.004437869822485207 0.9940828402366864
5 0.0029585798816568047 0.0029585798816568047 0.9940828402366864
6 0.005917159763313609 0.0014792899408284023 0.992603550295858
7 0.005917159763313609 0.0014792899408284023 0.992603550295858
8 0.005917159763313609 0.004437869822485207 0.9896449704142012
9 0.0073964497041420114 0.0029585798816568047 0.9896449704142012
10 0.008875739644970414 0.004437869822485207 0.9866863905325444
11 0.010355029585798817 0.004437869822485207 0.985207100591716
12 0.011834319526627219 0.005917159763313609 0.9822485207100592
13 0.016272189349112426 0.004437869822485207 0.9792899408284024
14 0.016272189349112426 0.008875739644970414 0.9748520710059172
15 0.020710059171597635 0.0073964497041420114 0.9718934911242604
16 0.022189349112426034 0.008875739644970414 0.9689349112426036
17 0.029585798816568046 0.004437869822485207 0.9659763313609467
18 0.03106508875739645 0.011834319526627219 0.9571005917159763
19 0.03550295857988166 0.008875739644970414 0.9556213017751479
20 0.04142011834319527 0.0073964497041420114 0.9511834319526628
21 0.04437869822485207 0.011834319526627219 0.9437869822485208
22 0.05029585798816568 0.014792899408284023 0.9349112426035503
23 0.05473372781065089 0.016272189349112426 0.9289940828402367
24 0.06360946745562131 0.014792899408284023 0.9215976331360947
25 0.06804733727810651 0.016272189349112426 0.915680473372781
26 0.07100591715976332 0.023668639053254437 0.9053254437869822
27 0.08431952662721894 0.016272189349112426 0.8994082840236687
28 0.09467455621301775 0.011834319526627219 0.893491124260355
29 0.09615384615384616 0.019230769230769232 0.8846153846153846
30 0.10207100591715976 0.028106508875739646 0.8698224852071006
31 0.11390532544378698 0.022189349112426034 0.863905325443787
32 0.12130177514792899 0.020710059171597635 0.8579881656804734
33 0.13165680473372782 0.02514792899408284 0.8431952662721893
34 0.14053254437869822 0.03106508875739645 0.8284023668639053
35 0.15384615384615385 0.026627218934911243 0.8195266272189349
36 0.16715976331360946 0.029585798816568046 0.8032544378698225
37 0.17455621301775148 0.029585798816568046 0.7958579881656804
38 0.1893491124260355 0.026627218934911243 0.7840236686390533
39 0.20118343195266272 0.03254437869822485 0.7662721893491125
40 0.21301775147928995 0.034023668639053255 0.7529585798816568
41 0.22928994082840237 0.03254437869822485 0.7381656804733728
42 0.2411242603550296 0.03550295857988166 0.7233727810650887
43 0.25 0.038461538461538464 0.7115384615384616
44 0.27218934911242604 0.038461538461538464 0.6893491124260355
45 0.2869822485207101 0.03254437869822485 0.6804733727810651
46 0.30029585798816566 0.03698224852071006 0.6627218934911243
47 0.3210059171597633 0.034023668639053255 0.6449704142011834
48 0.3328402366863905 0.03994082840236687 0.6272189349112426
49 0.34763313609467456 0.047337278106508875 0.6050295857988166
50 0.3624260355029586 0.04881656804733728 0.5887573964497042
51 0.378698224852071 0.047337278106508875 0.5739644970414202
52 0.40384615384615385 0.047337278106508875 0.5488165680473372
53 0.4156804733727811 0.05473372781065089 0.5295857988165681
54 0.4334319526627219 0.051775147928994084 0.514792899408284
55 0.44970414201183434 0.05621301775147929 0.4940828402366864
56 0.47633136094674555 0.04881656804733728 0.47485207100591714
57 0.4940828402366864 0.05325443786982249 0.4526627218934911
58 0.5133136094674556 0.04585798816568047 0.4408284023668639
59 0.5310650887573964 0.04142011834319527 0.4275147928994083
60 0.5458579881656804 0.04881656804733728 0.40532544378698226
61 0.5710059171597633 0.04437869822485207 0.38461538461538464
62 0.5798816568047337 0.05029585798816568 0.3698224852071006
63 0.599112426035503 0.04585798816568047 0.35502958579881655
64 0.6183431952662722 0.03994082840236687 0.34171597633136097
65 0.6316568047337278 0.047337278106508875 0.3210059171597633
66 0.650887573964497 0.04881656804733728 0.30029585798816566
67 0.665680473372781 0.047337278106508875 0.2869822485207101
68 0.6760355029585798 0.05473372781065089 0.2692307692307692
69 0.6967455621301775 0.04142011834319527 0.2618343195266272
70 0.7085798816568047 0.051775147928994084 0.23964497041420119
71 0.7292899408284024 0.047337278106508875 0.22337278106508876
72 0.7411242603550295 0.05325443786982249 0.20562130177514792
73 0.7588757396449705 0.047337278106508875 0.1937869822485207
74 0.7736686390532544 0.04585798816568047 0.1804733727810651
75 0.7914201183431953 0.03550295857988166 0.17307692307692307
76 0.8017751479289941 0.03698224852071006 0.16124260355029585
77 0.8165680473372781 0.03106508875739645 0.15236686390532544
78 0.8224852071005917 0.03550295857988166 0.14201183431952663
79 0.8372781065088757 0.026627218934911243 0.13609467455621302
80 0.8476331360946746 0.020710059171597635 0.13165680473372782
81 0.856508875739645 0.019230769230769232 0.1242603550295858
82 0.863905325443787 0.016272189349112426 0.11982248520710059
83 0.8683431952662722 0.01775147928994083 0.11390532544378698
84 0.8742603550295858 0.016272189349112426 0.10946745562130178
85 0.8816568047337278 0.019230769230769232 0.09911242603550297
86 0.8875739644970414 0.013313609467455622 0.09911242603550297
87 0.8890532544378699 0.016272189349112426 0.09467455621301775
88 0.8979289940828402 0.011834319526627219 0.09023668639053255
89 0.8994082840236687 0.010355029585798817 0.09023668639053255
90 0.900887573964497 0.010355029585798817 0.08875739644970414
91 0.908284023668639 0.0029585798816568047 0.08875739644970414
92 0.9097633136094675 0.004437869822485207 0.08579881656804733
93 0.9097633136094675 0.004437869822485207 0.08579881656804733
94 0.9097633136094675 0.004437869822485207 0.08579881656804733
95 0.9097633136094675 0.004437869822485207 0.08579881656804733
96 0.908284023668639 0.0073964497041420114 0.08431952662721894
97 0.9097633136094675 0.005917159763313609 0.08431952662721894
98 0.908284023668639 0.0073964497041420114 0.08431952662721894
99 0.9097633136094675 0.005917159763313609 0.08431952662721894
100 0.9053254437869822 0.008875739644970414 0.08579881656804733
101 0.908284023668639 0.0073964497041420114 0.08431952662721894
102 0.9053254437869822 0.008875739644970414 0.08579881656804733
103 0.8994082840236687 0.010355029585798817 0.09023668639053255
104 0.8816568047337278 0.028106508875739646 0.09023668639053255
105 0.8742603550295858 0.034023668639053255 0.09171597633136094
106 0.8624260355029586 0.04585798816568047 0.09171597633136094
107 0.7603550295857988 0.14644970414201183 0.09319526627218935
108 0.0 0.8816568047337278 0.11834319526627218
109 0.0 0.7781065088757396 0.22189349112426035
110 0.0 0.0 1.0
111 0.0 0.0 1.0
112 0.0 0.0 1.0
113 0.0 0.0 1.0
114 0.0 0.0 1.0
115 0.0 0.0 1.0
116 0.0 0.0 1.0
117 0.0 0.0 1.0
118 0.0 0.0 1.0
119 0.0 0.0 1.0
120 0.0 0.0 1.0
121 0.0 0.0 1.0
122 0.0 0.0 1.0
123 0.0 0.0 1.0
124 0.0 0.0 1.0
125 0.0 0.0 1.0
126 0.0 0.0 1.0
127 0.0 0.0 1.0
128 0.0 0.0 1.0
129 0.0 0.0 1.0
130 0.0 0.0 1.0
131 0.0 0.0 1.0
132 0.0 0.0 1.0
133 0.0 0.0 1.0
134 0.0 0.0 1.0
135 0.0 0.0 1.0
136 0.0 0.0 1.0
137 0.0 0.0 1.0
138 0.0 0.0 1.0
139 0.0 0.0 1.0
140 0.0 0.0 1.0
141 0.0 0.0 1.0
142 0.0 0.0 1.0
143 0.0 0.0 1.0
144 0.0 0.0 1.0
145 0.0 0.0 1.0
146 0.0 0.0 1.0
147 0.0 0.0 1.0
148 0.0 0.0 1.0
149 0.0 0.0 1.0
150 0.0 0.0 1.0
151 0.0 0.0 1.0
152 0.0 0.0 1.0
153 0.0 0.0 1.0
154 0.0 0.0 1.0
155 0.0 0.0 1.0
156 0.0 0.0 1.0
157 0.0 0.0 1.0
158 0.0 0.0 1.0
159 0.0 0.0 1.0
160 0.0 0.0 1.0
161 0.0 0.0 1.0
162 0.0 0.0 1.0
163 0.0 0.0 1.0
164 0.0 0.0 1.0
165 0.0 0.0 1.0
166 0.0 0.0 1.0
167 0.0 0.0 1.0
168 0.0 0.0 1.0
169 0.0 0.0 1.0
170 0.0 0.0 1.0
171 0.0 0.0 1.0
172 0.0 0.0 1.0
173 0.0 0.0 1.0
174 0.0 0.0 1.0
175 0.0 0.0 1.0
176 0.0 0.0 1.0
177 0.0 0.0 1.0
178 0.0 0.0 1.0
179 0.0 0.0 1.0
180 0.0 0.0 1.0
181 0.0 0.0 1.0
182 0.0 0.0 1.0
183 0.0 0.0 1.0
184 0.0 0.0 1.0
185 0.0 0.0 1.0
186 0.0 0.0 1.0
187 0.0 0.0 1.0
188 0.0 0.0 1.0
189 0.0 0.0 1.0
190 0.0 0.0 1.0
191 0.0 0.0 1.0
192 0.0 0.0 1.0
193 0.0 0.0 1.0
194 0.0 0.0 1.0
195 0.0 0.0 1.0
196 0.0 0.0 1.0
197 0.0 0.0 1.0
198 0.0 0.0 1.0
199 0.0 0.0 1.0
200 0.0 0.0 1.0
201 0.0 0.0 1.0
202 0.0 0.0 1.0
203 0.0 0.0 1.0
204 0.0 0.0 1.0
205 0.0 0.0 1.0
206 0.0 0.0 1.0
207 0.0 0.0 1.0
208 0.0 0.0 1.0
209 0.0 0.0 1.0
210 0.0 0.0 1.0
211 0.0 0.0 1.0
212 0.0 0.0 1.0
213 0.0 0.0 1.0
214 0.0 0.0 1.0
215 0.0 0.0 1.0
216 0.0 0.0 1.0
217 0.0 0.0 1.0
218 0.0 0.0 1.0
219 0.0 0.0 1.0
220 0.0 0.0 1.0
221 0.0 0.0 1.0
222 0.0 0.0 1.0
223 0.0 0.0 1.0
224 0.0 0.0 1.0
225 0.0 0.0 1.0
226 0.0 0.0 1.0
227 0.0 0.0 1.0
228 0.0 0.0 1.0
229 0.0 0.0 1.0
230 0.0 0.0 1.0
231 0.0 0.0 1.0
232 0.0 0.0 1.0
233 0.0 0.0 1.0
234 0.0 0.0 1.0
235 0.0 0.0 1.0
236 0.0 0.0 1.0
237 0.0 0.0 1.0
238 0.0 0.0 1.0
239 0.0 0.0 1.0
240 0.0 0.0 1.0
241 0.0 0.0 1.0
242 0.0 0.0 1.0
243 0.0 0.0 1.0
244 0.0 0.0 1.0
245 0.0 0.0 1.0
246 0.0 0.0 1.0
247 0.0 0.0 1.0
248 0.0 0.0 1.0
249 0.0 0.0 1.0
250 0.0 0.0 1.0
251 0.0 0.0 1.0
252 0.0 0.0 1.0
253 0.0 0.0 1.0
254 0.0 0.0 1.0
255 0.0 0.0 1.0
256 0.0 0.0 1.0
257 0.0 0.0 1.0
258 0.0 0.0 1.0
259 0.0 0.0 1.0
260 0.0 0.0 1.0
261 0.0 0.0 1.0
262 0.0 0.0 1.0
263 0.0 0.0 1.0
264 0.0 0.0 1.0
265 0.0 0.0 1.0
266 0.0 0.0 1.0
267 0.0 0.0 1.0
268 0.0 0.0 1.0
269 0.0 0.0 1.0
270 0.0 0.0 1.0
271 0.0 0.0 1.0
272 0.0 0.0 1.0
273 0.0 0.0 1.0
274 0.0 0.0 1.0
275 0.0 0.0 1.0
276 0.0 0.0 1.0
277 0.0 0.0 1.0
278 0.0 0.0 1.0
279 0.0 0.0 1.0
280 0.0 0.0 1.0
281 0.0 0.0 1.0
282 0.0 0.0 1.0
283 0.0 0.0 1.0
284 0.0 0.0 1.0
285 0.0 0.0 1.0
286 0.0 0.0 1.0
287 0.0 0.0 1.0
288 0.0 0.0 1.0
289 0.0 0.0 1.0
290 0.0 0.0 1.0
291 0.0 0.0 1.0
292 0.0 0.0 1.0
293 0.0 0.0 1.0
294 0.0 0.0 1.0
295 0.0 0.0 1.0
296 0.0 0.0 1.0
297 0.0 0.0 1.0
298 0.0 0.0 1.0
299 0.0 0.0 1.0
300 0.0 0.0 1.0
