0 0.0014792899408284023 0.0 0.9985207100591716
1 0.0014792899408284023 0.0 0.9985207100591716
2 0.0014792899408284023 0.0 0.9985207100591716
3 0.0014792899408284023 0.0 0.9985207100591716
4 0.0014792899408284023 0.0 0.9985207100591716
5 0.0014792899408284023 0.0 0.9985207100591716
6 0.0014792899408284023 0.0 0.9985207100591716
7 0.0014792899408284023 0.0 0.9985207100591716
8 0.0014792899408284023 0.0 0.9985207100591716
9 0.0014792899408284023 0.0 0.9985207100591716
10 0.0014792899408284023 0.0 0.9985207100591716
11 0.0014792899408284023 0.0 0.9985207100591716
12 0.0014792899408284023 0.0 0.9985207100591716
13 0.0014792899408284023 0.0 0.9985207100591716
14 0.0014792899408284023 0.0 0.9985207100591716
15 0.0014792899408284023 0.0014792899408284023 0.9970414201183432
16 0.0014792899408284023 0.004437869822485207 0.9940828402366864
17 0.0014792899408284023 0.005917159763313609 0.992603550295858
18 0.004437869822485207 0.004437869822485207 0.9911242603550295
19 0.004437869822485207 0.005917159763313609 0.9896449704142012
20 0.004437869822485207 0.0073964497041420114 0.9881656804733728
21 0.0073964497041420114 0.0073964497041420114 0.985207100591716
22 0.008875739644970414 0.0073964497041420114 0.9837278106508875
23 0.010355029585798817 0.010355029585798817 0.9792899408284024
24 0.010355029585798817 0.010355029585798817 0.9792899408284024
25 0.013313609467455622 0.013313609467455622 0.9733727810650887
26 0.014792899408284023 0.013313609467455622 0.9718934911242604
27 0.019230769230769232 0.011834319526627219 0.9689349112426036
28 0.023668639053254437 0.013313609467455622 0.9630177514792899
29 0.02514792899408284 0.013313609467455622 0.9615384615384616
30 0.026627218934911243 0.019230769230769232 0.9541420118343196
31 0.034023668639053255 0.016272189349112426 0.9497041420118343
32 0.03550295857988166 0.020710059171597635 0.9437869822485208
33 0.042899408284023666 0.019230769230769232 0.9378698224852071
34 0.04881656804733728 0.01775147928994083 0.9334319526627219
35 0.04881656804733728 0.022189349112426034 0.9289940828402367
36 0.057692307692307696 0.022189349112426034 0.9201183431952663
37 0.06360946745562131 0.020710059171597635 0.915680473372781
38 0.06804733727810651 0.020710059171597635 0.9112426035502958
39 0.07544378698224852 0.02514792899408284 0.8994082840236687
40 0.08136094674556213 0.022189349112426034 0.8964497041420119
41 0.08727810650887574 0.02514792899408284 0.8875739644970414
42 0.09467455621301775 0.026627218934911243 0.878698224852071
43 0.10207100591715976 0.029585798816568046 0.8683431952662722
44 0.10946745562130178 0.034023668639053255 0.856508875739645
45 0.11686390532544379 0.03254437869822485 0.8505917159763313
46 0.12721893491124261 0.03550295857988166 0.8372781065088757
47 0.1346153846153846 0.04142011834319527 0.8239644970414202
48 0.14497041420118342 0.042899408284023666 0.8121301775147929
49 0.15680473372781065 0.03698224852071006 0.8062130177514792
50 0.16715976331360946 0.03994082840236687 0.7928994082840237
51 0.1760355029585799 0.04437869822485207 0.7795857988165681
52 0.17899408284023668 0.05621301775147929 0.764792899408284
53 0.1937869822485207 0.05325443786982249 0.7529585798816568
54 0.20710059171597633 0.05325443786982249 0.7396449704142012
55 0.22189349112426035 0.047337278106508875 0.7307692307692307
56 0.23520710059171598 0.05473372781065089 0.7100591715976331
57 0.2470414201183432 0.05917159763313609 0.6937869822485208
58 0.2588757396449704 0.057692307692307696 0.6834319526627219
59 0.27218934911242604 0.05621301775147929 0.6715976331360947
60 0.28846153846153844 0.05325443786982249 0.658284023668639
61 0.2988165680473373 0.06360946745562131 0.6375739644970414
62 0.3165680473372781 0.0621301775147929 0.621301775147929
63 0.3343195266272189 0.05917159763313609 0.606508875739645
64 0.34763313609467456 0.06804733727810651 0.584319526627219
65 0.3683431952662722 0.060650887573964495 0.5710059171597633
66 0.386094674556213 0.05917159763313609 0.5547337278106509
67 0.39644970414201186 0.0650887573964497 0.5384615384615384
68 0.41863905325443784 0.06804733727810651 0.5133136094674556
69 0.4260355029585799 0.07544378698224852 0.4985207100591716
70 0.4378698224852071 0.07840236686390532 0.48372781065088755
71 0.46005917159763315 0.07100591715976332 0.46893491124260356
72 0.47928994082840237 0.06804733727810651 0.4526627218934911
73 0.4911242603550296 0.07396449704142012 0.4349112426035503
74 0.5162721893491125 0.0695266272189349 0.41420118343195267
75 0.5325443786982249 0.06804733727810651 0.3994082840236686
76 0.5473372781065089 0.07100591715976332 0.3816568047337278
77 0.5665680473372781 0.06656804733727811 0.3668639053254438
78 0.5813609467455622 0.0650887573964497 0.35355029585798814
79 0.5946745562130178 0.0650887573964497 0.34023668639053256
80 0.6257396449704142 0.05325443786982249 0.3210059171597633
81 0.6331360946745562 0.060650887573964495 0.3062130177514793
82 0.6494082840236687 0.05325443786982249 0.2973372781065089
83 0.658284023668639 0.0650887573964497 0.27662721893491127
84 0.6715976331360947 0.057692307692307696 0.27071005917159763
85 0.6893491124260355 0.057692307692307696 0.2529585798816568
86 0.7011834319526628 0.0621301775147929 0.23668639053254437
87 0.7130177514792899 0.0621301775147929 0.22485207100591717
88 0.727810650887574 0.0621301775147929 0.21005917159763313
89 0.7307692307692307 0.06360946745562131 0.20562130177514792
90 0.7366863905325444 0.06656804733727811 0.19674556213017752
91 0.7514792899408284 0.0650887573964497 0.1834319526627219
92 0.7485207100591716 0.07100591715976332 0.1804733727810651
93 0.7204142011834319 0.09023668639053255 0.1893491124260355
94 0.6760355029585798 0.128698224852071 0.1952662721893491
95 0.0 0.7914201183431953 0.20857988165680474
96 0.0 0.7337278106508875 0.26627218934911245
97 0.0 0.7144970414201184 0.28550295857988167
98 0.0 0.0 1.0
99 0.0 0.0 1.0
100 0.0 0.0 1.0
101 0.0 0.0 1.0
102 0.0 0.0 1.0
103 0.0 0.0 1.0
104 0.0 0.0 1.0
105 0.0 0.0 1.0
106 0.0 0.0 1.0
107 0.0 0.0 1.0
108 0.0 0.0 1.0
109 0.0 0.0 1.0
110 0.0 0.0 1.0
111 0.0 0.0 1.0
112 0.0 0.0 1.0
113 0.0 0.0 1.0
114 0.0 0.0 1.0
115 0.0 0.0 1.0
116 0.0 0.0 1.0
117 0.0 0.0 1.0
118 0.0 0.0 1.0
119 0.0 0.0 1.0
120 0.0 0.0 1.0
121 0.0 0.0 1.0
122 0.0 0.0 1.0
123 0.0 0.0 1.0
124 0.0 0.0 1.0
125 0.0 0.0 1.0
126 0.0 0.0 1.0
127 0.0 0.0 1.0
128 0.0 0.0 1.0
129 0.0 0.0 1.0
130 0.0 0.0 1.0
131 0.0 0.0 1.0
132 0.0 0.0 1.0
133 0.0 0.0 1.0
134 0.0 0.0 1.0
135 0.0 0.0 1.0
136 0.0 0.0 1.0
137 0.0 0.0 1.0
138 0.0 0.0 1.0
139 0.0 0.0 1.0
140 0.0 0.0 1.0
141 0.0 0.0 1.0
142 0.0 0.0 1.0
143 0.0 0.0 1.0
144 0.0 0.0 1.0
145 0.0 0.0 1.0
146 0.0 0.0 1.0
147 0.0 0.0 1.0
148 0.0 0.0 1.0
149 0.0 0.0 1.0
150 0.0 0.0 1.0
151 0.0 0.0 1.0
152 0.0 0.0 1.0
153 0.0 0.0 1.0
154 0.0 0.0 1.0
155 0.0 0.0 1.0
156 0.0 0.0 1.0
157 0.0 0.0 1.0
158 0.0 0.0 1.0
159 0.0 0.0 1.0
160 0.0 0.0 1.0
161 0.0 0.0 1.0
162 0.0 0.0 1.0
163 0.0 0.0 1.0
164 0.0 0.0 1.0
165 0.0 0.0 1.0
166 0.0 0.0 1.0
167 0.0 0.0 1.0
168 0.0 0.0 1.0
169 0.0 0.0 1.0
170 0.0 0.0 1.0
171 0.0 0.0 1.0
172 0.0 0.0 1.0
173 0.0 0.0 1.0
174 0.0 0.0 1.0
175 0.0 0.0 1.0
176 0.0 0.0 1.0
177 0.0 0.0 1.0
178 0.0 0.0 1.0
179 0.0 0.0 1.0
180 0.0 0.0 1.0
181 0.0 0.0 1.0
182 0.0 0.0 1.0
183 0.0 0.0 1.0
184 0.0 0.0 1.0
185 0.0 0.0 1.0
186 0.0 0.0 1.0
187 0.0 0.0 1.0
188 0.0 0.0 1.0
189 0.0 0.0 1.0
190 0.0 0.0 1.0
191 0.0 0.0 1.0
192 0.0 0.0 1.0
193 0.0 0.0 1.0
194 0.0 0.0 1.0
195 0.0 0.0 1.0
196 0.0 0.0 1.0
197 0.0 0.0 1.0
198 0.0 0.0 1.0
199 0.0 0.0 1.0
200 0.0 0.0 1.0
201 0.0 0.0 1.0
202 0.0 0.0 1.0
203 0.0 0.0 1.0
204 0.0 0.0 1.0
205 0.0 0.0 1.0
206 0.0 0.0 1.0
207 0.0 0.0 1.0
208 0.0 0.0 1.0
209 0.0 0.0 1.0
210 0.0 0.0 1.0
211 0.0 0.0 1.0
212 0.0 0.0 1.0
213 0.0 0.0 1.0
214 0.0 0.0 1.0
215 0.0 0.0 1.0
216 0.0 0.0 1.0
217 0.0 0.0 1.0
218 0.0 0.0 1.0
219 0.0 0.0 1.0
220 0.0 0.0 1.0
221 0.0 0.0 1.0
222 0.0 0.0 1.0
223 0.0 0.0 1.0
224 0.0 0.0 1.0
225 0.0 0.0 1.0
226 0.0 0.0 1.0
227 0.0 0.0 1.0
228 0.0 0.0 1.0
229 0.0 0.0 1.0
230 0.0 0.0 1.0
231 0.0 0.0 1.0
232 0.0 0.0 1.0
233 0.0 0.0 1.0
234 0.0 0.0 1.0
235 0.0 0.0 1.0
236 0.0 0.0 1.0
237 0.0 0.0 1.0
238 0.0 0.0 1.0
239 0.0 0.0 1.0
240 0.0 0.0 1.0
241 0.0 0.0 1.0
242 0.0 0.0 1.0
243 0.0 0.0 1.0
244 0.0 0.0 1.0
245 0.0 0.0 1.0
246 0.0 0.0 1.0
247 0.0 0.0 1.0
248 0.0 0.0 1.0
249 0.0 0.0 1.0
250 0.0 0.0 1.0
251 0.0 0.0 1.0
252 0.0 0.0 1.0
253 0.0 0.0 1.0
254 0.0 0.0 1.0
255 0.0 0.0 1.0
256 0.0 0.0 1.0
257 0.0 0.0 1.0
258 0.0 0.0 1.0
259 0.0 0.0 1.0
260 0.0 0.0 1.0
261 0.0 0.0 1.0
262 0.0 0.0 1.0
263 0.0 0.0 1.0
264 0.0 0.0 1.0
265 0.0 0.0 1.0
266 0.0 0.0 1.0
267 0.0 0.0 1.0
268 0.0 0.0 1.0
269 0.0 0.0 1.0
270 0.0 0.0 1.0
271 0.0 0.0 1.0
272 0.0 0.0 1.0
273 0.0 0.0 1.0
274 0.0 0.0 1.0
275 0.0 0.0 1.0
276 0.0 0.0 1.0
277 0.0 0.0 1.0
278 0.0 0.0 1.0
279 0.0 0.0 1.0
280 0.0 0.0 1.0
281 0.0 0.0 1.0
282 0.0 0.0 1.0
283 0.0 0.0 1.0
284 0.0 0.0 1.0
285 0.0 0.0 1.0
286 0.0 0.0 1.0
287 0.0 0.0 1.0
288 0.0 0.0 1.0
289 0.0 0.0 1.0
290 0.0 0.0 1.0
291 0.0 0.0 1.0
292 0.0 0.0 1.0
293 0.0 0.0 1.0
294 0.0 0.0 1.0
295 0.0 0.0 1.0
296 0.0 0.0 1.0
297 0.0 0.0 1.0
298 0.0 0.0 1.0
299 0.0 0.0 1.0
300 0.0 0.0 1.0
