0 0.0014792899408284023 0.0 0.9985207100591716
1 0.0014792899408284023 0.0 0.9985207100591716
2 0.0014792899408284023 0.0 0.9985207100591716
3 0.0014792899408284023 0.0 0.9985207100591716
4 0.0014792899408284023 0.0 0.9985207100591716
5 0.0014792899408284023 0.0 0.9985207100591716
6 0.0014792899408284023 0.0 0.9985207100591716
7 0.0014792899408284023 0.0029585798816568047 0.9955621301775148
8 0.0014792899408284023 0.0029585798816568047 0.9955621301775148
9 0.0014792899408284023 0.005917159763313609 0.992603550295858
10 0.004437869822485207 0.0029585798816568047 0.992603550295858
11 0.004437869822485207 0.005917159763313609 0.9896449704142012
12 0.004437869822485207 0.005917159763313609 0.9896449704142012
13 0.005917159763313609 0.0073964497041420114 0.9866863905325444
14 0.008875739644970414 0.004437869822485207 0.9866863905325444
15 0.010355029585798817 0.005917159763313609 0.9837278106508875
16 0.014792899408284023 0.004437869822485207 0.9807692307692307
17 0.016272189349112426 0.008875739644970414 0.9748520710059172
18 0.019230769230769232 0.010355029585798817 0.9704142011834319
19 0.023668639053254437 0.008875739644970414 0.9674556213017751
20 0.026627218934911243 0.008875739644970414 0.9644970414201184
21 0.029585798816568046 0.005917159763313609 0.9644970414201184
22 0.03106508875739645 0.010355029585798817 0.9585798816568047
23 0.03254437869822485 0.016272189349112426 0.9511834319526628
24 0.03254437869822485 0.023668639053254437 0.9437869822485208
25 0.03698224852071006 0.022189349112426034 0.9408284023668639
26 0.04585798816568047 0.016272189349112426 0.9378698224852071
27 0.05473372781065089 0.014792899408284023 0.9304733727810651
28 0.05621301775147929 0.020710059171597635 0.9230769230769231
29 0.06360946745562131 0.023668639053254437 0.9127218934911243
30 0.0650887573964497 0.026627218934911243 0.908284023668639
31 0.07248520710059171 0.02514792899408284 0.9023668639053254
32 0.08136094674556213 0.02514792899408284 0.893491124260355
33 0.08875739644970414 0.02514792899408284 0.886094674556213
34 0.09615384615384616 0.03106508875739645 0.8727810650887574
35 0.10650887573964497 0.029585798816568046 0.863905325443787
36 0.1227810650887574 0.022189349112426034 0.8550295857988166
37 0.12721893491124261 0.03106508875739645 0.841715976331361
38 0.13165680473372782 0.03254437869822485 0.8357988165680473
39 0.14201183431952663 0.038461538461538464 0.8195266272189349
40 0.15384615384615385 0.03698224852071006 0.8091715976331361
41 0.16568047337278108 0.034023668639053255 0.8002958579881657
42 0.17455621301775148 0.038461538461538464 0.7869822485207101
43 0.1878698224852071 0.03550295857988166 0.7766272189349113
44 0.1952662721893491 0.04437869822485207 0.7603550295857988
45 0.20414201183431951 0.04585798816568047 0.75
46 0.21745562130177515 0.05029585798816568 0.7322485207100592
47 0.23372781065088757 0.04585798816568047 0.7204142011834319
48 0.2455621301775148 0.05325443786982249 0.7011834319526628
49 0.2603550295857988 0.057692307692307696 0.6819526627218935
50 0.27366863905325445 0.05917159763313609 0.6671597633136095
51 0.29289940828402367 0.04881656804733728 0.658284023668639
52 0.30177514792899407 0.060650887573964495 0.6375739644970414
53 0.3224852071005917 0.05621301775147929 0.621301775147929
54 0.33727810650887574 0.057692307692307696 0.6050295857988166
55 0.3520710059171598 0.06360946745562131 0.584319526627219
56 0.35798816568047337 0.07840236686390532 0.5636094674556213
57 0.3831360946745562 0.0695266272189349 0.5473372781065089
58 0.3994082840236686 0.0695266272189349 0.5310650887573964
59 0.41420118343195267 0.06804733727810651 0.5177514792899408
60 0.4319526627218935 0.07396449704142012 0.4940828402366864
61 0.44822485207100593 0.07248520710059171 0.47928994082840237
62 0.46893491124260356 0.06360946745562131 0.46745562130177515
63 0.4881656804733728 0.06656804733727811 0.4452662721893491
64 0.5014792899408284 0.07396449704142012 0.4245562130177515
65 0.514792899408284 0.08431952662721894 0.40088757396449703
66 0.5414201183431953 0.0650887573964497 0.39349112426035504
67 0.5547337278106509 0.0650887573964497 0.3801775147928994
68 0.5739644970414202 0.05917159763313609 0.3668639053254438
69 0.591715976331361 0.060650887573964495 0.34763313609467456
70 0.6109467455621301 0.05621301775147929 0.3328402366863905
71 0.6227810650887574 0.05325443786982249 0.3239644970414201
72 0.6405325443786982 0.05029585798816568 0.3091715976331361
73 0.650887573964497 0.057692307692307696 0.29142011834319526
74 0.6627218934911243 0.0621301775147929 0.27514792899408286
75 0.6834319526627219 0.0621301775147929 0.25443786982248523
76 0.6967455621301775 0.0650887573964497 0.23816568047337278
77 0.7159763313609467 0.05917159763313609 0.22485207100591717
78 0.7292899408284024 0.060650887573964495 0.21005917159763313
79 0.7396449704142012 0.0650887573964497 0.1952662721893491
80 0.7677514792899408 0.05917159763313609 0.17307692307692307
81 0.7810650887573964 0.060650887573964495 0.15828402366863906
82 0.7943786982248521 0.05325443786982249 0.15236686390532544
83 0.8091715976331361 0.04881656804733728 0.14201183431952663
84 0.8254437869822485 0.03698224852071006 0.13757396449704143
85 0.834319526627219 0.03698224852071006 0.128698224852071
86 0.8461538461538461 0.029585798816568046 0.1242603550295858
87 0.856508875739645 0.022189349112426034 0.12130177514792899
88 0.8550295857988166 0.026627218934911243 0.11834319526627218
89 0.856508875739645 0.028106508875739646 0.11538461538461539
90 0.8594674556213018 0.029585798816568046 0.11094674556213018
91 0.8624260355029586 0.028106508875739646 0.10946745562130178
92 0.8668639053254438 0.026627218934911243 0.10650887573964497
93 0.8683431952662722 0.02514792899408284 0.10650887573964497
94 0.8698224852071006 0.02514792899408284 0.10502958579881656
95 0.8742603550295858 0.02514792899408284 0.10059171597633136
96 0.878698224852071 0.026627218934911243 0.09467455621301775
97 0.863905325443787 0.03254437869822485 0.10355029585798817
98 0.8609467455621301 0.03550295857988166 0.10355029585798817
99 0.7707100591715976 0.12130177514792899 0.10798816568047337
100 0.7766272189349113 0.11538461538461539 0.10798816568047337
101 0.0 0.8949704142011834 0.10502958579881656
102 0.0 0.8964497041420119 0.10355029585798817
103 0.0 0.900887573964497 0.09911242603550297
104 0.0 0.9038461538461539 0.09615384615384616
105 0.0 0.9038461538461539 0.09615384615384616
106 0.0 0.849112426035503 0.15088757396449703
107 0.0 0.0 1.0
108 0.0 0.0 1.0
109 0.0 0.0 1.0
110 0.0 0.0 1.0
111 0.0 0.0 1.0
112 0.0 0.0 1.0
113 0.0 0.0 1.0
114 0.0 0.0 1.0
115 0.0 0.0 1.0
116 0.0 0.0 1.0
117 0.0 0.0 1.0
118 0.0 0.0 1.0
119 0.0 0.0 1.0
120 0.0 0.0 1.0
121 0.0 0.0 1.0
122 0.0 0.0 1.0
123 0.0 0.0 1.0
124 0.0 0.0 1.0
125 0.0 0.0 1.0
126 0.0 0.0 1.0
127 0.0 0.0 1.0
128 0.0 0.0 1.0
129 0.0 0.0 1.0
130 0.0 0.0 1.0
131 0.0 0.0 1.0
132 0.0 0.0 1.0
133 0.0 0.0 1.0
134 0.0 0.0 1.0
135 0.0 0.0 1.0
136 0.0 0.0 1.0
137 0.0 0.0 1.0
138 0.0 0.0 1.0
139 0.0 0.0 1.0
140 0.0 0.0 1.0
141 0.0 0.0 1.0
142 0.0 0.0 1.0
143 0.0 0.0 1.0
144 0.0 0.0 1.0
145 0.0 0.0 1.0
146 0.0 0.0 1.0
147 0.0 0.0 1.0
148 0.0 0.0 1.0
149 0.0 0.0 1.0
150 0.0 0.0 1.0
151 0.0 0.0 1.0
152 0.0 0.0 1.0
153 0.0 0.0 1.0
154 0.0 0.0 1.0
155 0.0 0.0 1.0
156 0.0 0.0 1.0
157 0.0 0.0 1.0
158 0.0 0.0 1.0
159 0.0 0.0 1.0
160 0.0 0.0 1.0
161 0.0 0.0 1.0
162 0.0 0.0 1.0
163 0.0 0.0 1.0
164 0.0 0.0 1.0
165 0.0 0.0 1.0
166 0.0 0.0 1.0
167 0.0 0.0 1.0
168 0.0 0.0 1.0
169 0.0 0.0 1.0
170 0.0 0.0 1.0
171 0.0 0.0 1.0
172 0.0 0.0 1.0
173 0.0 0.0 1.0
174 0.0 0.0 1.0
175 0.0 0.0 1.0
176 0.0 0.0 1.0
177 0.0 0.0 1.0
178 0.0 0.0 1.0
179 0.0 0.0 1.0
180 0.0 0.0 1.0
181 0.0 0.0 1.0
182 0.0 0.0 1.0
183 0.0 0.0 1.0
184 0.0 0.0 1.0
185 0.0 0.0 1.0
186 0.0 0.0 1.0
187 0.0 0.0 1.0
188 0.0 0.0 1.0
189 0.0 0.0 1.0
190 0.0 0.0 1.0
191 0.0 0.0 1.0
192 0.0 0.0 1.0
193 0.0 0.0 1.0
194 0.0 0.0 1.0
195 0.0 0.0 1.0
196 0.0 0.0 1.0
197 0.0 0.0 1.0
198 0.0 0.0 1.0
199 0.0 0.0 1.0
200 0.0 0.0 1.0
201 0.0 0.0 1.0
202 0.0 0.0 1.0
203 0.0 0.0 1.0
204 0.0 0.0 1.0
205 0.0 0.0 1.0
206 0.0 0.0 1.0
207 0.0 0.0 1.0
208 0.0 0.0 1.0
209 0.0 0.0 1.0
210 0.0 0.0 1.0
211 0.0 0.0 1.0
212 0.0 0.0 1.0
213 0.0 0.0 1.0
214 0.0 0.0 1.0
215 0.0 0.0 1.0
216 0.0 0.0 1.0
217 0.0 0.0 1.0
218 0.0 0.0 1.0
219 0.0 0.0 1.0
220 0.0 0.0 1.0
221 0.0 0.0 1.0
222 0.0 0.0 1.0
223 0.0 0.0 1.0
224 0.0 0.0 1.0
225 0.0 0.0 1.0
226 0.0 0.0 1.0
227 0.0 0.0 1.0
228 0.0 0.0 1.0
229 0.0 0.0 1.0
230 0.0 0.0 1.0
231 0.0 0.0 1.0
232 0.0 0.0 1.0
233 0.0 0.0 1.0
234 0.0 0.0 1.0
235 0.0 0.0 1.0
236 0.0 0.0 1.0
237 0.0 0.0 1.0
238 0.0 0.0 1.0
239 0.0 0.0 1.0
240 0.0 0.0 1.0
241 0.0 0.0 1.0
242 0.0 0.0 1.0
243 0.0 0.0 1.0
244 0.0 0.0 1.0
245 0.0 0.0 1.0
246 0.0 0.0 1.0
247 0.0 0.0 1.0
248 0.0 0.0 1.0
249 0.0 0.0 1.0
250 0.0 0.0 1.0
251 0.0 0.0 1.0
252 0.0 0.0 1.0
253 0.0 0.0 1.0
254 0.0 0.0 1.0
255 0.0 0.0 1.0
256 0.0 0.0 1.0
257 0.0 0.0 1.0
258 0.0 0.0 1.0
259 0.0 0.0 1.0
260 0.0 0.0 1.0
261 0.0 0.0 1.0
262 0.0 0.0 1.0
263 0.0 0.0 1.0
264 0.0 0.0 1.0
265 0.0 0.0 1.0
266 0.0 0.0 1.0
267 0.0 0.0 1.0
268 0.0 0.0 1.0
269 0.0 0.0 1.0
270 0.0 0.0 1.0
271 0.0 0.0 1.0
272 0.0 0.0 1.0
273 0.0 0.0 1.0
274 0.0 0.0 1.0
275 0.0 0.0 1.0
276 0.0 0.0 1.0
277 0.0 0.0 1.0
278 0.0 0.0 1.0
279 0.0 0.0 1.0
280 0.0 0.0 1.0
281 0.0 0.0 1.0
282 0.0 0.0 1.0
283 0.0 0.0 1.0
284 0.0 0.0 1.0
285 0.0 0.0 1.0
286 0.0 0.0 1.0
287 0.0 0.0 1.0
288 0.0 0.0 1.0
289 0.0 0.0 1.0
290 0.0 0.0 1.0
291 0.0 0.0 1.0
292 0.0 0.0 1.0
293 0.0 0.0 1.0
294 0.0 0.0 1.0
295 0.0 0.0 1.0
296 0.0 0.0 1.0
297 0.0 0.0 1.0
298 0.0 0.0 1.0
299 0.0 0.0 1.0
300 0.0 0.0 1.0
