0 0.0014792899408284023 0.0 0.9985207100591716
1 0.0014792899408284023 0.0014792899408284023 0.9970414201183432
2 0.0014792899408284023 0.0014792899408284023 0.9970414201183432
3 0.0014792899408284023 0.0014792899408284023 0.9970414201183432
4 0.0014792899408284023 0.004437869822485207 0.9940828402366864
5 0.0014792899408284023 0.004437869822485207 0.9940828402366864
6 0.0014792899408284023 0.004437869822485207 0.9940828402366864
7 0.0014792899408284023 0.004437869822485207 0.9940828402366864
8 0.004437869822485207 0.0014792899408284023 0.9940828402366864
9 0.005917159763313609 0.004437869822485207 0.9896449704142012
10 0.005917159763313609 0.008875739644970414 0.985207100591716
11 0.005917159763313609 0.010355029585798817 0.9837278106508875
12 0.0073964497041420114 0.011834319526627219 0.9807692307692307
13 0.008875739644970414 0.011834319526627219 0.9792899408284024
14 0.010355029585798817 0.011834319526627219 0.977810650887574
15 0.010355029585798817 0.013313609467455622 0.9763313609467456
16 0.010355029585798817 0.014792899408284023 0.9748520710059172
17 0.014792899408284023 0.016272189349112426 0.9689349112426036
18 0.014792899408284023 0.019230769230769232 0.9659763313609467
19 0.014792899408284023 0.02514792899408284 0.9600591715976331
20 0.016272189349112426 0.026627218934911243 0.9571005917159763
21 0.01775147928994083 0.028106508875739646 0.9541420118343196
22 0.023668639053254437 0.029585798816568046 0.9467455621301775
23 0.02514792899408284 0.03106508875739645 0.9437869822485208
24 0.028106508875739646 0.03550295857988166 0.9363905325443787
25 0.03254437869822485 0.03994082840236687 0.9275147928994083
26 0.03698224852071006 0.04881656804733728 0.9142011834319527
27 0.04142011834319527 0.05621301775147929 0.9023668639053254
28 0.04881656804733728 0.05621301775147929 0.8949704142011834
29 0.05325443786982249 0.05917159763313609 0.8875739644970414
30 0.05917159763313609 0.057692307692307696 0.8831360946745562
31 0.06360946745562131 0.0621301775147929 0.8742603550295858
32 0.07248520710059171 0.060650887573964495 0.8668639053254438
33 0.07544378698224852 0.06360946745562131 0.8609467455621301
34 0.08136094674556213 0.0621301775147929 0.856508875739645
35 0.08579881656804733 0.0695266272189349 0.8446745562130178
36 0.09763313609467456 0.0695266272189349 0.8328402366863905
37 0.11242603550295859 0.06656804733727811 0.8210059171597633
38 0.11686390532544379 0.07692307692307693 0.8062130177514792
39 0.11982248520710059 0.08284023668639054 0.7973372781065089
40 0.13313609467455623 0.08431952662721894 0.7825443786982249
41 0.13757396449704143 0.09763313609467456 0.764792899408284
42 0.14940828402366865 0.09171597633136094 0.7588757396449705
43 0.16124260355029585 0.10355029585798817 0.735207100591716
44 0.17011834319526628 0.11538461538461539 0.7144970414201184
45 0.1834319526627219 0.11686390532544379 0.6997041420118343
46 0.19674556213017752 0.11686390532544379 0.6863905325443787
47 0.21005917159763313 0.1257396449704142 0.6642011834319527
48 0.21745562130177515 0.1346153846153846 0.6479289940828402
49 0.23076923076923078 0.13757396449704143 0.6316568047337278
50 0.24260355029585798 0.1390532544378698 0.6183431952662722
51 0.2514792899408284 0.14201183431952663 0.606508875739645
52 0.27071005917159763 0.13757396449704143 0.591715976331361
53 0.2781065088757396 0.14792899408284024 0.5739644970414202
54 0.29289940828402367 0.14497041420118342 0.5621301775147929
55 0.3091715976331361 0.14201183431952663 0.5488165680473372
56 0.3254437869822485 0.14053254437869822 0.5340236686390533
57 0.33579881656804733 0.15384615384615385 0.5103550295857988
58 0.34763313609467456 0.15976331360946747 0.492603550295858
59 0.3609467455621302 0.16420118343195267 0.47485207100591714
60 0.371301775147929 0.17159763313609466 0.45710059171597633
61 0.3890532544378698 0.17011834319526628 0.4408284023668639
62 0.4068047337278107 0.17159763313609466 0.42159763313609466
63 0.41420118343195267 0.17899408284023668 0.4068047337278107
64 0.4245562130177515 0.1863905325443787 0.3890532544378698
65 0.4452662721893491 0.1878698224852071 0.3668639053254438
66 0.4556213017751479 0.1878698224852071 0.35650887573964496
67 0.46449704142011833 0.1908284023668639 0.34467455621301774
68 0.4822485207100592 0.1834319526627219 0.3343195266272189
69 0.5 0.1760355029585799 0.3239644970414201
70 0.5118343195266272 0.17751479289940827 0.3106508875739645
71 0.5266272189349113 0.1760355029585799 0.2973372781065089
72 0.5443786982248521 0.16568047337278108 0.28994082840236685
73 0.5562130177514792 0.17307692307692307 0.27071005917159763
74 0.5739644970414202 0.16863905325443787 0.257396449704142
75 0.599112426035503 0.14940828402366865 0.2514792899408284
76 0.6124260355029586 0.14497041420118342 0.24260355029585798
77 0.6346153846153846 0.14201183431952663 0.22337278106508876
78 0.6449704142011834 0.13757396449704143 0.21745562130177515
79 0.6553254437869822 0.1390532544378698 0.20562130177514792
80 0.6760355029585798 0.1257396449704142 0.19822485207100593
81 0.6863905325443787 0.128698224852071 0.1849112426035503
82 0.7056213017751479 0.11538461538461539 0.17899408284023668
83 0.7204142011834319 0.10502958579881656 0.17455621301775148
84 0.7337278106508875 0.09615384615384616 0.17011834319526628
85 0.7411242603550295 0.09911242603550297 0.15976331360946747
86 0.7514792899408284 0.09615384615384616 0.15236686390532544
87 0.7662721893491125 0.09319526627218935 0.14053254437869822
88 0.7781065088757396 0.08284023668639054 0.1390532544378698
89 0.7884615384615384 0.07544378698224852 0.13609467455621302
90 0.7943786982248521 0.07692307692307693 0.128698224852071
91 0.8017751479289941 0.07544378698224852 0.1227810650887574
92 0.8136094674556213 0.06804733727810651 0.11834319526627218
93 0.8195266272189349 0.0650887573964497 0.11538461538461539
94 0.8239644970414202 0.06360946745562131 0.11242603550295859
95 0.8328402366863905 0.057692307692307696 0.10946745562130178
96 0.8387573964497042 0.05917159763313609 0.10207100591715976
97 0.8446745562130178 0.05621301775147929 0.09911242603550297
98 0.8594674556213018 0.047337278106508875 0.09319526627218935
99 0.863905325443787 0.047337278106508875 0.08875739644970414
100 0.8698224852071006 0.04142011834319527 0.08875739644970414
101 0.8742603550295858 0.038461538461538464 0.08727810650887574
102 0.8801775147928994 0.034023668639053255 0.08579881656804733
103 0.0 0.8846153846153846 0.11538461538461539
104 0.0 0.886094674556213 0.11390532544378698
105 0.0 0.893491124260355 0.10650887573964497
106 0.0 0.8964497041420119 0.10355029585798817
107 0.0 0.8964497041420119 0.10355029585798817
108 0.0 0.8979289940828402 0.10207100591715976
109 0.0 0.8979289940828402 0.10207100591715976
110 0.0 0.0 1.0
111 0.0 0.0 1.0
112 0.0 0.0 1.0
113 0.0 0.0 1.0
114 0.0 0.0 1.0
115 0.0 0.0 1.0
116 0.0 0.0 1.0
117 0.0 0.0 1.0
118 0.0 0.0 1.0
119 0.0 0.0 1.0
120 0.0 0.0 1.0
121 0.0 0.0 1.0
122 0.0 0.0 1.0
123 0.0 0.0 1.0
124 0.0 0.0 1.0
125 0.0 0.0 1.0
126 0.0 0.0 1.0
127 0.0 0.0 1.0
128 0.0 0.0 1.0
129 0.0 0.0 1.0
130 0.0 0.0 1.0
131 0.0 0.0 1.0
132 0.0 0.0 1.0
133 0.0 0.0 1.0
134 0.0 0.0 1.0
135 0.0 0.0 1.0
136 0.0 0.0 1.0
137 0.0 0.0 1.0
138 0.0 0.0 1.0
139 0.0 0.0 1.0
140 0.0 0.0 1.0
141 0.0 0.0 1.0
142 0.0 0.0 1.0
143 0.0 0.0 1.0
144 0.0 0.0 1.0
145 0.0 0.0 1.0
146 0.0 0.0 1.0
147 0.0 0.0 1.0
148 0.0 0.0 1.0
149 0.0 0.0 1.0
150 0.0 0.0 1.0
151 0.0 0.0 1.0
152 0.0 0.0 1.0
153 0.0 0.0 1.0
154 0.0 0.0 1.0
155 0.0 0.0 1.0
156 0.0 0.0 1.0
157 0.0 0.0 1.0
158 0.0 0.0 1.0
159 0.0 0.0 1.0
160 0.0 0.0 1.0
161 0.0 0.0 1.0
162 0.0 0.0 1.0
163 0.0 0.0 1.0
164 0.0 0.0 1.0
165 0.0 0.0 1.0
166 0.0 0.0 1.0
167 0.0 0.0 1.0
168 0.0 0.0 1.0
169 0.0 0.0 1.0
170 0.0 0.0 1.0
171 0.0 0.0 1.0
172 0.0 0.0 1.0
173 0.0 0.0 1.0
174 0.0 0.0 1.0
175 0.0 0.0 1.0
176 0.0 0.0 1.0
177 0.0 0.0 1.0
178 0.0 0.0 1.0
179 0.0 0.0 1.0
180 0.0 0.0 1.0
181 0.0 0.0 1.0
182 0.0 0.0 1.0
183 0.0 0.0 1.0
184 0.0 0.0 1.0
185 0.0 0.0 1.0
186 0.0 0.0 1.0
187 0.0 0.0 1.0
188 0.0 0.0 1.0
189 0.0 0.0 1.0
190 0.0 0.0 1.0
191 0.0 0.0 1.0
192 0.0 0.0 1.0
193 0.0 0.0 1.0
194 0.0 0.0 1.0
195 0.0 0.0 1.0
196 0.0 0.0 1.0
197 0.0 0.0 1.0
198 0.0 0.0 1.0
199 0.0 0.0 1.0
200 0.0 0.0 1.0
201 0.0 0.0 1.0
202 0.0 0.0 1.0
203 0.0 0.0 1.0
204 0.0 0.0 1.0
205 0.0 0.0 1.0
206 0.0 0.0 1.0
207 0.0 0.0 1.0
208 0.0 0.0 1.0
209 0.0 0.0 1.0
210 0.0 0.0 1.0
211 0.0 0.0 1.0
212 0.0 0.0 1.0
213 0.0 0.0 1.0
214 0.0 0.0 1.0
215 0.0 0.0 1.0
216 0.0 0.0 1.0
217 0.0 0.0 1.0
218 0.0 0.0 1.0
219 0.0 0.0 1.0
220 0.0 0.0 1.0
221 0.0 0.0 1.0
222 0.0 0.0 1.0
223 0.0 0.0 1.0
224 0.0 0.0 1.0
225 0.0 0.0 1.0
226 0.0 0.0 1.0
227 0.0 0.0 1.0
228 0.0 0.0 1.0
229 0.0 0.0 1.0
230 0.0 0.0 1.0
231 0.0 0.0 1.0
232 0.0 0.0 1.0
233 0.0 0.0 1.0
234 0.0 0.0 1.0
235 0.0 0.0 1.0
236 0.0 0.0 1.0
237 0.0 0.0 1.0
238 0.0 0.0 1.0
239 0.0 0.0 1.0
240 0.0 0.0 1.0
241 0.0 0.0 1.0
242 0.0 0.0 1.0
243 0.0 0.0 1.0
244 0.0 0.0 1.0
245 0.0 0.0 1.0
246 0.0 0.0 1.0
247 0.0 0.0 1.0
248 0.0 0.0 1.0
249 0.0 0.0 1.0
250 0.0 0.0 1.0
251 0.0 0.0 1.0
252 0.0 0.0 1.0
253 0.0 0.0 1.0
254 0.0 0.0 1.0
255 0.0 0.0 1.0
256 0.0 0.0 1.0
257 0.0 0.0 1.0
258 0.0 0.0 1.0
259 0.0 0.0 1.0
260 0.0 0.0 1.0
261 0.0 0.0 1.0
262 0.0 0.0 1.0
263 0.0 0.0 1.0
264 0.0 0.0 1.0
265 0.0 0.0 1.0
266 0.0 0.0 1.0
267 0.0 0.0 1.0
268 0.0 0.0 1.0
269 0.0 0.0 1.0
270 0.0 0.0 1.0
271 0.0 0.0 1.0
272 0.0 0.0 1.0
273 0.0 0.0 1.0
274 0.0 0.0 1.0
275 0.0 0.0 1.0
276 0.0 0.0 1.0
277 0.0 0.0 1.0
278 0.0 0.0 1.0
279 0.0 0.0 1.0
280 0.0 0.0 1.0
281 0.0 0.0 1.0
282 0.0 0.0 1.0
283 0.0 0.0 1.0
284 0.0 0.0 1.0
285 0.0 0.0 1.0
286 0.0 0.0 1.0
287 0.0 0.0 1.0
288 0.0 0.0 1.0
289 0.0 0.0 1.0
290 0.0 0.0 1.0
291 0.0 0.0 1.0
292 0.0 0.0 1.0
293 0.0 0.0 1.0
294 0.0 0.0 1.0
295 0.0 0.0 1.0
296 0.0 0.0 1.0
297 0.0 0.0 1.0
298 0.0 0.0 1.0
299 0.0 0.0 1.0
300 0.0 0.0 1.0
