0 0.0014792899408284023 0.0 0.9985207100591716
1 0.0014792899408284023 0.0 0.9985207100591716
2 0.0014792899408284023 0.0 0.9985207100591716
3 0.0014792899408284023 0.0 0.9985207100591716
4 0.0014792899408284023 0.0 0.9985207100591716
5 0.0014792899408284023 0.0029585798816568047 0.9955621301775148
6 0.0014792899408284023 0.004437869822485207 0.9940828402366864
7 0.0014792899408284023 0.004437869822485207 0.9940828402366864
8 0.0029585798816568047 0.005917159763313609 0.9911242603550295
9 0.004437869822485207 0.004437869822485207 0.9911242603550295
10 0.004437869822485207 0.005917159763313609 0.9896449704142012
11 0.005917159763313609 0.0073964497041420114 0.9866863905325444
12 0.008875739644970414 0.0073964497041420114 0.9837278106508875
13 0.010355029585798817 0.008875739644970414 0.9807692307692307
14 0.013313609467455622 0.008875739644970414 0.977810650887574
15 0.014792899408284023 0.011834319526627219 0.9733727810650887
16 0.016272189349112426 0.013313609467455622 0.9704142011834319
17 0.01775147928994083 0.014792899408284023 0.9674556213017751
18 0.020710059171597635 0.014792899408284023 0.9644970414201184
19 0.022189349112426034 0.022189349112426034 0.9556213017751479
20 0.02514792899408284 0.023668639053254437 0.9511834319526628
21 0.03106508875739645 0.023668639053254437 0.9452662721893491
22 0.03254437869822485 0.026627218934911243 0.9408284023668639
23 0.03698224852071006 0.026627218934911243 0.9363905325443787
24 0.04142011834319527 0.029585798816568046 0.9289940828402367
25 0.05029585798816568 0.03106508875739645 0.9186390532544378
26 0.057692307692307696 0.028106508875739646 0.9142011834319527
27 0.05917159763313609 0.03550295857988166 0.9053254437869822
28 0.06804733727810651 0.03106508875739645 0.900887573964497
29 0.07544378698224852 0.03254437869822485 0.8920118343195266
30 0.08284023668639054 0.038461538461538464 0.878698224852071
31 0.09171597633136094 0.038461538461538464 0.8698224852071006
32 0.10059171597633136 0.038461538461538464 0.8609467455621301
33 0.10502958579881656 0.042899408284023666 0.8520710059171598
34 0.11242603550295859 0.04585798816568047 0.841715976331361
35 0.1227810650887574 0.04881656804733728 0.8284023668639053
36 0.12721893491124261 0.05325443786982249 0.8195266272189349
37 0.1301775147928994 0.06656804733727811 0.8032544378698225
38 0.14201183431952663 0.07100591715976332 0.7869822485207101
39 0.16124260355029585 0.060650887573964495 0.7781065088757396
40 0.16715976331360946 0.0621301775147929 0.7707100591715976
41 0.1849112426035503 0.06656804733727811 0.7485207100591716
42 0.1952662721893491 0.06804733727810651 0.7366863905325444
43 0.20414201183431951 0.07544378698224852 0.7204142011834319
44 0.21005917159763313 0.08727810650887574 0.7026627218934911
45 0.22485207100591717 0.08284023668639054 0.6923076923076923
46 0.23520710059171598 0.08875739644970414 0.6760355029585798
47 0.257396449704142 0.07988165680473373 0.6627218934911243
48 0.27514792899408286 0.08284023668639054 0.6420118343195266
49 0.28846153846153844 0.08284023668639054 0.628698224852071
50 0.2958579881656805 0.08579881656804733 0.6183431952662722
51 0.3121301775147929 0.09023668639053255 0.5976331360946746
52 0.3224852071005917 0.10207100591715976 0.5754437869822485
53 0.34467455621301774 0.10207100591715976 0.5532544378698225
54 0.36538461538461536 0.10650887573964497 0.5281065088757396
55 0.386094674556213 0.10355029585798817 0.5103550295857988
56 0.3979289940828402 0.10355029585798817 0.4985207100591716
57 0.41863905325443784 0.09911242603550297 0.4822485207100592
58 0.4349112426035503 0.10207100591715976 0.4630177514792899
59 0.44970414201183434 0.10355029585798817 0.4467455621301775
60 0.46893491124260356 0.10059171597633136 0.43047337278106507
61 0.4881656804733728 0.10502958579881656 0.4068047337278107
62 0.507396449704142 0.10355029585798817 0.3890532544378698
63 0.5207100591715976 0.10502958579881656 0.3742603550295858
64 0.5384615384615384 0.09763313609467456 0.363905325443787
65 0.5576923076923077 0.09319526627218935 0.34911242603550297
66 0.5695266272189349 0.09911242603550297 0.33136094674556216
67 0.5872781065088757 0.09023668639053255 0.3224852071005917
68 0.606508875739645 0.09023668639053255 0.3032544378698225
69 0.6227810650887574 0.08579881656804733 0.29142011834319526
70 0.6405325443786982 0.07840236686390532 0.28106508875739644
71 0.650887573964497 0.09171597633136094 0.257396449704142
72 0.6715976331360947 0.08579881656804733 0.24260355029585798
73 0.6819526627218935 0.08579881656804733 0.23224852071005916
74 0.6952662721893491 0.08579881656804733 0.21893491124260356
75 0.7144970414201184 0.07396449704142012 0.21153846153846154
76 0.7292899408284024 0.07100591715976332 0.1997041420118343
77 0.7440828402366864 0.07396449704142012 0.1819526627218935
78 0.7618343195266272 0.06360946745562131 0.17455621301775148
79 0.7736686390532544 0.0695266272189349 0.15680473372781065
80 0.7840236686390533 0.06656804733727811 0.14940828402366865
81 0.8002958579881657 0.060650887573964495 0.1390532544378698
82 0.8047337278106509 0.06360946745562131 0.13165680473372782
83 0.8150887573964497 0.05917159763313609 0.1257396449704142
84 0.8239644970414202 0.05621301775147929 0.11982248520710059
85 0.834319526627219 0.05325443786982249 0.11242603550295859
86 0.841715976331361 0.05325443786982249 0.10502958579881656
87 0.8535502958579881 0.042899408284023666 0.10355029585798817
88 0.8609467455621301 0.038461538461538464 0.10059171597633136
89 0.8683431952662722 0.03106508875739645 0.10059171597633136
90 0.878698224852071 0.026627218934911243 0.09467455621301775
91 0.8727810650887574 0.028106508875739646 0.09911242603550297
92 0.878698224852071 0.03106508875739645 0.09023668639053255
93 0.8846153846153846 0.028106508875739646 0.08727810650887574
94 0.893491124260355 0.020710059171597635 0.08579881656804733
95 0.8979289940828402 0.016272189349112426 0.08579881656804733
96 0.9038461538461539 0.010355029585798817 0.08579881656804733
97 0.9068047337278107 0.008875739644970414 0.08431952662721894
98 0.908284023668639 0.008875739644970414 0.08284023668639054
99 0.9053254437869822 0.011834319526627219 0.08284023668639054
100 0.9097633136094675 0.0073964497041420114 0.08284023668639054
101 0.878698224852071 0.038461538461538464 0.08284023668639054
102 0.0 0.915680473372781 0.08431952662721894
103 0.0 0.893491124260355 0.10650887573964497
104 0.0 0.0 1.0
105 0.0 0.0 1.0
106 0.0 0.0 1.0
107 0.0 0.0 1.0
108 0.0 0.0 1.0
109 0.0 0.0 1.0
110 0.0 0.0 1.0
111 0.0 0.0 1.0
112 0.0 0.0 1.0
113 0.0 0.0 1.0
114 0.0 0.0 1.0
115 0.0 0.0 1.0
116 0.0 0.0 1.0
117 0.0 0.0 1.0
118 0.0 0.0 1.0
119 0.0 0.0 1.0
120 0.0 0.0 1.0
121 0.0 0.0 1.0
122 0.0 0.0 1.0
123 0.0 0.0 1.0
124 0.0 0.0 1.0
125 0.0 0.0 1.0
126 0.0 0.0 1.0
127 0.0 0.0 1.0
128 0.0 0.0 1.0
129 0.0 0.0 1.0
130 0.0 0.0 1.0
131 0.0 0.0 1.0
132 0.0 0.0 1.0
133 0.0 0.0 1.0
134 0.0 0.0 1.0
135 0.0 0.0 1.0
136 0.0 0.0 1.0
137 0.0 0.0 1.0
138 0.0 0.0 1.0
139 0.0 0.0 1.0
140 0.0 0.0 1.0
141 0.0 0.0 1.0
142 0.0 0.0 1.0
143 0.0 0.0 1.0
144 0.0 0.0 1.0
145 0.0 0.0 1.0
146 0.0 0.0 1.0
147 0.0 0.0 1.0
148 0.0 0.0 1.0
149 0.0 0.0 1.0
150 0.0 0.0 1.0
151 0.0 0.0 1.0
152 0.0 0.0 1.0
153 0.0 0.0 1.0
154 0.0 0.0 1.0
155 0.0 0.0 1.0
156 0.0 0.0 1.0
157 0.0 0.0 1.0
158 0.0 0.0 1.0
159 0.0 0.0 1.0
160 0.0 0.0 1.0
161 0.0 0.0 1.0
162 0.0 0.0 1.0
163 0.0 0.0 1.0
164 0.0 0.0 1.0
165 0.0 0.0 1.0
166 0.0 0.0 1.0
167 0.0 0.0 1.0
168 0.0 0.0 1.0
169 0.0 0.0 1.0
170 0.0 0.0 1.0
171 0.0 0.0 1.0
172 0.0 0.0 1.0
173 0.0 0.0 1.0
174 0.0 0.0 1.0
175 0.0 0.0 1.0
176 0.0 0.0 1.0
177 0.0 0.0 1.0
178 0.0 0.0 1.0
179 0.0 0.0 1.0
180 0.0 0.0 1.0
181 0.0 0.0 1.0
182 0.0 0.0 1.0
183 0.0 0.0 1.0
184 0.0 0.0 1.0
185 0.0 0.0 1.0
186 0.0 0.0 1.0
187 0.0 0.0 1.0
188 0.0 0.0 1.0
189 0.0 0.0 1.0
190 0.0 0.0 1.0
191 0.0 0.0 1.0
192 0.0 0.0 1.0
193 0.0 0.0 1.0
194 0.0 0.0 1.0
195 0.0 0.0 1.0
196 0.0 0.0 1.0
197 0.0 0.0 1.0
198 0.0 0.0 1.0
199 0.0 0.0 1.0
200 0.0 0.0 1.0
201 0.0 0.0 1.0
202 0.0 0.0 1.0
203 0.0 0.0 1.0
204 0.0 0.0 1.0
205 0.0 0.0 1.0
206 0.0 0.0 1.0
207 0.0 0.0 1.0
208 0.0 0.0 1.0
209 0.0 0.0 1.0
210 0.0 0.0 1.0
211 0.0 0.0 1.0
212 0.0 0.0 1.0
213 0.0 0.0 1.0
214 0.0 0.0 1.0
215 0.0 0.0 1.0
216 0.0 0.0 1.0
217 0.0 0.0 1.0
218 0.0 0.0 1.0
219 0.0 0.0 1.0
220 0.0 0.0 1.0
221 0.0 0.0 1.0
222 0.0 0.0 1.0
223 0.0 0.0 1.0
224 0.0 0.0 1.0
225 0.0 0.0 1.0
226 0.0 0.0 1.0
227 0.0 0.0 1.0
228 0.0 0.0 1.0
229 0.0 0.0 1.0
230 0.0 0.0 1.0
231 0.0 0.0 1.0
232 0.0 0.0 1.0
233 0.0 0.0 1.0
234 0.0 0.0 1.0
235 0.0 0.0 1.0
236 0.0 0.0 1.0
237 0.0 0.0 1.0
238 0.0 0.0 1.0
239 0.0 0.0 1.0
240 0.0 0.0 1.0
241 0.0 0.0 1.0
242 0.0 0.0 1.0
243 0.0 0.0 1.0
244 0.0 0.0 1.0
245 0.0 0.0 1.0
246 0.0 0.0 1.0
247 0.0 0.0 1.0
248 0.0 0.0 1.0
249 0.0 0.0 1.0
250 0.0 0.0 1.0
251 0.0 0.0 1.0
252 0.0 0.0 1.0
253 0.0 0.0 1.0
254 0.0 0.0 1.0
255 0.0 0.0 1.0
256 0.0 0.0 1.0
257 0.0 0.0 1.0
258 0.0 0.0 1.0
259 0.0 0.0 1.0
260 0.0 0.0 1.0
261 0.0 0.0 1.0
262 0.0 0.0 1.0
263 0.0 0.0 1.0
264 0.0 0.0 1.0
265 0.0 0.0 1.0
266 0.0 0.0 1.0
267 0.0 0.0 1.0
268 0.0 0.0 1.0
269 0.0 0.0 1.0
270 0.0 0.0 1.0
271 0.0 0.0 1.0
272 0.0 0.0 1.0
273 0.0 0.0 1.0
274 0.0 0.0 1.0
275 0.0 0.0 1.0
276 0.0 0.0 1.0
277 0.0 0.0 1.0
278 0.0 0.0 1.0
279 0.0 0.0 1.0
280 0.0 0.0 1.0
281 0.0 0.0 1.0
282 0.0 0.0 1.0
283 0.0 0.0 1.0
284 0.0 0.0 1.0
285 0.0 0.0 1.0
286 0.0 0.0 1.0
287 0.0 0.0 1.0
288 0.0 0.0 1.0
289 0.0 0.0 1.0
290 0.0 0.0 1.0
291 0.0 0.0 1.0
292 0.0 0.0 1.0
293 0.0 0.0 1.0
294 0.0 0.0 1.0
295 0.0 0.0 1.0
296 0.0 0.0 1.0
297 0.0 0.0 1.0
298 0.0 0.0 1.0
299 0.0 0.0 1.0
300 0.0 0.0 1.0
