0 1 0 675
1 1 0 675
2 1 0 675
3 1 0 675
4 1 0 675
5 1 0 675
6 1 0 675
7 1 0 675
8 1 0 675
9 1 0 675
10 1 0 675
11 1 1 674
12 1 1 674
13 1 1 674
14 1 1 674
15 1 3 672
16 4 3 669
17 4 3 669
18 4 4 668
19 6 2 668
20 7 1 668
21 7 2 667
22 7 6 663
23 8 9 659
24 11 7 658
25 11 10 655
26 15 11 650
27 17 11 648
28 19 9 648
29 22 11 643
30 27 9 640
31 29 10 637
32 29 12 635
33 30 14 632
34 34 19 623
35 38 22 616
36 40 23 613
37 46 19 611
38 50 16 610
39 53 20 603
40 60 21 595
41 63 23 590
42 67 26 583
43 73 24 579
44 77 30 569
45 83 30 563
46 91 28 557
47 96 31 549
48 102 30 544
49 107 35 534
50 115 35 526
51 123 32 521
52 136 31 509
53 141 41 494
54 145 44 487
55 155 44 477
56 166 40 470
57 172 44 460
58 182 42 452
59 188 50 438
60 197 52 427
61 208 51 417
62 218 54 404
63 224 61 391
64 237 58 381
65 251 59 366
66 264 54 358
67 277 55 344
68 291 54 331
69 302 58 316
70 311 58 307
71 324 62 290
72 331 66 279
73 344 63 269
74 369 50 257
75 381 54 241
76 391 53 232
77 401 49 226
78 413 48 215
79 423 48 205
80 435 50 191
81 448 44 184
82 455 49 172
83 464 49 163
84 477 42 157
85 486 46 144
86 495 53 128
87 484 63 129
88 496 60 120
89 506 56 114
90 514 56 106
91 522 56 98
92 534 50 92
93 545 43 88
94 528 60 88
95 0 580 96
96 0 545 131
97 0 0 676
98 0 0 676
99 0 0 676
100 0 0 676
101 0 0 676
102 0 0 676
103 0 0 676
104 0 0 676
105 0 0 676
106 0 0 676
107 0 0 676
108 0 0 676
109 0 0 676
110 0 0 676
111 0 0 676
112 0 0 676
113 0 0 676
114 0 0 676
115 0 0 676
116 0 0 676
117 0 0 676
118 0 0 676
119 0 0 676
120 0 0 676
121 0 0 676
122 0 0 676
123 0 0 676
124 0 0 676
125 0 0 676
126 0 0 676
127 0 0 676
128 0 0 676
129 0 0 676
130 0 0 676
131 0 0 676
132 0 0 676
133 0 0 676
134 0 0 676
135 0 0 676
136 0 0 676
137 0 0 676
138 0 0 676
139 0 0 676
140 0 0 676
141 0 0 676
142 0 0 676
143 0 0 676
144 0 0 676
145 0 0 676
146 0 0 676
147 0 0 676
148 0 0 676
149 0 0 676
150 0 0 676
151 0 0 676
152 0 0 676
153 0 0 676
154 0 0 676
155 0 0 676
156 0 0 676
157 0 0 676
158 0 0 676
159 0 0 676
160 0 0 676
161 0 0 676
162 0 0 676
163 0 0 676
164 0 0 676
165 0 0 676
166 0 0 676
167 0 0 676
168 0 0 676
169 0 0 676
170 0 0 676
171 0 0 676
172 0 0 676
173 0 0 676
174 0 0 676
175 0 0 676
176 0 0 676
177 0 0 676
178 0 0 676
179 0 0 676
180 0 0 676
181 0 0 676
182 0 0 676
183 0 0 676
184 0 0 676
185 0 0 676
186 0 0 676
187 0 0 676
188 0 0 676
189 0 0 676
190 0 0 676
191 0 0 676
192 0 0 676
193 0 0 676
194 0 0 676
195 0 0 676
196 0 0 676
197 0 0 676
198 0 0 676
199 0 0 676
200 0 0 676
201 0 0 676
202 0 0 676
203 0 0 676
204 0 0 676
205 0 0 676
206 0 0 676
207 0 0 676
208 0 0 676
209 0 0 676
210 0 0 676
211 0 0 676
212 0 0 676
213 0 0 676
214 0 0 676
215 0 0 676
216 0 0 676
217 0 0 676
218 0 0 676
219 0 0 676
220 0 0 676
221 0 0 676
222 0 0 676
223 0 0 676
224 0 0 676
225 0 0 676
226 0 0 676
227 0 0 676
228 0 0 676
229 0 0 676
230 0 0 676
231 0 0 676
232 0 0 676
233 0 0 676
234 0 0 676
235 0 0 676
236 0 0 676
237 0 0 676
238 0 0 676
239 0 0 676
240 0 0 676
241 0 0 676
242 0 0 676
243 0 0 676
244 0 0 676
245 0 0 676
246 0 0 676
247 0 0 676
248 0 0 676
249 0 0 676
250 0 0 676
251 0 0 676
252 0 0 676
253 0 0 676
254 0 0 676
255 0 0 676
256 0 0 676
257 0 0 676
258 0 0 676
259 0 0 676
260 0 0 676
261 0 0 676
262 0 0 676
263 0 0 676
264 0 0 676
265 0 0 676
266 0 0 676
267 0 0 676
268 0 0 676
269 0 0 676
270 0 0 676
271 0 0 676
272 0 0 676
273 0 0 676
274 0 0 676
275 0 0 676
276 0 0 676
277 0 0 676
278 0 0 676
279 0 0 676
280 0 0 676
281 0 0 676
282 0 0 676
283 0 0 676
284 0 0 676
285 0 0 676
286 0 0 676
287 0 0 676
288 0 0 676
289 0 0 676
290 0 0 676
291 0 0 676
292 0 0 676
293 0 0 676
294 0 0 676
295 0 0 676
296 0 0 676
297 0 0 676
298 0 0 676
299 0 0 676
300 0 0 676
