0 1 0 675
1 1 4 671
2 2 3 671
3 5 0 671
4 5 0 671
5 5 2 669
6 5 3 668
7 5 4 667
8 8 4 664
9 10 4 662
10 11 8 657
11 12 8 656
12 17 5 654
13 20 5 651
14 22 9 645
15 24 9 643
16 29 9 638
17 34 5 637
18 34 11 631
19 38 12 626
20 41 15 620
21 50 10 616
22 52 12 612
23 58 11 607
24 64 13 599
25 68 20 588
26 77 17 582
27 79 20 577
28 91 18 567
29 96 23 557
30 102 28 546
31 110 27 539
32 118 28 530
33 128 27 521
34 139 28 509
35 144 32 500
36 159 28 489
37 168 29 479
38 173 36 467
39 183 36 457
40 195 36 445
41 210 30 436
42 216 40 420
43 227 37 412
44 242 40 394
45 252 44 380
46 263 45 368
47 273 46 357
48 282 46 348
49 298 45 333
50 312 44 320
51 326 46 304
52 341 37 298
53 353 47 276
54 361 49 266
55 379 37 260
56 391 42 243
57 403 41 232
58 415 40 221
59 427 42 207
60 442 44 190
61 449 46 181
62 458 44 174
63 475 34 167
64 487 36 153
65 497 40 139
66 507 38 131
67 516 40 120
68 523 41 112
69 537 35 104
70 544 34 98
71 558 24 94
72 567 21 88
73 573 20 83
74 580 19 77
75 582 19 75
76 588 17 71
77 594 12 70
78 596 13 67
79 600 9 67
80 602 11 63
81 606 9 61
82 609 6 61
83 611 7 58
84 613 5 58
85 614 5 57
86 615 5 56
87 616 4 56
88 617 3 56
89 617 4 55
90 617 4 55
91 619 2 55
92 619 2 55
93 620 1 55
94 621 0 55
95 621 0 55
96 620 1 55
97 619 2 55
98 620 1 55
99 621 0 55
100 621 0 55
101 621 0 55
102 621 0 55
103 621 0 55
104 621 0 55
105 620 1 55
106 618 3 55
107 618 2 56
108 615 5 56
109 616 4 56
110 617 4 55
111 601 19 56
112 603 18 55
113 0 620 56
114 0 621 55
115 0 619 57
116 0 0 676
117 0 0 676
118 0 0 676
119 0 0 676
120 0 0 676
121 0 0 676
122 0 0 676
123 0 0 676
124 0 0 676
125 0 0 676
126 0 0 676
127 0 0 676
128 0 0 676
129 0 0 676
130 0 0 676
131 0 0 676
132 0 0 676
133 0 0 676
134 0 0 676
135 0 0 676
136 0 0 676
137 0 0 676
138 0 0 676
139 0 0 676
140 0 0 676
141 0 0 676
142 0 0 676
143 0 0 676
144 0 0 676
145 0 0 676
146 0 0 676
147 0 0 676
148 0 0 676
149 0 0 676
150 0 0 676
151 0 0 676
152 0 0 676
153 0 0 676
154 0 0 676
155 0 0 676
156 0 0 676
157 0 0 676
158 0 0 676
159 0 0 676
160 0 0 676
161 0 0 676
162 0 0 676
163 0 0 676
164 0 0 676
165 0 0 676
166 0 0 676
167 0 0 676
168 0 0 676
169 0 0 676
170 0 0 676
171 0 0 676
172 0 0 676
173 0 0 676
174 0 0 676
175 0 0 676
176 0 0 676
177 0 0 676
178 0 0 676
179 0 0 676
180 0 0 676
181 0 0 676
182 0 0 676
183 0 0 676
184 0 0 676
185 0 0 676
186 0 0 676
187 0 0 676
188 0 0 676
189 0 0 676
190 0 0 676
191 0 0 676
192 0 0 676
193 0 0 676
194 0 0 676
195 0 0 676
196 0 0 676
197 0 0 676
198 0 0 676
199 0 0 676
200 0 0 676
201 0 0 676
202 0 0 676
203 0 0 676
204 0 0 676
205 0 0 676
206 0 0 676
207 0 0 676
208 0 0 676
209 0 0 676
210 0 0 676
211 0 0 676
212 0 0 676
213 0 0 676
214 0 0 676
215 0 0 676
216 0 0 676
217 0 0 676
218 0 0 676
219 0 0 676
220 0 0 676
221 0 0 676
222 0 0 676
223 0 0 676
224 0 0 676
225 0 0 676
226 0 0 676
227 0 0 676
228 0 0 676
229 0 0 676
230 0 0 676
231 0 0 676
232 0 0 676
233 0 0 676
234 0 0 676
235 0 0 676
236 0 0 676
237 0 0 676
238 0 0 676
239 0 0 676
240 0 0 676
241 0 0 676
242 0 0 676
243 0 0 676
244 0 0 676
245 0 0 676
246 0 0 676
247 0 0 676
248 0 0 676
249 0 0 676
250 0 0 676
251 0 0 676
252 0 0 676
253 0 0 676
254 0 0 676
255 0 0 676
256 0 0 676
257 0 0 676
258 0 0 676
259 0 0 676
260 0 0 676
261 0 0 676
262 0 0 676
263 0 0 676
264 0 0 676
265 0 0 676
266 0 0 676
267 0 0 676
268 0 0 676
269 0 0 676
270 0 0 676
271 0 0 676
272 0 0 676
273 0 0 676
274 0 0 676
275 0 0 676
276 0 0 676
277 0 0 676
278 0 0 676
279 0 0 676
280 0 0 676
281 0 0 676
282 0 0 676
283 0 0 676
284 0 0 676
285 0 0 676
286 0 0 676
287 0 0 676
288 0 0 676
289 0 0 676
290 0 0 676
291 0 0 676
292 0 0 676
293 0 0 676
294 0 0 676
295 0 0 676
296 0 0 676
297 0 0 676
298 0 0 676
299 0 0 676
300 0 0 676
