0 1 0 675
1 1 0 675
2 1 0 675
3 1 0 675
4 1 0 675
5 1 0 675
6 1 0 675
7 1 2 673
8 1 4 671
9 2 3 671
10 3 3 670
11 4 2 670
12 5 3 668
13 5 3 668
14 7 2 667
15 8 1 667
16 8 7 661
17 8 9 659
18 9 10 657
19 15 7 654
20 18 5 653
21 19 9 648
22 23 6 647
23 24 9 643
24 27 9 640
25 29 12 635
26 33 10 633
27 38 11 627
28 40 15 621
29 41 20 615
30 49 15 612
31 53 15 608
32 59 13 604
33 63 17 596
34 69 16 591
35 73 19 584
36 77 21 578
37 88 16 572
38 94 14 568
39 95 24 557
40 105 20 551
41 112 26 538
42 120 30 526
43 127 29 520
44 130 35 511
45 142 33 501
46 150 35 491
47 157 39 480
48 167 37 472
49 172 42 462
50 185 40 451
51 199 34 443
52 209 36 431
53 217 41 418
54 225 41 410
55 238 35 403
56 246 47 383
57 254 52 370
58 271 52 353
59 284 48 344
60 294 55 327
61 309 52 315
62 322 49 305
63 333 52 291
64 343 57 276
65 362 53 261
66 373 47 256
67 387 44 245
68 397 44 235
69 411 41 224
70 422 41 213
71 433 40 203
72 444 46 186
73 455 47 174
74 460 46 170
75 472 46 158
76 486 46 144
77 497 41 138
78 503 45 128
79 512 44 120
80 523 40 113
81 535 33 108
82 546 30 100
83 560 20 96
84 567 21 88
85 570 21 85
86 575 20 81
87 578 18 80
88 582 18 76
89 591 11 74
90 592 11 73
91 596 10 70
92 600 8 68
93 603 8 65
94 604 7 65
95 603 8 65
96 603 7 66
97 600 9 67
98 601 10 65
99 603 9 64
100 596 16 64
101 587 25 64
102 0 612 64
103 0 612 64
104 0 607 69
105 0 0 676
106 0 0 676
107 0 0 676
108 0 0 676
109 0 0 676
110 0 0 676
111 0 0 676
112 0 0 676
113 0 0 676
114 0 0 676
115 0 0 676
116 0 0 676
117 0 0 676
118 0 0 676
119 0 0 676
120 0 0 676
121 0 0 676
122 0 0 676
123 0 0 676
124 0 0 676
125 0 0 676
126 0 0 676
127 0 0 676
128 0 0 676
129 0 0 676
130 0 0 676
131 0 0 676
132 0 0 676
133 0 0 676
134 0 0 676
135 0 0 676
136 0 0 676
137 0 0 676
138 0 0 676
139 0 0 676
140 0 0 676
141 0 0 676
142 0 0 676
143 0 0 676
144 0 0 676
145 0 0 676
146 0 0 676
147 0 0 676
148 0 0 676
149 0 0 676
150 0 0 676
151 0 0 676
152 0 0 676
153 0 0 676
154 0 0 676
155 0 0 676
156 0 0 676
157 0 0 676
158 0 0 676
159 0 0 676
160 0 0 676
161 0 0 676
162 0 0 676
163 0 0 676
164 0 0 676
165 0 0 676
166 0 0 676
167 0 0 676
168 0 0 676
169 0 0 676
170 0 0 676
171 0 0 676
172 0 0 676
173 0 0 676
174 0 0 676
175 0 0 676
176 0 0 676
177 0 0 676
178 0 0 676
179 0 0 676
180 0 0 676
181 0 0 676
182 0 0 676
183 0 0 676
184 0 0 676
185 0 0 676
186 0 0 676
187 0 0 676
188 0 0 676
189 0 0 676
190 0 0 676
191 0 0 676
192 0 0 676
193 0 0 676
194 0 0 676
195 0 0 676
196 0 0 676
197 0 0 676
198 0 0 676
199 0 0 676
200 0 0 676
201 0 0 676
202 0 0 676
203 0 0 676
204 0 0 676
205 0 0 676
206 0 0 676
207 0 0 676
208 0 0 676
209 0 0 676
210 0 0 676
211 0 0 676
212 0 0 676
213 0 0 676
214 0 0 676
215 0 0 676
216 0 0 676
217 0 0 676
218 0 0 676
219 0 0 676
220 0 0 676
221 0 0 676
222 0 0 676
223 0 0 676
224 0 0 676
225 0 0 676
226 0 0 676
227 0 0 676
228 0 0 676
229 0 0 676
230 0 0 676
231 0 0 676
232 0 0 676
233 0 0 676
234 0 0 676
235 0 0 676
236 0 0 676
237 0 0 676
238 0 0 676
239 0 0 676
240 0 0 676
241 0 0 676
242 0 0 676
243 0 0 676
244 0 0 676
245 0 0 676
246 0 0 676
247 0 0 676
248 0 0 676
249 0 0 676
250 0 0 676
251 0 0 676
252 0 0 676
253 0 0 676
254 0 0 676
255 0 0 676
256 0 0 676
257 0 0 676
258 0 0 676
259 0 0 676
260 0 0 676
261 0 0 676
262 0 0 676
263 0 0 676
264 0 0 676
265 0 0 676
266 0 0 676
267 0 0 676
268 0 0 676
269 0 0 676
270 0 0 676
271 0 0 676
272 0 0 676
273 0 0 676
274 0 0 676
275 0 0 676
276 0 0 676
277 0 0 676
278 0 0 676
279 0 0 676
280 0 0 676
281 0 0 676
282 0 0 676
283 0 0 676
284 0 0 676
285 0 0 676
286 0 0 676
287 0 0 676
288 0 0 676
289 0 0 676
290 0 0 676
291 0 0 676
292 0 0 676
293 0 0 676
294 0 0 676
295 0 0 676
296 0 0 676
297 0 0 676
298 0 0 676
299 0 0 676
300 0 0 676
