0 1 0 675
1 1 0 675
2 1 0 675
3 1 0 675
4 1 3 672
5 1 4 671
6 3 2 671
7 5 0 671
8 5 2 669
9 6 3 667
10 7 2 667
11 8 3 665
12 8 4 664
13 9 10 657
14 10 10 656
15 15 5 656
16 18 6 652
17 19 11 646
18 22 9 645
19 26 8 642
20 27 10 639
21 29 12 635
22 35 11 630
23 38 15 623
24 42 18 616
25 46 17 613
26 53 18 605
27 59 15 602
28 62 16 598
29 64 25 587
30 72 24 580
31 75 26 575
32 82 27 567
33 86 30 560
34 96 27 553
35 98 34 544
36 107 31 538
37 115 32 529
38 123 40 513
39 134 35 507
40 139 40 497
41 147 41 488
42 158 40 478
43 174 36 466
44 179 41 456
45 190 44 442
46 198 45 433
47 209 47 420
48 222 46 408
49 230 49 397
50 241 48 387
51 252 51 373
52 265 56 355
53 275 53 348
54 287 59 330
55 298 61 317
56 319 49 308
57 330 54 292
58 347 51 278
59 356 56 264
60 369 54 253
61 379 56 241
62 392 51 233
63 406 47 223
64 420 43 213
65 429 54 193
66 439 54 183
67 450 50 176
68 462 46 168
69 474 43 159
70 483 46 147
71 497 46 133
72 508 45 123
73 520 39 117
74 532 34 110
75 536 37 103
76 546 32 98
77 560 26 90
78 563 26 87
79 569 26 81
80 578 21 77
81 581 20 75
82 586 17 73
83 591 14 71
84 595 13 68
85 598 11 67
86 600 12 64
87 601 12 63
88 604 11 61
89 605 11 60
90 608 9 59
91 612 5 59
92 614 4 58
93 614 5 57
94 614 5 57
95 615 4 57
96 614 5 57
97 612 6 58
98 614 4 58
99 615 6 55
100 614 6 56
101 616 4 56
102 616 3 57
103 616 5 55
104 614 5 57
105 600 18 58
106 0 616 60
107 0 615 61
108 0 593 83
109 0 595 81
110 0 0 676
111 0 0 676
112 0 0 676
113 0 0 676
114 0 0 676
115 0 0 676
116 0 0 676
117 0 0 676
118 0 0 676
119 0 0 676
120 0 0 676
121 0 0 676
122 0 0 676
123 0 0 676
124 0 0 676
125 0 0 676
126 0 0 676
127 0 0 676
128 0 0 676
129 0 0 676
130 0 0 676
131 0 0 676
132 0 0 676
133 0 0 676
134 0 0 676
135 0 0 676
136 0 0 676
137 0 0 676
138 0 0 676
139 0 0 676
140 0 0 676
141 0 0 676
142 0 0 676
143 0 0 676
144 0 0 676
145 0 0 676
146 0 0 676
147 0 0 676
148 0 0 676
149 0 0 676
150 0 0 676
151 0 0 676
152 0 0 676
153 0 0 676
154 0 0 676
155 0 0 676
156 0 0 676
157 0 0 676
158 0 0 676
159 0 0 676
160 0 0 676
161 0 0 676
162 0 0 676
163 0 0 676
164 0 0 676
165 0 0 676
166 0 0 676
167 0 0 676
168 0 0 676
169 0 0 676
170 0 0 676
171 0 0 676
172 0 0 676
173 0 0 676
174 0 0 676
175 0 0 676
176 0 0 676
177 0 0 676
178 0 0 676
179 0 0 676
180 0 0 676
181 0 0 676
182 0 0 676
183 0 0 676
184 0 0 676
185 0 0 676
186 0 0 676
187 0 0 676
188 0 0 676
189 0 0 676
190 0 0 676
191 0 0 676
192 0 0 676
193 0 0 676
194 0 0 676
195 0 0 676
196 0 0 676
197 0 0 676
198 0 0 676
199 0 0 676
200 0 0 676
201 0 0 676
202 0 0 676
203 0 0 676
204 0 0 676
205 0 0 676
206 0 0 676
207 0 0 676
208 0 0 676
209 0 0 676
210 0 0 676
211 0 0 676
212 0 0 676
213 0 0 676
214 0 0 676
215 0 0 676
216 0 0 676
217 0 0 676
218 0 0 676
219 0 0 676
220 0 0 676
221 0 0 676
222 0 0 676
223 0 0 676
224 0 0 676
225 0 0 676
226 0 0 676
227 0 0 676
228 0 0 676
229 0 0 676
230 0 0 676
231 0 0 676
232 0 0 676
233 0 0 676
234 0 0 676
235 0 0 676
236 0 0 676
237 0 0 676
238 0 0 676
239 0 0 676
240 0 0 676
241 0 0 676
242 0 0 676
243 0 0 676
244 0 0 676
245 0 0 676
246 0 0 676
247 0 0 676
248 0 0 676
249 0 0 676
250 0 0 676
251 0 0 676
252 0 0 676
253 0 0 676
254 0 0 676
255 0 0 676
256 0 0 676
257 0 0 676
258 0 0 676
259 0 0 676
260 0 0 676
261 0 0 676
262 0 0 676
263 0 0 676
264 0 0 676
265 0 0 676
266 0 0 676
267 0 0 676
268 0 0 676
269 0 0 676
270 0 0 676
271 0 0 676
272 0 0 676
273 0 0 676
274 0 0 676
275 0 0 676
276 0 0 676
277 0 0 676
278 0 0 676
279 0 0 676
280 0 0 676
281 0 0 676
282 0 0 676
283 0 0 676
284 0 0 676
285 0 0 676
286 0 0 676
287 0 0 676
288 0 0 676
289 0 0 676
290 0 0 676
291 0 0 676
292 0 0 676
293 0 0 676
294 0 0 676
295 0 0 676
296 0 0 676
297 0 0 676
298 0 0 676
299 0 0 676
300 0 0 676
