0 0.0014792899408284023 0.0 0.9985207100591716
1 0.0014792899408284023 0.0014792899408284023 0.9970414201183432
2 0.0014792899408284023 0.0014792899408284023 0.9970414201183432
3 0.0014792899408284023 0.004437869822485207 0.9940828402366864
4 0.0014792899408284023 0.005917159763313609 0.992603550295858
5 0.004437869822485207 0.0029585798816568047 0.992603550295858
6 0.005917159763313609 0.0029585798816568047 0.9911242603550295
7 0.005917159763313609 0.004437869822485207 0.9896449704142012
8 0.008875739644970414 0.004437869822485207 0.9866863905325444
9 0.008875739644970414 0.005917159763313609 0.985207100591716
10 0.010355029585798817 0.005917159763313609 0.9837278106508875
11 0.013313609467455622 0.008875739644970414 0.977810650887574
12 0.016272189349112426 0.0073964497041420114 0.9763313609467456
13 0.019230769230769232 0.010355029585798817 0.9704142011834319
14 0.022189349112426034 0.011834319526627219 0.9659763313609467
15 0.026627218934911243 0.014792899408284023 0.9585798816568047
16 0.029585798816568046 0.013313609467455622 0.9571005917159763
17 0.03254437869822485 0.014792899408284023 0.9526627218934911
18 0.03550295857988166 0.019230769230769232 0.9452662721893491
19 0.04437869822485207 0.014792899408284023 0.9408284023668639
20 0.04881656804733728 0.019230769230769232 0.9319526627218935
21 0.05473372781065089 0.022189349112426034 0.9230769230769231
22 0.05917159763313609 0.020710059171597635 0.9201183431952663
23 0.06360946745562131 0.026627218934911243 0.9097633136094675
24 0.07100591715976332 0.028106508875739646 0.900887573964497
25 0.08136094674556213 0.026627218934911243 0.8920118343195266
26 0.08579881656804733 0.03106508875739645 0.8831360946745562
27 0.09467455621301775 0.03994082840236687 0.8653846153846154
28 0.09911242603550297 0.04585798816568047 0.8550295857988166
29 0.10798816568047337 0.047337278106508875 0.8446745562130178
30 0.12130177514792899 0.042899408284023666 0.8357988165680473
31 0.1301775147928994 0.04881656804733728 0.8210059171597633
32 0.1390532544378698 0.047337278106508875 0.8136094674556213
33 0.14792899408284024 0.05029585798816568 0.8017751479289941
34 0.15828402366863906 0.05621301775147929 0.7855029585798816
35 0.17159763313609466 0.05621301775147929 0.772189349112426
36 0.1804733727810651 0.05917159763313609 0.7603550295857988
37 0.19674556213017752 0.0621301775147929 0.7411242603550295
38 0.21301775147928995 0.05473372781065089 0.7322485207100592
39 0.22189349112426035 0.0650887573964497 0.7130177514792899
40 0.22928994082840237 0.07248520710059171 0.6982248520710059
41 0.2514792899408284 0.06804733727810651 0.6804733727810651
42 0.26331360946745563 0.07692307692307693 0.6597633136094675
43 0.27958579881656803 0.07840236686390532 0.6420118343195266
44 0.2973372781065089 0.07544378698224852 0.6272189349112426
45 0.3076923076923077 0.07544378698224852 0.6168639053254438
46 0.3239644970414201 0.08727810650887574 0.5887573964497042
47 0.33727810650887574 0.09319526627218935 0.5695266272189349
48 0.35798816568047337 0.08431952662721894 0.5576923076923077
49 0.371301775147929 0.08431952662721894 0.5443786982248521
50 0.3816568047337278 0.08875739644970414 0.5295857988165681
51 0.40236686390532544 0.08579881656804733 0.5118343195266272
52 0.4245562130177515 0.08875739644970414 0.48668639053254437
53 0.4467455621301775 0.09171597633136094 0.46153846153846156
54 0.4718934911242604 0.08136094674556213 0.4467455621301775
55 0.4896449704142012 0.07396449704142012 0.4363905325443787
56 0.5014792899408284 0.07544378698224852 0.4230769230769231
57 0.5177514792899408 0.08136094674556213 0.40088757396449703
58 0.5369822485207101 0.08284023668639054 0.3801775147928994
59 0.5532544378698225 0.07988165680473373 0.3668639053254438
60 0.5695266272189349 0.08431952662721894 0.34615384615384615
61 0.5931952662721893 0.07544378698224852 0.33136094674556216
62 0.6109467455621301 0.06804733727810651 0.3210059171597633
63 0.6257396449704142 0.07544378698224852 0.2988165680473373
64 0.636094674556213 0.07988165680473373 0.28402366863905326
65 0.650887573964497 0.07840236686390532 0.27071005917159763
66 0.6686390532544378 0.07248520710059171 0.2588757396449704
67 0.6775147928994083 0.07248520710059171 0.25
68 0.6967455621301775 0.06804733727810651 0.23520710059171598
69 0.7085798816568047 0.07248520710059171 0.21893491124260356
70 0.7189349112426036 0.07396449704142012 0.20710059171597633
71 0.742603550295858 0.0650887573964497 0.19230769230769232
72 0.757396449704142 0.05473372781065089 0.1878698224852071
73 0.7677514792899408 0.057692307692307696 0.17455621301775148
74 0.7810650887573964 0.05325443786982249 0.16568047337278108
75 0.7884615384615384 0.05473372781065089 0.15680473372781065
76 0.8002958579881657 0.051775147928994084 0.14792899408284024
77 0.8180473372781065 0.047337278106508875 0.1346153846153846
78 0.8254437869822485 0.05473372781065089 0.11982248520710059
79 0.8431952662721893 0.04585798816568047 0.11094674556213018
80 0.8505917159763313 0.04142011834319527 0.10798816568047337
81 0.8609467455621301 0.034023668639053255 0.10502958579881656
82 0.8683431952662722 0.03106508875739645 0.10059171597633136
83 0.8742603550295858 0.028106508875739646 0.09763313609467456
84 0.8801775147928994 0.022189349112426034 0.09763313609467456
85 0.8875739644970414 0.01775147928994083 0.09467455621301775
86 0.8949704142011834 0.013313609467455622 0.09171597633136094
87 0.8964497041420119 0.013313609467455622 0.09023668639053255
88 0.8994082840236687 0.011834319526627219 0.08875739644970414
89 0.8994082840236687 0.014792899408284023 0.08579881656804733
90 0.9053254437869822 0.010355029585798817 0.08431952662721894
91 0.900887573964497 0.014792899408284023 0.08431952662721894
92 0.9097633136094675 0.0073964497041420114 0.08284023668639054
93 0.9127218934911243 0.004437869822485207 0.08284023668639054
94 0.9142011834319527 0.0029585798816568047 0.08284023668639054
95 0.9142011834319527 0.004437869822485207 0.08136094674556213
96 0.9142011834319527 0.004437869822485207 0.08136094674556213
97 0.915680473372781 0.0029585798816568047 0.08136094674556213
98 0.9171597633136095 0.0014792899408284023 0.08136094674556213
99 0.9171597633136095 0.0014792899408284023 0.08136094674556213
100 0.9171597633136095 0.0014792899408284023 0.08136094674556213
101 0.9171597633136095 0.0014792899408284023 0.08136094674556213
102 0.915680473372781 0.0029585798816568047 0.08136094674556213
103 0.893491124260355 0.02514792899408284 0.08136094674556213
104 0.0 0.9186390532544378 0.08136094674556213
105 0.0 0.9186390532544378 0.08136094674556213
106 0.0 0.915680473372781 0.08431952662721894
107 0.0 0.9186390532544378 0.08136094674556213
108 0.0 0.9186390532544378 0.08136094674556213
109 0.0 0.0 1.0
110 0.0 0.0 1.0
111 0.0 0.0 1.0
112 0.0 0.0 1.0
113 0.0 0.0 1.0
114 0.0 0.0 1.0
115 0.0 0.0 1.0
116 0.0 0.0 1.0
117 0.0 0.0 1.0
118 0.0 0.0 1.0
119 0.0 0.0 1.0
120 0.0 0.0 1.0
121 0.0 0.0 1.0
122 0.0 0.0 1.0
123 0.0 0.0 1.0
124 0.0 0.0 1.0
125 0.0 0.0 1.0
126 0.0 0.0 1.0
127 0.0 0.0 1.0
128 0.0 0.0 1.0
129 0.0 0.0 1.0
130 0.0 0.0 1.0
131 0.0 0.0 1.0
132 0.0 0.0 1.0
133 0.0 0.0 1.0
134 0.0 0.0 1.0
135 0.0 0.0 1.0
136 0.0 0.0 1.0
137 0.0 0.0 1.0
138 0.0 0.0 1.0
139 0.0 0.0 1.0
140 0.0 0.0 1.0
141 0.0 0.0 1.0
142 0.0 0.0 1.0
143 0.0 0.0 1.0
144 0.0 0.0 1.0
145 0.0 0.0 1.0
146 0.0 0.0 1.0
147 0.0 0.0 1.0
148 0.0 0.0 1.0
149 0.0 0.0 1.0
150 0.0 0.0 1.0
151 0.0 0.0 1.0
152 0.0 0.0 1.0
153 0.0 0.0 1.0
154 0.0 0.0 1.0
155 0.0 0.0 1.0
156 0.0 0.0 1.0
157 0.0 0.0 1.0
158 0.0 0.0 1.0
159 0.0 0.0 1.0
160 0.0 0.0 1.0
161 0.0 0.0 1.0
162 0.0 0.0 1.0
163 0.0 0.0 1.0
164 0.0 0.0 1.0
165 0.0 0.0 1.0
166 0.0 0.0 1.0
167 0.0 0.0 1.0
168 0.0 0.0 1.0
169 0.0 0.0 1.0
170 0.0 0.0 1.0
171 0.0 0.0 1.0
172 0.0 0.0 1.0
173 0.0 0.0 1.0
174 0.0 0.0 1.0
175 0.0 0.0 1.0
176 0.0 0.0 1.0
177 0.0 0.0 1.0
178 0.0 0.0 1.0
179 0.0 0.0 1.0
180 0.0 0.0 1.0
181 0.0 0.0 1.0
182 0.0 0.0 1.0
183 0.0 0.0 1.0
184 0.0 0.0 1.0
185 0.0 0.0 1.0
186 0.0 0.0 1.0
187 0.0 0.0 1.0
188 0.0 0.0 1.0
189 0.0 0.0 1.0
190 0.0 0.0 1.0
191 0.0 0.0 1.0
192 0.0 0.0 1.0
193 0.0 0.0 1.0
194 0.0 0.0 1.0
195 0.0 0.0 1.0
196 0.0 0.0 1.0
197 0.0 0.0 1.0
198 0.0 0.0 1.0
199 0.0 0.0 1.0
200 0.0 0.0 1.0
201 0.0 0.0 1.0
202 0.0 0.0 1.0
203 0.0 0.0 1.0
204 0.0 0.0 1.0
205 0.0 0.0 1.0
206 0.0 0.0 1.0
207 0.0 0.0 1.0
208 0.0 0.0 1.0
209 0.0 0.0 1.0
210 0.0 0.0 1.0
211 0.0 0.0 1.0
212 0.0 0.0 1.0
213 0.0 0.0 1.0
214 0.0 0.0 1.0
215 0.0 0.0 1.0
216 0.0 0.0 1.0
217 0.0 0.0 1.0
218 0.0 0.0 1.0
219 0.0 0.0 1.0
220 0.0 0.0 1.0
221 0.0 0.0 1.0
222 0.0 0.0 1.0
223 0.0 0.0 1.0
224 0.0 0.0 1.0
225 0.0 0.0 1.0
226 0.0 0.0 1.0
227 0.0 0.0 1.0
228 0.0 0.0 1.0
229 0.0 0.0 1.0
230 0.0 0.0 1.0
231 0.0 0.0 1.0
232 0.0 0.0 1.0
233 0.0 0.0 1.0
234 0.0 0.0 1.0
235 0.0 0.0 1.0
236 0.0 0.0 1.0
237 0.0 0.0 1.0
238 0.0 0.0 1.0
239 0.0 0.0 1.0
240 0.0 0.0 1.0
241 0.0 0.0 1.0
242 0.0 0.0 1.0
243 0.0 0.0 1.0
244 0.0 0.0 1.0
245 0.0 0.0 1.0
246 0.0 0.0 1.0
247 0.0 0.0 1.0
248 0.0 0.0 1.0
249 0.0 0.0 1.0
250 0.0 0.0 1.0
251 0.0 0.0 1.0
252 0.0 0.0 1.0
253 0.0 0.0 1.0
254 0.0 0.0 1.0
255 0.0 0.0 1.0
256 0.0 0.0 1.0
257 0.0 0.0 1.0
258 0.0 0.0 1.0
259 0.0 0.0 1.0
260 0.0 0.0 1.0
261 0.0 0.0 1.0
262 0.0 0.0 1.0
263 0.0 0.0 1.0
264 0.0 0.0 1.0
265 0.0 0.0 1.0
266 0.0 0.0 1.0
267 0.0 0.0 1.0
268 0.0 0.0 1.0
269 0.0 0.0 1.0
270 0.0 0.0 1.0
271 0.0 0.0 1.0
272 0.0 0.0 1.0
273 0.0 0.0 1.0
274 0.0 0.0 1.0
275 0.0 0.0 1.0
276 0.0 0.0 1.0
277 0.0 0.0 1.0
278 0.0 0.0 1.0
279 0.0 0.0 1.0
280 0.0 0.0 1.0
281 0.0 0.0 1.0
282 0.0 0.0 1.0
283 0.0 0.0 1.0
284 0.0 0.0 1.0
285 0.0 0.0 1.0
286 0.0 0.0 1.0
287 0.0 0.0 1.0
288 0.0 0.0 1.0
289 0.0 0.0 1.0
290 0.0 0.0 1.0
291 0.0 0.0 1.0
292 0.0 0.0 1.0
293 0.0 0.0 1.0
294 0.0 0.0 1.0
295 0.0 0.0 1.0
296 0.0 0.0 1.0
297 0.0 0.0 1.0
298 0.0 0.0 1.0
299 0.0 0.0 1.0
300 0.0 0.0 1.0
