0 0.0014792899408284023 0.0 0.9985207100591716
1 0.0014792899408284023 0.0 0.9985207100591716
2 0.0014792899408284023 0.0 0.9985207100591716
3 0.0014792899408284023 0.0 0.9985207100591716
4 0.0014792899408284023 0.005917159763313609 0.992603550295858
5 0.0014792899408284023 0.005917159763313609 0.992603550295858
6 0.0014792899408284023 0.0073964497041420114 0.9911242603550295
7 0.004437869822485207 0.004437869822485207 0.9911242603550295
8 0.0073964497041420114 0.004437869822485207 0.9881656804733728
9 0.008875739644970414 0.004437869822485207 0.9866863905325444
10 0.008875739644970414 0.004437869822485207 0.9866863905325444
11 0.011834319526627219 0.005917159763313609 0.9822485207100592
12 0.013313609467455622 0.0073964497041420114 0.9792899408284024
13 0.016272189349112426 0.013313609467455622 0.9704142011834319
14 0.01775147928994083 0.013313609467455622 0.9689349112426036
15 0.019230769230769232 0.011834319526627219 0.9689349112426036
16 0.02514792899408284 0.010355029585798817 0.9644970414201184
17 0.028106508875739646 0.010355029585798817 0.9615384615384616
18 0.03254437869822485 0.008875739644970414 0.9585798816568047
19 0.03254437869822485 0.019230769230769232 0.9482248520710059
20 0.038461538461538464 0.020710059171597635 0.9408284023668639
21 0.04142011834319527 0.019230769230769232 0.9393491124260355
22 0.05029585798816568 0.019230769230769232 0.9304733727810651
23 0.05473372781065089 0.020710059171597635 0.9245562130177515
24 0.060650887573964495 0.020710059171597635 0.9186390532544378
25 0.06360946745562131 0.026627218934911243 0.9097633136094675
26 0.07100591715976332 0.02514792899408284 0.9038461538461539
27 0.07544378698224852 0.029585798816568046 0.8949704142011834
28 0.09023668639053255 0.02514792899408284 0.8846153846153846
29 0.09763313609467456 0.029585798816568046 0.8727810650887574
30 0.10207100591715976 0.03254437869822485 0.8653846153846154
31 0.11242603550295859 0.034023668639053255 0.8535502958579881
32 0.12130177514792899 0.03698224852071006 0.841715976331361
33 0.13313609467455623 0.03698224852071006 0.8298816568047337
34 0.13757396449704143 0.04881656804733728 0.8136094674556213
35 0.15384615384615385 0.042899408284023666 0.8032544378698225
36 0.15976331360946747 0.04881656804733728 0.7914201183431953
37 0.17011834319526628 0.051775147928994084 0.7781065088757396
38 0.1863905325443787 0.04437869822485207 0.7692307692307693
39 0.19674556213017752 0.05029585798816568 0.7529585798816568
40 0.20562130177514792 0.05621301775147929 0.7381656804733728
41 0.22041420118343194 0.05621301775147929 0.7233727810650887
42 0.2440828402366864 0.05325443786982249 0.7026627218934911
43 0.257396449704142 0.05325443786982249 0.6893491124260355
44 0.26627218934911245 0.05621301775147929 0.6775147928994083
45 0.28402366863905326 0.0621301775147929 0.6538461538461539
46 0.29142011834319526 0.06804733727810651 0.6405325443786982
47 0.3106508875739645 0.0650887573964497 0.6242603550295858
48 0.3328402366863905 0.057692307692307696 0.6094674556213018
49 0.34023668639053256 0.07248520710059171 0.5872781065088757
50 0.3520710059171598 0.07988165680473373 0.5680473372781065
51 0.3757396449704142 0.06656804733727811 0.5576923076923077
52 0.3905325443786982 0.07544378698224852 0.5340236686390533
53 0.40828402366863903 0.07840236686390532 0.5133136094674556
54 0.42011834319526625 0.08875739644970414 0.4911242603550296
55 0.4437869822485207 0.08579881656804733 0.47041420118343197
56 0.4630177514792899 0.07692307692307693 0.46005917159763315
57 0.47633136094674555 0.07692307692307693 0.4467455621301775
58 0.4970414201183432 0.07396449704142012 0.4289940828402367
59 0.5177514792899408 0.07988165680473373 0.40236686390532544
60 0.5340236686390533 0.07988165680473373 0.386094674556213
61 0.5458579881656804 0.08284023668639054 0.371301775147929
62 0.5665680473372781 0.07988165680473373 0.35355029585798814
63 0.591715976331361 0.0695266272189349 0.33875739644970415
64 0.6035502958579881 0.07100591715976332 0.3254437869822485
65 0.6183431952662722 0.07100591715976332 0.3106508875739645
66 0.6346153846153846 0.0650887573964497 0.30029585798816566
67 0.6479289940828402 0.0621301775147929 0.28994082840236685
68 0.6671597633136095 0.0650887573964497 0.2677514792899408
69 0.6760355029585798 0.07840236686390532 0.2455621301775148
70 0.6893491124260355 0.08136094674556213 0.22928994082840237
71 0.7056213017751479 0.08136094674556213 0.21301775147928995
72 0.7233727810650887 0.07840236686390532 0.19822485207100593
73 0.7455621301775148 0.06656804733727811 0.1878698224852071
74 0.764792899408284 0.0650887573964497 0.17011834319526628
75 0.772189349112426 0.06804733727810651 0.15976331360946747
76 0.7899408284023669 0.0621301775147929 0.14792899408284024
77 0.8002958579881657 0.05621301775147929 0.14349112426035504
78 0.8224852071005917 0.04142011834319527 0.13609467455621302
79 0.8387573964497042 0.034023668639053255 0.12721893491124261
80 0.8476331360946746 0.03254437869822485 0.11982248520710059
81 0.8520710059171598 0.03254437869822485 0.11538461538461539
82 0.863905325443787 0.02514792899408284 0.11094674556213018
83 0.8698224852071006 0.019230769230769232 0.11094674556213018
84 0.8757396449704142 0.01775147928994083 0.10650887573964497
85 0.8772189349112426 0.020710059171597635 0.10207100591715976
86 0.8831360946745562 0.022189349112426034 0.09467455621301775
87 0.8875739644970414 0.019230769230769232 0.09319526627218935
88 0.8905325443786982 0.01775147928994083 0.09171597633136094
89 0.8920118343195266 0.019230769230769232 0.08875739644970414
90 0.8949704142011834 0.01775147928994083 0.08727810650887574
91 0.8964497041420119 0.016272189349112426 0.08727810650887574
92 0.8994082840236687 0.014792899408284023 0.08579881656804733
93 0.9023668639053254 0.011834319526627219 0.08579881656804733
94 0.900887573964497 0.011834319526627219 0.08727810650887574
95 0.9068047337278107 0.008875739644970414 0.08431952662721894
96 0.9068047337278107 0.010355029585798817 0.08284023668639054
97 0.9053254437869822 0.010355029585798817 0.08431952662721894
98 0.9038461538461539 0.011834319526627219 0.08431952662721894
99 0.9023668639053254 0.008875739644970414 0.08875739644970414
100 0.9038461538461539 0.010355029585798817 0.08579881656804733
101 0.9023668639053254 0.011834319526627219 0.08579881656804733
102 0.9068047337278107 0.008875739644970414 0.08431952662721894
103 0.908284023668639 0.008875739644970414 0.08284023668639054
104 0.9097633136094675 0.0073964497041420114 0.08284023668639054
105 0.9097633136094675 0.0073964497041420114 0.08284023668639054
106 0.9023668639053254 0.014792899408284023 0.08284023668639054
107 0.900887573964497 0.016272189349112426 0.08284023668639054
108 0.0 0.9112426035502958 0.08875739644970414
109 0.0 0.9127218934911243 0.08727810650887574
110 0.0 0.9112426035502958 0.08875739644970414
111 0.0 0.9068047337278107 0.09319526627218935
112 0.0 0.8949704142011834 0.10502958579881656
113 0.0 0.0 1.0
114 0.0 0.0 1.0
115 0.0 0.0 1.0
116 0.0 0.0 1.0
117 0.0 0.0 1.0
118 0.0 0.0 1.0
119 0.0 0.0 1.0
120 0.0 0.0 1.0
121 0.0 0.0 1.0
122 0.0 0.0 1.0
123 0.0 0.0 1.0
124 0.0 0.0 1.0
125 0.0 0.0 1.0
126 0.0 0.0 1.0
127 0.0 0.0 1.0
128 0.0 0.0 1.0
129 0.0 0.0 1.0
130 0.0 0.0 1.0
131 0.0 0.0 1.0
132 0.0 0.0 1.0
133 0.0 0.0 1.0
134 0.0 0.0 1.0
135 0.0 0.0 1.0
136 0.0 0.0 1.0
137 0.0 0.0 1.0
138 0.0 0.0 1.0
139 0.0 0.0 1.0
140 0.0 0.0 1.0
141 0.0 0.0 1.0
142 0.0 0.0 1.0
143 0.0 0.0 1.0
144 0.0 0.0 1.0
145 0.0 0.0 1.0
146 0.0 0.0 1.0
147 0.0 0.0 1.0
148 0.0 0.0 1.0
149 0.0 0.0 1.0
150 0.0 0.0 1.0
151 0.0 0.0 1.0
152 0.0 0.0 1.0
153 0.0 0.0 1.0
154 0.0 0.0 1.0
155 0.0 0.0 1.0
156 0.0 0.0 1.0
157 0.0 0.0 1.0
158 0.0 0.0 1.0
159 0.0 0.0 1.0
160 0.0 0.0 1.0
161 0.0 0.0 1.0
162 0.0 0.0 1.0
163 0.0 0.0 1.0
164 0.0 0.0 1.0
165 0.0 0.0 1.0
166 0.0 0.0 1.0
167 0.0 0.0 1.0
168 0.0 0.0 1.0
169 0.0 0.0 1.0
170 0.0 0.0 1.0
171 0.0 0.0 1.0
172 0.0 0.0 1.0
173 0.0 0.0 1.0
174 0.0 0.0 1.0
175 0.0 0.0 1.0
176 0.0 0.0 1.0
177 0.0 0.0 1.0
178 0.0 0.0 1.0
179 0.0 0.0 1.0
180 0.0 0.0 1.0
181 0.0 0.0 1.0
182 0.0 0.0 1.0
183 0.0 0.0 1.0
184 0.0 0.0 1.0
185 0.0 0.0 1.0
186 0.0 0.0 1.0
187 0.0 0.0 1.0
188 0.0 0.0 1.0
189 0.0 0.0 1.0
190 0.0 0.0 1.0
191 0.0 0.0 1.0
192 0.0 0.0 1.0
193 0.0 0.0 1.0
194 0.0 0.0 1.0
195 0.0 0.0 1.0
196 0.0 0.0 1.0
197 0.0 0.0 1.0
198 0.0 0.0 1.0
199 0.0 0.0 1.0
200 0.0 0.0 1.0
201 0.0 0.0 1.0
202 0.0 0.0 1.0
203 0.0 0.0 1.0
204 0.0 0.0 1.0
205 0.0 0.0 1.0
206 0.0 0.0 1.0
207 0.0 0.0 1.0
208 0.0 0.0 1.0
209 0.0 0.0 1.0
210 0.0 0.0 1.0
211 0.0 0.0 1.0
212 0.0 0.0 1.0
213 0.0 0.0 1.0
214 0.0 0.0 1.0
215 0.0 0.0 1.0
216 0.0 0.0 1.0
217 0.0 0.0 1.0
218 0.0 0.0 1.0
219 0.0 0.0 1.0
220 0.0 0.0 1.0
221 0.0 0.0 1.0
222 0.0 0.0 1.0
223 0.0 0.0 1.0
224 0.0 0.0 1.0
225 0.0 0.0 1.0
226 0.0 0.0 1.0
227 0.0 0.0 1.0
228 0.0 0.0 1.0
229 0.0 0.0 1.0
230 0.0 0.0 1.0
231 0.0 0.0 1.0
232 0.0 0.0 1.0
233 0.0 0.0 1.0
234 0.0 0.0 1.0
235 0.0 0.0 1.0
236 0.0 0.0 1.0
237 0.0 0.0 1.0
238 0.0 0.0 1.0
239 0.0 0.0 1.0
240 0.0 0.0 1.0
241 0.0 0.0 1.0
242 0.0 0.0 1.0
243 0.0 0.0 1.0
244 0.0 0.0 1.0
245 0.0 0.0 1.0
246 0.0 0.0 1.0
247 0.0 0.0 1.0
248 0.0 0.0 1.0
249 0.0 0.0 1.0
250 0.0 0.0 1.0
251 0.0 0.0 1.0
252 0.0 0.0 1.0
253 0.0 0.0 1.0
254 0.0 0.0 1.0
255 0.0 0.0 1.0
256 0.0 0.0 1.0
257 0.0 0.0 1.0
258 0.0 0.0 1.0
259 0.0 0.0 1.0
260 0.0 0.0 1.0
261 0.0 0.0 1.0
262 0.0 0.0 1.0
263 0.0 0.0 1.0
264 0.0 0.0 1.0
265 0.0 0.0 1.0
266 0.0 0.0 1.0
267 0.0 0.0 1.0
268 0.0 0.0 1.0
269 0.0 0.0 1.0
270 0.0 0.0 1.0
271 0.0 0.0 1.0
272 0.0 0.0 1.0
273 0.0 0.0 1.0
274 0.0 0.0 1.0
275 0.0 0.0 1.0
276 0.0 0.0 1.0
277 0.0 0.0 1.0
278 0.0 0.0 1.0
279 0.0 0.0 1.0
280 0.0 0.0 1.0
281 0.0 0.0 1.0
282 0.0 0.0 1.0
283 0.0 0.0 1.0
284 0.0 0.0 1.0
285 0.0 0.0 1.0
286 0.0 0.0 1.0
287 0.0 0.0 1.0
288 0.0 0.0 1.0
289 0.0 0.0 1.0
290 0.0 0.0 1.0
291 0.0 0.0 1.0
292 0.0 0.0 1.0
293 0.0 0.0 1.0
294 0.0 0.0 1.0
295 0.0 0.0 1.0
296 0.0 0.0 1.0
297 0.0 0.0 1.0
298 0.0 0.0 1.0
299 0.0 0.0 1.0
300 0.0 0.0 1.0
