0 1 0 675
1 1 2 673
2 1 3 672
3 1 3 672
4 1 4 671
5 1 6 669
6 1 7 668
7 2 7 667
8 3 7 666
9 3 8 665
10 3 9 664
11 3 9 664
12 3 11 662
13 4 11 661
14 4 17 655
15 5 20 651
16 6 23 647
17 6 26 644
18 8 29 639
19 8 32 636
20 11 33 632
21 12 36 628
22 12 41 623
23 16 41 619
24 17 46 613
25 18 55 603
26 21 57 598
27 22 64 590
28 27 66 583
29 28 72 576
30 31 71 574
31 34 72 570
32 41 74 561
33 42 84 550
34 45 88 543
35 51 95 530
36 56 97 523
37 59 103 514
38 64 106 506
39 75 102 499
40 79 111 486
41 87 113 476
42 91 118 467
43 95 126 455
44 101 134 441
45 113 133 430
46 122 140 414
47 130 142 404
48 140 142 394
49 146 143 387
50 157 144 375
51 164 151 361
52 171 151 354
53 183 147 346
54 193 148 335
55 208 153 315
56 217 159 300
57 231 162 283
58 238 163 275
59 248 167 261
60 263 166 247
61 269 174 233
62 278 180 218
63 293 179 204
64 300 181 195
65 308 182 186
66 314 195 167
67 326 190 160
68 331 195 150
69 337 196 143
70 351 185 140
71 363 177 136
72 372 174 130
73 380 175 121
74 389 171 116
75 398 172 106
76 412 159 105
77 419 158 99
78 425 163 88
79 432 163 81
80 442 160 74
81 460 144 72
82 468 139 69
83 478 131 67
84 493 116 67
85 507 106 63
86 524 91 61
87 532 84 60
88 547 70 59
89 550 68 58
90 555 63 58
91 559 59 58
92 566 52 58
93 573 45 58
94 575 46 55
95 581 40 55
96 589 32 55
97 592 29 55
98 530 90 56
99 541 79 56
100 545 76 55
101 553 68 55
102 560 61 55
103 571 50 55
104 575 46 55
105 577 44 55
106 583 38 55
107 589 32 55
108 596 25 55
109 603 18 55
110 0 620 56
111 0 620 56
112 0 620 56
113 0 621 55
114 0 621 55
115 0 621 55
116 0 621 55
117 0 621 55
118 0 621 55
119 0 621 55
120 0 621 55
121 0 621 55
122 0 621 55
123 0 621 55
124 0 621 55
125 0 621 55
126 0 0 676
127 0 0 676
128 0 0 676
129 0 0 676
130 0 0 676
131 0 0 676
132 0 0 676
133 0 0 676
134 0 0 676
135 0 0 676
136 0 0 676
137 0 0 676
138 0 0 676
139 0 0 676
140 0 0 676
141 0 0 676
142 0 0 676
143 0 0 676
144 0 0 676
145 0 0 676
146 0 0 676
147 0 0 676
148 0 0 676
149 0 0 676
150 0 0 676
151 0 0 676
152 0 0 676
153 0 0 676
154 0 0 676
155 0 0 676
156 0 0 676
157 0 0 676
158 0 0 676
159 0 0 676
160 0 0 676
161 0 0 676
162 0 0 676
163 0 0 676
164 0 0 676
165 0 0 676
166 0 0 676
167 0 0 676
168 0 0 676
169 0 0 676
170 0 0 676
171 0 0 676
172 0 0 676
173 0 0 676
174 0 0 676
175 0 0 676
176 0 0 676
177 0 0 676
178 0 0 676
179 0 0 676
180 0 0 676
181 0 0 676
182 0 0 676
183 0 0 676
184 0 0 676
185 0 0 676
186 0 0 676
187 0 0 676
188 0 0 676
189 0 0 676
190 0 0 676
191 0 0 676
192 0 0 676
193 0 0 676
194 0 0 676
195 0 0 676
196 0 0 676
197 0 0 676
198 0 0 676
199 0 0 676
200 0 0 676
201 0 0 676
202 0 0 676
203 0 0 676
204 0 0 676
205 0 0 676
206 0 0 676
207 0 0 676
208 0 0 676
209 0 0 676
210 0 0 676
211 0 0 676
212 0 0 676
213 0 0 676
214 0 0 676
215 0 0 676
216 0 0 676
217 0 0 676
218 0 0 676
219 0 0 676
220 0 0 676
221 0 0 676
222 0 0 676
223 0 0 676
224 0 0 676
225 0 0 676
226 0 0 676
227 0 0 676
228 0 0 676
229 0 0 676
230 0 0 676
231 0 0 676
232 0 0 676
233 0 0 676
234 0 0 676
235 0 0 676
236 0 0 676
237 0 0 676
238 0 0 676
239 0 0 676
240 0 0 676
241 0 0 676
242 0 0 676
243 0 0 676
244 0 0 676
245 0 0 676
246 0 0 676
247 0 0 676
248 0 0 676
249 0 0 676
250 0 0 676
251 0 0 676
252 0 0 676
253 0 0 676
254 0 0 676
255 0 0 676
256 0 0 676
257 0 0 676
258 0 0 676
259 0 0 676
260 0 0 676
261 0 0 676
262 0 0 676
263 0 0 676
264 0 0 676
265 0 0 676
266 0 0 676
267 0 0 676
268 0 0 676
269 0 0 676
270 0 0 676
271 0 0 676
272 0 0 676
273 0 0 676
274 0 0 676
275 0 0 676
276 0 0 676
277 0 0 676
278 0 0 676
279 0 0 676
280 0 0 676
281 0 0 676
282 0 0 676
283 0 0 676
284 0 0 676
285 0 0 676
286 0 0 676
287 0 0 676
288 0 0 676
289 0 0 676
290 0 0 676
291 0 0 676
292 0 0 676
293 0 0 676
294 0 0 676
295 0 0 676
296 0 0 676
297 0 0 676
298 0 0 676
299 0 0 676
300 0 0 676
