0 1 0 675
1 1 1 674
2 2 0 674
3 2 1 673
4 2 2 672
5 3 1 672
6 4 1 671
7 4 1 671
8 4 4 668
9 5 5 666
10 5 6 665
11 7 7 662
12 9 8 659
13 11 8 657
14 13 10 653
15 14 12 650
16 17 10 649
17 19 9 648
18 21 10 645
19 22 12 642
20 25 14 637
21 29 13 634
22 31 17 628
23 37 16 623
24 38 20 618
25 43 21 612
26 48 22 606
27 50 27 599
28 55 24 597
29 60 24 592
30 66 24 586
31 71 29 576
32 76 29 571
33 78 32 566
34 87 36 553
35 97 35 544
36 100 42 534
37 107 43 526
38 118 41 517
39 127 40 509
40 136 39 501
41 144 40 492
42 150 44 482
43 157 50 469
44 164 55 457
45 174 56 446
46 186 52 438
47 195 59 422
48 201 70 405
49 211 71 394
50 218 82 376
51 231 80 365
52 238 84 354
53 257 75 344
54 269 72 335
55 282 70 324
56 291 75 310
57 310 64 302
58 323 65 288
59 332 69 275
60 342 72 262
61 360 61 255
62 370 61 245
63 379 59 238
64 389 63 224
65 403 64 209
66 419 56 201
67 430 52 194
68 442 51 183
69 452 50 174
70 457 57 162
71 467 59 150
72 477 57 142
73 486 55 135
74 494 53 129
75 503 53 120
76 520 44 112
77 530 37 109
78 535 40 101
79 541 37 98
80 549 36 91
81 557 33 86
82 567 28 81
83 575 21 80
84 581 19 76
85 583 21 72
86 587 19 70
87 589 20 67
88 592 18 66
89 596 14 66
90 596 15 65
91 593 18 65
92 597 14 65
93 602 9 65
94 604 7 65
95 605 8 63
96 609 6 61
97 607 7 62
98 608 6 62
99 611 7 58
100 611 9 56
101 611 8 57
102 612 8 56
103 613 7 56
104 615 5 56
105 616 5 55
106 616 5 55
107 605 14 57
108 593 25 58
109 600 20 56
110 0 619 57
111 0 619 57
112 0 613 63
113 0 614 62
114 0 617 59
115 0 618 58
116 0 612 64
117 0 0 676
118 0 0 676
119 0 0 676
120 0 0 676
121 0 0 676
122 0 0 676
123 0 0 676
124 0 0 676
125 0 0 676
126 0 0 676
127 0 0 676
128 0 0 676
129 0 0 676
130 0 0 676
131 0 0 676
132 0 0 676
133 0 0 676
134 0 0 676
135 0 0 676
136 0 0 676
137 0 0 676
138 0 0 676
139 0 0 676
140 0 0 676
141 0 0 676
142 0 0 676
143 0 0 676
144 0 0 676
145 0 0 676
146 0 0 676
147 0 0 676
148 0 0 676
149 0 0 676
150 0 0 676
151 0 0 676
152 0 0 676
153 0 0 676
154 0 0 676
155 0 0 676
156 0 0 676
157 0 0 676
158 0 0 676
159 0 0 676
160 0 0 676
161 0 0 676
162 0 0 676
163 0 0 676
164 0 0 676
165 0 0 676
166 0 0 676
167 0 0 676
168 0 0 676
169 0 0 676
170 0 0 676
171 0 0 676
172 0 0 676
173 0 0 676
174 0 0 676
175 0 0 676
176 0 0 676
177 0 0 676
178 0 0 676
179 0 0 676
180 0 0 676
181 0 0 676
182 0 0 676
183 0 0 676
184 0 0 676
185 0 0 676
186 0 0 676
187 0 0 676
188 0 0 676
189 0 0 676
190 0 0 676
191 0 0 676
192 0 0 676
193 0 0 676
194 0 0 676
195 0 0 676
196 0 0 676
197 0 0 676
198 0 0 676
199 0 0 676
200 0 0 676
201 0 0 676
202 0 0 676
203 0 0 676
204 0 0 676
205 0 0 676
206 0 0 676
207 0 0 676
208 0 0 676
209 0 0 676
210 0 0 676
211 0 0 676
212 0 0 676
213 0 0 676
214 0 0 676
215 0 0 676
216 0 0 676
217 0 0 676
218 0 0 676
219 0 0 676
220 0 0 676
221 0 0 676
222 0 0 676
223 0 0 676
224 0 0 676
225 0 0 676
226 0 0 676
227 0 0 676
228 0 0 676
229 0 0 676
230 0 0 676
231 0 0 676
232 0 0 676
233 0 0 676
234 0 0 676
235 0 0 676
236 0 0 676
237 0 0 676
238 0 0 676
239 0 0 676
240 0 0 676
241 0 0 676
242 0 0 676
243 0 0 676
244 0 0 676
245 0 0 676
246 0 0 676
247 0 0 676
248 0 0 676
249 0 0 676
250 0 0 676
251 0 0 676
252 0 0 676
253 0 0 676
254 0 0 676
255 0 0 676
256 0 0 676
257 0 0 676
258 0 0 676
259 0 0 676
260 0 0 676
261 0 0 676
262 0 0 676
263 0 0 676
264 0 0 676
265 0 0 676
266 0 0 676
267 0 0 676
268 0 0 676
269 0 0 676
270 0 0 676
271 0 0 676
272 0 0 676
273 0 0 676
274 0 0 676
275 0 0 676
276 0 0 676
277 0 0 676
278 0 0 676
279 0 0 676
280 0 0 676
281 0 0 676
282 0 0 676
283 0 0 676
284 0 0 676
285 0 0 676
286 0 0 676
287 0 0 676
288 0 0 676
289 0 0 676
290 0 0 676
291 0 0 676
292 0 0 676
293 0 0 676
294 0 0 676
295 0 0 676
296 0 0 676
297 0 0 676
298 0 0 676
299 0 0 676
300 0 0 676
