0 1 0 168
1 1 0 168
2 1 0 168
3 1 0 168
4 1 0 168
5 1 0 168
6 1 0 168
7 1 0 168
8 1 1 167
9 1 1 167
10 1 1 167
11 1 1 167
12 1 1 167
13 1 2 166
14 1 3 165
15 1 3 165
16 2 2 165
17 2 2 165
18 2 2 165
19 2 3 164
20 2 4 163
21 2 4 163
22 2 4 163
23 3 3 163
24 3 4 162
25 3 4 162
26 4 5 160
27 4 5 160
28 5 5 159
29 5 5 159
30 5 8 156
31 5 9 155
32 5 11 153
33 6 11 152
34 8 13 148
35 8 13 148
36 9 13 147
37 11 11 147
38 12 11 146
39 13 13 143
40 15 12 142
41 16 13 140
42 18 11 140
43 18 12 139
44 20 11 138
45 21 14 134
46 21 15 133
47 22 16 131
48 23 17 129
49 25 19 125
50 28 18 123
51 31 18 120
52 35 16 118
53 36 17 116
54 40 14 115
55 42 15 112
56 45 14 110
57 46 14 109
58 48 17 104
59 48 20 101
60 51 21 97
61 53 19 97
62 57 18 94
63 59 19 91
64 60 26 83
65 62 26 81
66 68 21 80
67 69 23 77
68 71 21 77
69 71 25 73
70 76 24 69
71 77 24 68
72 77 27 65
73 82 26 61
74 83 26 60
75 87 24 58
76 87 26 56
77 88 28 53
78 92 25 52
79 98 22 49
80 101 21 47
81 102 20 47
82 105 19 45
83 108 18 43
84 111 17 41
85 113 20 36
86 113 21 35
87 116 21 32
88 119 22 28
89 120 22 27
90 125 19 25
91 125 22 22
92 127 21 21
93 129 20 20
94 131 22 16
95 132 22 15
96 132 23 14
97 134 21 14
98 136 22 11
99 137 24 8
100 138 24 7
101 144 20 5
102 149 15 5
103 149 16 4
104 151 14 4
105 140 21 8
106 124 30 15
107 126 29 14
108 129 28 12
109 132 25 12
110 0 148 21
111 0 149 20
112 0 149 20
113 0 151 18
114 0 153 16
115 0 154 15
116 0 156 13
117 0 158 11
118 0 159 10
119 0 161 8
120 0 150 19
121 0 151 18
122 0 152 17
123 0 153 16
124 0 154 15
125 0 157 12
126 0 158 11
127 0 159 10
128 0 161 8
129 0 162 7
130 0 164 5
131 0 164 5
132 0 164 5
133 0 166 3
134 0 166 3
135 0 166 3
136 0 0 169
137 0 0 169
138 0 0 169
139 0 0 169
140 0 0 169
141 0 0 169
142 0 0 169
143 0 0 169
144 0 0 169
145 0 0 169
146 0 0 169
147 0 0 169
148 0 0 169
149 0 0 169
150 0 0 169
151 0 0 169
152 0 0 169
153 0 0 169
154 0 0 169
155 0 0 169
156 0 0 169
157 0 0 169
158 0 0 169
159 0 0 169
160 0 0 169
161 0 0 169
162 0 0 169
163 0 0 169
164 0 0 169
165 0 0 169
166 0 0 169
167 0 0 169
168 0 0 169
169 0 0 169
170 0 0 169
171 0 0 169
172 0 0 169
173 0 0 169
174 0 0 169
175 0 0 169
176 0 0 169
177 0 0 169
178 0 0 169
179 0 0 169
180 0 0 169
181 0 0 169
182 0 0 169
183 0 0 169
184 0 0 169
185 0 0 169
186 0 0 169
187 0 0 169
188 0 0 169
189 0 0 169
190 0 0 169
191 0 0 169
192 0 0 169
193 0 0 169
194 0 0 169
195 0 0 169
196 0 0 169
197 0 0 169
198 0 0 169
199 0 0 169
200 0 0 169
201 0 0 169
202 0 0 169
203 0 0 169
204 0 0 169
205 0 0 169
206 0 0 169
207 0 0 169
208 0 0 169
209 0 0 169
210 0 0 169
211 0 0 169
212 0 0 169
213 0 0 169
214 0 0 169
215 0 0 169
216 0 0 169
217 0 0 169
218 0 0 169
219 0 0 169
220 0 0 169
221 0 0 169
222 0 0 169
223 0 0 169
224 0 0 169
225 0 0 169
226 0 0 169
227 0 0 169
228 0 0 169
229 0 0 169
230 0 0 169
231 0 0 169
232 0 0 169
233 0 0 169
234 0 0 169
235 0 0 169
236 0 0 169
237 0 0 169
238 0 0 169
239 0 0 169
240 0 0 169
241 0 0 169
242 0 0 169
243 0 0 169
244 0 0 169
245 0 0 169
246 0 0 169
247 0 0 169
248 0 0 169
249 0 0 169
250 0 0 169
251 0 0 169
252 0 0 169
253 0 0 169
254 0 0 169
255 0 0 169
256 0 0 169
257 0 0 169
258 0 0 169
259 0 0 169
260 0 0 169
261 0 0 169
262 0 0 169
263 0 0 169
264 0 0 169
265 0 0 169
266 0 0 169
267 0 0 169
268 0 0 169
269 0 0 169
270 0 0 169
271 0 0 169
272 0 0 169
273 0 0 169
274 0 0 169
275 0 0 169
276 0 0 169
277 0 0 169
278 0 0 169
279 0 0 169
280 0 0 169
281 0 0 169
282 0 0 169
283 0 0 169
284 0 0 169
285 0 0 169
286 0 0 169
287 0 0 169
288 0 0 169
289 0 0 169
290 0 0 169
291 0 0 169
292 0 0 169
293 0 0 169
294 0 0 169
295 0 0 169
296 0 0 169
297 0 0 169
298 0 0 169
299 0 0 169
300 0 0 169
