0 0.0014792899408284023 0.0 0.9985207100591716
1 0.0029585798816568047 0.0014792899408284023 0.9955621301775148
2 0.0029585798816568047 0.0029585798816568047 0.9940828402366864
3 0.0029585798816568047 0.0029585798816568047 0.9940828402366864
4 0.005917159763313609 0.0014792899408284023 0.992603550295858
5 0.005917159763313609 0.005917159763313609 0.9881656804733728
6 0.005917159763313609 0.008875739644970414 0.985207100591716
7 0.005917159763313609 0.016272189349112426 0.977810650887574
8 0.005917159763313609 0.020710059171597635 0.9733727810650887
9 0.010355029585798817 0.016272189349112426 0.9733727810650887
10 0.014792899408284023 0.016272189349112426 0.9689349112426036
11 0.016272189349112426 0.019230769230769232 0.9644970414201184
12 0.019230769230769232 0.022189349112426034 0.9585798816568047
13 0.020710059171597635 0.029585798816568046 0.9497041420118343
14 0.022189349112426034 0.03106508875739645 0.9467455621301775
15 0.023668639053254437 0.038461538461538464 0.9378698224852071
16 0.02514792899408284 0.047337278106508875 0.9275147928994083
17 0.03106508875739645 0.047337278106508875 0.9215976331360947
18 0.034023668639053255 0.05325443786982249 0.9127218934911243
19 0.03994082840236687 0.05029585798816568 0.9097633136094675
20 0.042899408284023666 0.05621301775147929 0.900887573964497
21 0.04585798816568047 0.0621301775147929 0.8920118343195266
22 0.05325443786982249 0.06656804733727811 0.8801775147928994
23 0.05621301775147929 0.07396449704142012 0.8698224852071006
24 0.06360946745562131 0.07544378698224852 0.8609467455621301
25 0.07248520710059171 0.08284023668639054 0.8446745562130178
26 0.08579881656804733 0.08284023668639054 0.8313609467455622
27 0.09763313609467456 0.08431952662721894 0.8180473372781065
28 0.10502958579881656 0.09171597633136094 0.8032544378698225
29 0.11242603550295859 0.09911242603550297 0.7884615384615384
30 0.11686390532544379 0.11094674556213018 0.772189349112426
31 0.1257396449704142 0.10798816568047337 0.7662721893491125
32 0.13313609467455623 0.11538461538461539 0.7514792899408284
33 0.1390532544378698 0.128698224852071 0.7322485207100592
34 0.14349112426035504 0.14497041420118342 0.7115384615384616
35 0.15532544378698224 0.14201183431952663 0.7026627218934911
36 0.16715976331360946 0.15384615384615385 0.6789940828402367
37 0.17899408284023668 0.15828402366863906 0.6627218934911243
38 0.1937869822485207 0.15828402366863906 0.6479289940828402
39 0.20266272189349113 0.15828402366863906 0.6390532544378699
40 0.21745562130177515 0.15976331360946747 0.6227810650887574
41 0.23520710059171598 0.16715976331360946 0.5976331360946746
42 0.2411242603550296 0.1878698224852071 0.5710059171597633
43 0.26479289940828404 0.17751479289940827 0.5576923076923077
44 0.28550295857988167 0.1863905325443787 0.5281065088757396
45 0.30029585798816566 0.20118343195266272 0.4985207100591716
46 0.3136094674556213 0.20414201183431951 0.4822485207100592
47 0.33579881656804733 0.20118343195266272 0.4630177514792899
48 0.3520710059171598 0.20266272189349113 0.4452662721893491
49 0.3683431952662722 0.20266272189349113 0.4289940828402367
50 0.3816568047337278 0.20266272189349113 0.4156804733727811
51 0.39349112426035504 0.21005917159763313 0.39644970414201186
52 0.40828402366863903 0.21153846153846154 0.3801775147928994
53 0.4260355029585799 0.21153846153846154 0.3624260355029586
54 0.4378698224852071 0.21597633136094674 0.34615384615384615
55 0.4511834319526627 0.21449704142011836 0.3343195266272189
56 0.46597633136094674 0.21005917159763313 0.3239644970414201
57 0.4896449704142012 0.20562130177514792 0.3047337278106509
58 0.507396449704142 0.1952662721893491 0.2973372781065089
59 0.5251479289940828 0.1849112426035503 0.28994082840236685
60 0.5428994082840237 0.1863905325443787 0.27071005917159763
61 0.5591715976331361 0.1834319526627219 0.257396449704142
62 0.5784023668639053 0.17455621301775148 0.2470414201183432
63 0.5931952662721893 0.17751479289940827 0.22928994082840237
64 0.6109467455621301 0.17455621301775148 0.21449704142011836
65 0.6331360946745562 0.16124260355029585 0.20562130177514792
66 0.643491124260355 0.15532544378698224 0.20118343195266272
67 0.6553254437869822 0.15384615384615385 0.1908284023668639
68 0.665680473372781 0.15236686390532544 0.1819526627218935
69 0.6760355029585798 0.15532544378698224 0.16863905325443787
70 0.6893491124260355 0.14497041420118342 0.16568047337278108
71 0.7026627218934911 0.1390532544378698 0.15828402366863906
72 0.7100591715976331 0.1346153846153846 0.15532544378698224
73 0.7292899408284024 0.12721893491124261 0.14349112426035504
74 0.742603550295858 0.1227810650887574 0.1346153846153846
75 0.7485207100591716 0.12130177514792899 0.1301775147928994
76 0.757396449704142 0.12130177514792899 0.12130177514792899
77 0.7766272189349113 0.10798816568047337 0.11538461538461539
78 0.7825443786982249 0.10355029585798817 0.11390532544378698
79 0.7943786982248521 0.09615384615384616 0.10946745562130178
80 0.8017751479289941 0.09319526627218935 0.10502958579881656
81 0.8150887573964497 0.07988165680473373 0.10502958579881656
82 0.8210059171597633 0.07544378698224852 0.10355029585798817
83 0.8254437869822485 0.07248520710059171 0.10207100591715976
84 0.8298816568047337 0.07396449704142012 0.09615384615384616
85 0.8402366863905325 0.06656804733727811 0.09319526627218935
86 0.8476331360946746 0.060650887573964495 0.09171597633136094
87 0.8594674556213018 0.05029585798816568 0.09023668639053255
88 0.8609467455621301 0.05029585798816568 0.08875739644970414
89 0.863905325443787 0.04881656804733728 0.08727810650887574
90 0.871301775147929 0.042899408284023666 0.08579881656804733
91 0.8772189349112426 0.038461538461538464 0.08431952662721894
92 0.8816568047337278 0.034023668639053255 0.08431952662721894
93 0.8846153846153846 0.03254437869822485 0.08284023668639054
94 0.8875739644970414 0.029585798816568046 0.08284023668639054
95 0.8905325443786982 0.026627218934911243 0.08284023668639054
96 0.8979289940828402 0.019230769230769232 0.08284023668639054
97 0.900887573964497 0.016272189349112426 0.08284023668639054
98 0.9068047337278107 0.010355029585798817 0.08284023668639054
99 0.9112426035502958 0.005917159763313609 0.08284023668639054
100 0.9112426035502958 0.0073964497041420114 0.08136094674556213
101 0.9127218934911243 0.005917159763313609 0.08136094674556213
102 0.9142011834319527 0.004437869822485207 0.08136094674556213
103 0.8846153846153846 0.029585798816568046 0.08579881656804733
104 0.886094674556213 0.029585798816568046 0.08431952662721894
105 0.893491124260355 0.022189349112426034 0.08431952662721894
106 0.8964497041420119 0.020710059171597635 0.08284023668639054
107 0.8964497041420119 0.020710059171597635 0.08284023668639054
108 0.8979289940828402 0.020710059171597635 0.08136094674556213
109 0.8979289940828402 0.020710059171597635 0.08136094674556213
110 0.0 0.9023668639053254 0.09763313609467456
111 0.0 0.9038461538461539 0.09615384615384616
112 0.0 0.908284023668639 0.09171597633136094
113 0.0 0.908284023668639 0.09171597633136094
114 0.0 0.9097633136094675 0.09023668639053255
115 0.0 0.9097633136094675 0.09023668639053255
116 0.0 0.9112426035502958 0.08875739644970414
117 0.0 0.9112426035502958 0.08875739644970414
118 0.0 0.9112426035502958 0.08875739644970414
119 0.0 0.9112426035502958 0.08875739644970414
120 0.0 0.9142011834319527 0.08579881656804733
121 0.0 0.9142011834319527 0.08579881656804733
122 0.0 0.9142011834319527 0.08579881656804733
123 0.0 0.915680473372781 0.08431952662721894
124 0.0 0.915680473372781 0.08431952662721894
125 0.0 0.9186390532544378 0.08136094674556213
126 0.0 0.9186390532544378 0.08136094674556213
127 0.0 0.9186390532544378 0.08136094674556213
128 0.0 0.9186390532544378 0.08136094674556213
129 0.0 0.9186390532544378 0.08136094674556213
130 0.0 0.9186390532544378 0.08136094674556213
131 0.0 0.9186390532544378 0.08136094674556213
132 0.0 0.9186390532544378 0.08136094674556213
133 0.0 0.9186390532544378 0.08136094674556213
134 0.0 0.9186390532544378 0.08136094674556213
135 0.0 0.9186390532544378 0.08136094674556213
136 0.0 0.0 1.0
137 0.0 0.0 1.0
138 0.0 0.0 1.0
139 0.0 0.0 1.0
140 0.0 0.0 1.0
141 0.0 0.0 1.0
142 0.0 0.0 1.0
143 0.0 0.0 1.0
144 0.0 0.0 1.0
145 0.0 0.0 1.0
146 0.0 0.0 1.0
147 0.0 0.0 1.0
148 0.0 0.0 1.0
149 0.0 0.0 1.0
150 0.0 0.0 1.0
151 0.0 0.0 1.0
152 0.0 0.0 1.0
153 0.0 0.0 1.0
154 0.0 0.0 1.0
155 0.0 0.0 1.0
156 0.0 0.0 1.0
157 0.0 0.0 1.0
158 0.0 0.0 1.0
159 0.0 0.0 1.0
160 0.0 0.0 1.0
161 0.0 0.0 1.0
162 0.0 0.0 1.0
163 0.0 0.0 1.0
164 0.0 0.0 1.0
165 0.0 0.0 1.0
166 0.0 0.0 1.0
167 0.0 0.0 1.0
168 0.0 0.0 1.0
169 0.0 0.0 1.0
170 0.0 0.0 1.0
171 0.0 0.0 1.0
172 0.0 0.0 1.0
173 0.0 0.0 1.0
174 0.0 0.0 1.0
175 0.0 0.0 1.0
176 0.0 0.0 1.0
177 0.0 0.0 1.0
178 0.0 0.0 1.0
179 0.0 0.0 1.0
180 0.0 0.0 1.0
181 0.0 0.0 1.0
182 0.0 0.0 1.0
183 0.0 0.0 1.0
184 0.0 0.0 1.0
185 0.0 0.0 1.0
186 0.0 0.0 1.0
187 0.0 0.0 1.0
188 0.0 0.0 1.0
189 0.0 0.0 1.0
190 0.0 0.0 1.0
191 0.0 0.0 1.0
192 0.0 0.0 1.0
193 0.0 0.0 1.0
194 0.0 0.0 1.0
195 0.0 0.0 1.0
196 0.0 0.0 1.0
197 0.0 0.0 1.0
198 0.0 0.0 1.0
199 0.0 0.0 1.0
200 0.0 0.0 1.0
201 0.0 0.0 1.0
202 0.0 0.0 1.0
203 0.0 0.0 1.0
204 0.0 0.0 1.0
205 0.0 0.0 1.0
206 0.0 0.0 1.0
207 0.0 0.0 1.0
208 0.0 0.0 1.0
209 0.0 0.0 1.0
210 0.0 0.0 1.0
211 0.0 0.0 1.0
212 0.0 0.0 1.0
213 0.0 0.0 1.0
214 0.0 0.0 1.0
215 0.0 0.0 1.0
216 0.0 0.0 1.0
217 0.0 0.0 1.0
218 0.0 0.0 1.0
219 0.0 0.0 1.0
220 0.0 0.0 1.0
221 0.0 0.0 1.0
222 0.0 0.0 1.0
223 0.0 0.0 1.0
224 0.0 0.0 1.0
225 0.0 0.0 1.0
226 0.0 0.0 1.0
227 0.0 0.0 1.0
228 0.0 0.0 1.0
229 0.0 0.0 1.0
230 0.0 0.0 1.0
231 0.0 0.0 1.0
232 0.0 0.0 1.0
233 0.0 0.0 1.0
234 0.0 0.0 1.0
235 0.0 0.0 1.0
236 0.0 0.0 1.0
237 0.0 0.0 1.0
238 0.0 0.0 1.0
239 0.0 0.0 1.0
240 0.0 0.0 1.0
241 0.0 0.0 1.0
242 0.0 0.0 1.0
243 0.0 0.0 1.0
244 0.0 0.0 1.0
245 0.0 0.0 1.0
246 0.0 0.0 1.0
247 0.0 0.0 1.0
248 0.0 0.0 1.0
249 0.0 0.0 1.0
250 0.0 0.0 1.0
251 0.0 0.0 1.0
252 0.0 0.0 1.0
253 0.0 0.0 1.0
254 0.0 0.0 1.0
255 0.0 0.0 1.0
256 0.0 0.0 1.0
257 0.0 0.0 1.0
258 0.0 0.0 1.0
259 0.0 0.0 1.0
260 0.0 0.0 1.0
261 0.0 0.0 1.0
262 0.0 0.0 1.0
263 0.0 0.0 1.0
264 0.0 0.0 1.0
265 0.0 0.0 1.0
266 0.0 0.0 1.0
267 0.0 0.0 1.0
268 0.0 0.0 1.0
269 0.0 0.0 1.0
270 0.0 0.0 1.0
271 0.0 0.0 1.0
272 0.0 0.0 1.0
273 0.0 0.0 1.0
274 0.0 0.0 1.0
275 0.0 0.0 1.0
276 0.0 0.0 1.0
277 0.0 0.0 1.0
278 0.0 0.0 1.0
279 0.0 0.0 1.0
280 0.0 0.0 1.0
281 0.0 0.0 1.0
282 0.0 0.0 1.0
283 0.0 0.0 1.0
284 0.0 0.0 1.0
285 0.0 0.0 1.0
286 0.0 0.0 1.0
287 0.0 0.0 1.0
288 0.0 0.0 1.0
289 0.0 0.0 1.0
290 0.0 0.0 1.0
291 0.0 0.0 1.0
292 0.0 0.0 1.0
293 0.0 0.0 1.0
294 0.0 0.0 1.0
295 0.0 0.0 1.0
296 0.0 0.0 1.0
297 0.0 0.0 1.0
298 0.0 0.0 1.0
299 0.0 0.0 1.0
300 0.0 0.0 1.0
