0.004418099977707931 0.0
0.14438157664468246 0.0
0.14804400403823947 0.0
0.14816749401456272 0.0
0.27530032341348676 0.0
0.2832401292364211 0.0
0.30831053110581136 0.0
0.4154259147410365 0.0
0.4281205844813453 0.0
0.49978583251866726 0.0
0.5332690419292865 0.0
0.5375921567232611 0.0
0.5860117830155724 0.0
0.6542164223629925 0.0
0.6659646451524063 0.0
0.7345985826190363 0.0
0.7503201790888684 0.0
0.7778145473493675 0.0
0.7998243358871466 0.0
0.845125005868096 0.0
0.9616898133035214 0.0
0.9711884887431631 0.0
0.9712705376249683 0.0
1.0062454239240866 0.0
1.0212020950481175 0.0
1.1252457811486076 0.0
1.1271422614975162 0.0
1.1330070782850037 0.0
1.1459147480628178 0.0
1.2585730545413074 0.0
1.3933672596875355 0.0
1.3946304974745092 0.0
1.400466438613901 0.0
1.4156073645149871 0.0
1.4396953065572107 0.0
1.4538154704819575 0.0
1.4629857619059756 0.0
1.4757387163728422 0.0
1.4857737125701784 0.0
1.5994590246442648 0.0
1.6218097258986164 0.0
1.6464516399122286 0.0
1.6739937844775887 0.0
1.678177516033341 0.0
1.687039136943915 0.0
1.7954185628540302 0.0
1.8008257267108037 0.0
1.8048926583865 0.0
1.817737462224111 0.0
1.8199090343994662 0.0
1.8202799403243743 0.0
1.8259896855110236 0.0
1.8314490126092455 0.0
1.836784556202929 0.0
1.8380132835993113 0.0
1.843430437838493 0.0
1.8508116103696173 0.0
1.875865301817951 0.0
1.882684288203504 0.0
1.8922853569503277 0.0
1.8949951352568286 0.0
1.911397479283956 0.0
1.9199119554534807 0.0
1.9335833649151402 0.0
1.9337282439556727 0.0
1.9555387788605934 0.0
1.9567833053341135 0.0
1.960284787284065 0.0
1.9724297498066705 0.0
1.975104995855618 0.0
1.981855146654273 0.0
1.9936737296230551 0.0
2.0012941632759493 0.0
2.0358676716538695 0.0
2.038801561260754 0.0
2.1098777093766605 0.0
2.116764379219289 0.0
2.1391562899510506 0.0
2.158541731417822 0.0
2.1619768443577483 0.0
2.1658702905901457 0.0
2.1777367311919527 0.0
2.19314114136408 0.0
2.196073235949932 0.0
2.2013569012266037 0.0
2.220853345535643 0.0
2.227770822031303 0.0
2.2338270712111203 0.0
2.2768990378807943 0.0
2.2938570112463723 0.0
2.319586904939229 0.0
2.341855090517248 0.0
2.3834385229026664 0.0
2.3939242164139216 0.0
2.4128075845394856 0.0
2.4249826158130934 0.0
2.4297809626169977 0.0
2.4535715390596087 0.0
2.4562439800274203 0.0
2.485346728257542 0.0
2.4952841745834253 0.0
2.5100567289847855 0.0
2.5223359223967594 0.0
2.5302958107102937 0.0
2.5416452871824964 0.0
2.54491130995875 0.0
2.5592741178108027 0.0
2.5710325282681143 0.0
2.5747165660514577 0.0
2.5812276877545557 0.0
2.5928050141208843 0.0
2.6481072870175493 0.0
2.6529656958949883 0.0
2.65356429114278 0.0
2.686536407254445 0.0
2.692473710977628 0.0
2.725801541877765 0.0
2.7294562942377194 0.0
2.7508241728341805 0.0
2.7531069274383504 0.0
2.7592989160163217 0.0
2.766679001075072 0.0
2.780105650309135 0.0
2.7820352166558457 0.0
2.7947441547900995 0.0
2.8090087595119035 0.0
2.8205100822016975 0.0
2.8268158675985156 0.0
2.829500890497216 0.0
2.8397946430279517 0.0
2.8399170703591485 0.0
2.8437230236252535 0.0
2.8471904197788995 0.0
2.9114958980071655 0.0
2.9243342932042546 0.0
2.9309742792445306 0.0
2.9535374208487655 0.0
2.9654024276919717 0.0
2.968020108134705 0.0
2.976163037899494 0.0
2.9928500670474354 0.0
2.9942783226264216 0.0
3.0003734842588314 0.0
3.016853848069538 0.0
3.0196802344314633 0.0
3.023612976410797 0.0
3.0390733681897792 0.0
3.0444821894708958 0.0
3.063567876564242 0.0
3.108471263579681 0.0
3.108582949130857 0.0
3.1204285588873084 0.0
3.160267887589707 0.0
3.179332493440033 0.0
3.1885308367102767 0.0
3.2206543128198297 0.0
3.2234491844883175 0.0
3.2279138510946406 0.0
3.230231951689616 0.0
3.2398526724315206 0.0
3.244349226169359 0.0
3.25958555265982 0.0
3.283251735514739 0.0
3.2833415127868406 0.0
3.291713851110118 0.0
3.2980683754673903 0.0
3.2993340320033315 0.0
3.304322829777058 0.0
3.310246768170259 0.0
3.318286578684278 0.0
3.329600957830919 0.0
3.3359866861631815 0.0
3.3437166939026777 0.0
3.345082412146256 0.0
3.3461904215445077 0.0
3.3507420253375737 0.0
3.358173102397651 0.0
3.366657587766826 0.0
3.3687458192439506 0.0
3.371391690687781 0.0
3.3765556554816714 0.0
3.391118696557984 0.0
3.3956141747559596 0.0
3.4031373260441584 0.0
3.411702447522384 0.0
3.415015291478224 0.0
3.4467496120705725 0.0
3.464919157756066 0.0
3.4831537854346544 0.0
3.488024848022001 0.0
3.4945367105662486 0.0
3.5012170863309775 0.0
3.508337655745507 0.0
3.5108005731244307 0.0
3.5318171830100127 0.0
3.5318386555023316 0.0
3.5361584909769546 0.0
3.537027169523132 0.0
3.54655430152615 0.0
3.5537667893081597 0.0
3.5626507171307487 0.0
3.5673533874715395 0.0
3.5674026163926835 0.0
3.568344787951317 0.0
3.569572684480013 0.0
3.5730427244798952 0.0
3.5836986677330245 0.0
3.5845845749812364 0.0
3.5949499447342927 0.0
3.5952154956883104 0.0
3.5967379085475466 0.0
3.620344696394442 0.0
3.6256126109572095 0.0
3.6293968093003044 0.0
3.6411143168208144 0.0
3.6415514541536536 0.0
3.6563505254714395 0.0
3.6642891434630798 0.0
3.6650470459843496 0.0
3.675464124828254 0.0
3.685635775344161 0.0
3.7099753144390735 0.0
3.716165897047052 0.0
3.719771021915732 0.0
3.722196256489086 0.0
3.729460119138273 0.0
3.774300320952599 0.0
3.7793370346635977 0.0
3.7821959672150673 0.0
3.7830221672469757 0.0
3.811564261553475 0.0
3.8258509837732735 0.0
3.8312700742650376 0.0
3.8427627450728203 0.0
3.8883645242720313 0.0
3.9037267176144845 0.0
3.917166330062092 0.0
3.932354135464302 0.0
3.9336524558941077 0.0
3.961702840358567 0.0
3.9857159361816925 0.0
4.002499657712196 0.0
4.026389794245516 0.0
4.039121098280736 0.0
4.044499490070343 0.0
4.090879273230279 0.0
4.092947035853006 0.0
4.094971114528525 0.0
4.098631861635953 0.0
4.117597336247538 0.0
4.133491564881284 0.0
4.163580784232452 0.0
4.18657199759828 0.0
4.194107715202172 0.0
4.197592863150649 0.0
4.206814653301799 0.0
4.212126764421251 0.0
4.226392348997529 0.0
4.234231658846091 0.0
4.241462677215936 0.0
4.246240365680972 0.0
4.25280918540013 0.0
4.265526505120477 0.0
4.267019872477806 0.0
4.27794675750348 0.0
4.307561536701193 0.0
4.309376553200683 0.0
4.310339606445053 0.0
4.31133650579004 0.0
4.311652770977283 0.0
4.338465114188453 0.0
4.349424397586095 0.0
4.361212929998556 0.0
4.363244294112641 0.0
4.394635026338141 0.0
4.4195537136682095 0.0
4.431929286854219 0.0
4.438833221328231 0.0
4.4442729861505725 0.0
4.446895879516084 0.0
4.4520165856372556 0.0
4.4683748596481605 0.0
4.481621890314201 0.0
4.486479648588525 0.0
4.507835847258599 0.0
4.5191066044577 0.0
4.524630471750181 0.0
4.560292294936643 0.0
4.587480064429269 0.0
4.590436784385217 0.0
4.594528150018052 0.0
4.598995871131149 0.0
4.618155705156043 0.0
4.6285581255685155 0.0
4.637863159993194 0.0
4.644759101002126 0.0
4.652501230202852 0.0
4.677525170066392 0.0
4.716086732088723 0.0
4.719198793091644 0.0
4.735696544766107 0.0
4.736651886495949 0.0
4.739366456738301 0.0
4.742312499859573 0.0
4.7508842576867405 0.0
4.754973667951617 0.0
4.757007238104738 0.0
4.772865016452074 0.0
4.773736848118577 0.0
4.783505498623013 0.0
4.78690485175221 0.0
4.7928376586282 0.0
4.7963602236589225 0.0
4.820627377807007 0.0
4.831356859447422 0.0
4.833578403771332 0.0
4.83510465119815 0.0
4.845712505443086 0.0
4.847182176936955 0.0
4.856047773702716 0.0
4.871229816095255 0.0
4.873166299756727 0.0
4.885318923987659 0.0
4.91821477899697 0.0
4.9260635184918495 0.0
4.9667293835802795 0.0
4.9758677203502755 0.0
4.979862987912908 0.0
4.987803451813085 0.0
4.989710732104599 0.0
5.016561087431944 0.0
5.022031529253412 0.0
5.0431102505426075 0.0
5.07363231323838 0.0
5.086747283674998 0.0
5.088497799002891 0.0
5.095415182456644 0.0
5.099398415217709 0.0
5.103920372547581 0.0
5.1197748510959284 0.0
5.144055797938605 0.0
5.168656042670265 0.0
5.219686013617324 0.0
5.228523714878863 0.0
5.241940421814499 0.0
5.24590564615577 0.0
5.250788311573506 0.0
5.268633571807673 0.0
5.281504520589812 0.0
5.29416175841548 0.0
5.314792054834359 0.0
5.350786653514067 0.0
5.351541794511202 0.0
5.364273901698529 0.0
5.3650459104390835 0.0
5.372083427573972 0.0
5.404279511883937 0.0
5.404779128976541 0.0
5.427906982152058 0.0
5.4314476298030465 0.0
5.441148457086355 0.0
5.441169099893412 0.0
5.44737753430192 0.0
5.447696962635379 0.0
5.449075943503823 0.0
5.539068132890373 0.0
5.542282498896149 0.0
5.566695273203859 0.0
5.567227931482199 0.0
5.587254127777287 0.0
5.592317420632263 0.0
5.61037260331557 0.0
5.62115034646546 0.0
5.658143390761134 0.0
5.673909032950533 0.0
5.687328140043153 0.0
5.695509478118061 0.0
5.716024855415241 0.0
5.7255661527636095 0.0
5.731807500426647 0.0
5.733435421022938 0.0
5.737764678456339 0.0
5.747848323826509 0.0
5.765368600347093 0.0
5.774331856845257 0.0
5.7746860881229995 0.0
5.778032703473821 0.0
5.778595599881881 0.0
5.801396794585087 0.0
5.808927879513164 0.0
5.8257124857576565 0.0
5.837514193499351 0.0
5.8449278240690825 0.0
5.856601231862617 0.0
5.859442999228831 0.0
5.871346749242512 0.0
5.8763707170174815 0.0
5.9028738308343325 0.0
5.9377614273533705 0.0
5.946651978765156 0.0
5.959473384316673 0.0
5.961881041456027 0.0
5.979143710408169 0.0
5.985464048295934 0.0
5.996976389566505 0.0
6.007366717484145 0.0
6.015312869815441 0.0
6.027667865958024 0.0
6.057107329317532 0.0
6.079686418418404 0.0
6.080422698521513 0.0
6.083382708634842 0.0
6.100179705952418 0.0
6.101645117551037 0.0
6.147954017894622 0.0
6.162966643512278 0.0
6.16551876566747 0.0
6.1721039225029255 0.0
6.191195914895289 0.0
6.198578456477199 0.0
6.202434537884133 0.0
6.2085541827313 0.0
6.235225363719516 0.0
6.271439695597085 0.0
6.284512250474887 0.0
6.286291530350604 0.0
6.294449977395369 0.0
6.340321863548798 0.0
6.3424393416057345 0.0
6.363114479125368 0.0
6.396024293525989 0.0
6.40252943900639 0.0
6.442085038951019 0.0
6.449742477701527 0.0
6.456117193258907 0.0
6.461952218374654 0.0
6.493303337737596 0.0
6.49763089434545 0.0
6.513703585182771 0.0
6.5506418937419255 0.0
6.566517519122037 0.0
6.57068295485127 0.0
6.57494489194962 0.0
6.591828455171658 0.0
6.5926492312485685 0.0
6.596231494415923 0.0
6.604128667402935 0.0
6.605093589879644 0.0
6.6058249772764 0.0
6.608465924104195 0.0
6.612224660546066 0.0
6.614376632315482 0.0
6.618003245958241 0.0
6.619153776855241 0.0
6.620898469102171 0.0
6.649234253333377 0.0
6.656001641257521 0.0
6.66124006370327 0.0
6.662556611996829 0.0
6.6924025809588565 0.0
6.7012512157234845 0.0
6.706653542481677 0.0
6.763925178748585 0.0
6.7732030370420615 0.0
6.773299892117997 0.0
6.7819229455692795 0.0
6.808756190274851 0.0
6.82888875979359 0.0
6.832893368678105 0.0
6.859659890395933 0.0
6.866923127677496 0.0
6.877887234385492 0.0
6.881224195466224 0.0
6.889763221529684 0.0
6.905486786483217 0.0
6.924531073700802 0.0
6.967310261311486 0.0
6.981326409436064 0.0
6.983658064973268 0.0
6.988065809671239 0.0
6.992845963067318 0.0
6.9972522964491315 0.0
7.002060542730766 0.0
7.016169703173437 0.0
7.017038630392742 0.0
7.018207058602348 0.0
7.019146561596128 0.0
7.037808711711789 0.0
7.067628264856036 0.0
7.075560921804753 0.0
7.07630241273778 0.0
7.1141510737406755 0.0
7.137770414432889 0.0
7.140855382760173 0.0
7.143541108021002 0.0
7.188916506994747 0.0
7.192258861530089 0.0
7.192751319248258 0.0
7.199502506556704 0.0
7.246267764425398 0.0
7.248469079145645 0.0
7.249227412971253 0.0
7.259087241575004 0.0
7.259188348776515 0.0
7.259770631921577 0.0
7.261526809262328 0.0
7.263793261295192 0.0
7.264614600279114 0.0
7.271739895297509 0.0
7.283605555310099 0.0
7.286212759683271 0.0
7.293721470355719 0.0
7.318010112469391 0.0
7.324102080553753 0.0
7.348064248274871 0.0
7.354051128271659 0.0
7.357785127933788 0.0
7.3593247699858475 0.0
7.3620524991110265 0.0
7.382638747772471 0.0
7.397961010009043 0.0
7.4025785104076895 0.0
7.402583755223381 0.0
7.40592872198955 0.0
7.422949253042344 0.0
7.427038824561248 0.0
7.434301494746216 0.0
7.435691755619237 0.0
7.442969456851751 0.0
7.446978106182134 0.0
7.454304804210518 0.0
7.468944408505449 0.0
7.473749557520719 0.0
7.526953510508122 0.0
7.532899139872482 0.0
7.53290856894162 0.0
7.575761197009076 0.0
7.583720255065296 0.0
7.606569052639414 0.0
7.613492767659548 0.0
7.633989455284144 0.0
7.635291907422441 0.0
7.655180222755312 0.0
7.658489747996158 0.0
7.660155268431733 0.0
7.664739670014315 0.0
7.673807802289243 0.0
7.701151482185575 0.0
7.703446000845123 0.0
7.716251762223953 0.0
7.73082501970872 0.0
7.7318925585042875 0.0
7.7357087091566035 0.0
7.7464649424996175 0.0
7.746765091360843 0.0
7.759189442688782 0.0
7.773325099163204 0.0
7.788515051008584 0.0
7.800583342950916 0.0
7.801088049821371 0.0
7.809610601475427 0.0
7.81202121537436 0.0
7.812919773567441 0.0
7.824190205202101 0.0
7.826027207069357 0.0
7.835866782414749 0.0
7.84189010097828 0.0
7.845510910677967 0.0
7.847443391705898 0.0
7.862517579046068 0.0
7.88283924194536 0.0
7.904462648211556 0.0
7.905832286491442 0.0
7.921187414073537 0.0
7.923310285722437 0.0
7.925288684091418 0.0
7.9265307257997355 0.0
7.949947364881396 0.0
7.958383694148808 0.0
7.970862752706644 0.0
7.982690722906279 0.0
7.989087045679678 0.0
7.991521602798192 0.0
7.995736203415218 0.0
8.020192288214668 0.0
8.02372517808714 0.0
8.04408940125384 0.0
8.044269540229545 0.0
8.070578454671285 0.0
8.075500404462453 0.0
8.08756337567539 0.0
8.097608216962126 0.0
8.11164980020772 0.0
8.12594370392037 0.0
8.126573901308783 0.0
8.156772820057913 0.0
8.170332919862899 0.0
8.176767357737342 0.0
8.181214137344236 0.0
8.209792399730276 0.0
8.235716193661261 0.0
8.251465018236283 0.0
8.263930736836244 0.0
8.264750880346229 0.0
8.278967990336028 0.0
8.299710532128145 0.0
8.300051623627414 0.0
8.330666381903146 0.0
8.34643926927763 0.0
8.368042039980619 0.0
8.377268051588333 0.0
8.393922117454212 0.0
8.420101175591734 0.0
8.428809513480603 0.0
8.430746681028879 0.0
8.4317412250346 0.0
8.441376155558586 0.0
8.45396255980243 0.0
8.474163510426987 0.0
8.476130804013989 0.0
8.49319562927111 0.0
8.503401156091774 0.0
8.527058034833864 0.0
8.556929653956134 0.0
8.575144450767901 0.0
8.580350555829574 0.0
8.607302129383253 0.0
8.611723823181402 0.0
8.617439289448287 0.0
8.636924404971799 0.0
8.641168008162246 0.0
8.645292523870335 0.0
8.671556508523334 0.0
8.696631868872526 0.0
8.701657622125833 0.0
8.710113365980973 0.0
8.782093855219475 0.0
8.803832449130725 0.0
8.804727854128945 0.0
8.806509121068707 0.0
8.810561013137876 0.0
8.8122677676073 0.0
8.81260544883985 0.0
8.875780347685147 0.0
8.90983351546416 0.0
8.915726194675775 0.0
8.917887002023269 0.0
8.93705906365924 0.0
8.968766579173575 0.0
8.972546274977889 0.0
9.013902575131356 0.0
9.019890724684913 0.0
9.024578073559026 0.0
9.026328291894687 0.0
9.027902670552326 0.0
9.037961425333734 0.0
9.043668720341664 0.0
9.052744945475425 0.0
9.055273393925921 0.0
9.062210515930058 0.0
9.115995123907586 0.0
9.152660386407273 0.0
9.173429676144279 0.0
9.177165850863043 0.0
9.201666528448072 0.0
9.21009964826247 0.0
9.228192611435427 0.0
9.265423641743388 0.0
9.271124066358356 0.0
9.294322284350159 0.0
9.29454701965376 0.0
9.300508793461715 0.0
9.309135341257909 0.0
9.32429925971375 0.0
9.395550267609226 0.0
9.405437385006442 0.0
9.433712533951194 0.0
9.439200588711657 0.0
9.453616504425192 0.0
9.462058672473384 0.0
9.464027311566333 0.0
9.469272169006368 0.0
9.479715560944161 0.0
9.496477139618234 0.0
9.49845211091703 0.0
9.520393898108345 0.0
9.53711979813727 0.0
9.540700121373376 0.0
9.542999828100987 0.0
9.583051328742426 0.0
9.591267244598246 0.0
9.618056034786443 0.0
9.63939309868184 0.0
9.653749783945898 0.0
9.6753238032599 0.0
9.683483602013304 0.0
9.684093645134508 0.0
9.718819368325432 0.0
9.735329917620266 0.0
9.735682529706981 0.0
9.739497571232018 0.0
9.745202392953905 0.0
9.755417948937568 0.0
9.786318715995488 0.0
9.78738216717354 0.0
9.795731123266663 0.0
9.801482931872851 0.0
9.817557877758825 0.0
9.832067928749627 0.0
9.834185387003252 0.0
9.848507262522478 0.0
9.877028172188568 0.0
9.894541951201987 0.0
9.898312291888407 0.0
9.898563430946425 0.0
9.916040841770354 0.0
9.924795882005174 0.0
9.927338285393398 0.0
9.929646520856085 0.0
9.935810248830064 0.0
9.96737217694945 0.0
10.012300300324197 0.0
10.064040490872443 0.0
10.078506848212239 0.0
10.092395737134357 0.0
10.217696527114459 0.0
10.240400113826976 0.0
10.291580560294136 0.0
10.337414543835784 0.0
10.39178800984061 0.0
10.391902356897548 0.0
10.398452393415132 0.0
10.405433423324968 0.0
10.4691941563925 0.0
10.496525401124428 0.0
10.541653044093128 0.0
10.632812881700426 0.0
10.644274243436916 0.0
10.784565646172572 0.0
10.843271512062353 0.0
