0 1 0 675
1 1 1 674
2 1 1 674
3 1 1 674
4 1 2 673
5 1 2 673
6 1 2 673
7 1 4 671
8 1 5 670
9 1 6 669
10 1 6 669
11 1 6 669
12 1 9 666
13 1 10 665
14 1 11 664
15 2 12 662
16 2 14 660
17 2 17 657
18 2 19 655
19 2 22 652
20 2 26 648
21 3 27 646
22 4 28 644
23 6 31 639
24 6 35 635
25 7 39 630
26 8 42 626
27 8 52 616
28 9 53 614
29 9 59 608
30 13 59 604
31 15 67 594
32 15 73 588
33 18 80 578
34 24 80 572
35 25 87 564
36 26 95 555
37 30 100 546
38 32 104 540
39 36 111 529
40 41 115 520
41 44 118 514
42 45 120 511
43 51 126 499
44 56 122 498
45 59 138 479
46 63 152 461
47 69 156 451
48 74 159 443
49 79 162 435
50 83 168 425
51 93 165 418
52 99 168 409
53 107 180 389
54 114 183 379
55 118 187 371
56 128 189 359
57 135 193 348
58 142 199 335
59 150 201 325
60 156 207 313
61 165 211 300
62 170 218 288
63 179 225 272
64 186 234 256
65 198 228 250
66 206 227 243
67 213 232 231
68 222 235 219
69 228 232 216
70 244 227 205
71 258 224 194
72 269 221 186
73 279 223 174
74 285 226 165
75 298 224 154
76 313 220 143
77 320 222 134
78 329 217 130
79 340 214 122
80 355 208 113
81 366 203 107
82 380 191 105
83 390 189 97
84 398 190 88
85 415 176 85
86 418 177 81
87 425 173 78
88 442 159 75
89 454 152 70
90 462 145 69
91 475 132 69
92 484 125 67
93 489 124 63
94 497 117 62
95 507 110 59
96 516 101 59
97 521 96 59
98 0 611 65
99 0 614 62
100 0 616 60
101 0 616 60
102 0 619 57
103 0 620 56
104 0 620 56
105 0 620 56
106 0 621 55
107 0 621 55
108 0 621 55
109 0 621 55
110 0 607 69
111 0 607 69
112 0 609 67
113 0 612 64
114 0 614 62
115 0 614 62
116 0 615 61
117 0 616 60
118 0 616 60
119 0 618 58
120 0 620 56
121 0 0 676
122 0 0 676
123 0 0 676
124 0 0 676
125 0 0 676
126 0 0 676
127 0 0 676
128 0 0 676
129 0 0 676
130 0 0 676
131 0 0 676
132 0 0 676
133 0 0 676
134 0 0 676
135 0 0 676
136 0 0 676
137 0 0 676
138 0 0 676
139 0 0 676
140 0 0 676
141 0 0 676
142 0 0 676
143 0 0 676
144 0 0 676
145 0 0 676
146 0 0 676
147 0 0 676
148 0 0 676
149 0 0 676
150 0 0 676
151 0 0 676
152 0 0 676
153 0 0 676
154 0 0 676
155 0 0 676
156 0 0 676
157 0 0 676
158 0 0 676
159 0 0 676
160 0 0 676
161 0 0 676
162 0 0 676
163 0 0 676
164 0 0 676
165 0 0 676
166 0 0 676
167 0 0 676
168 0 0 676
169 0 0 676
170 0 0 676
171 0 0 676
172 0 0 676
173 0 0 676
174 0 0 676
175 0 0 676
176 0 0 676
177 0 0 676
178 0 0 676
179 0 0 676
180 0 0 676
181 0 0 676
182 0 0 676
183 0 0 676
184 0 0 676
185 0 0 676
186 0 0 676
187 0 0 676
188 0 0 676
189 0 0 676
190 0 0 676
191 0 0 676
192 0 0 676
193 0 0 676
194 0 0 676
195 0 0 676
196 0 0 676
197 0 0 676
198 0 0 676
199 0 0 676
200 0 0 676
201 0 0 676
202 0 0 676
203 0 0 676
204 0 0 676
205 0 0 676
206 0 0 676
207 0 0 676
208 0 0 676
209 0 0 676
210 0 0 676
211 0 0 676
212 0 0 676
213 0 0 676
214 0 0 676
215 0 0 676
216 0 0 676
217 0 0 676
218 0 0 676
219 0 0 676
220 0 0 676
221 0 0 676
222 0 0 676
223 0 0 676
224 0 0 676
225 0 0 676
226 0 0 676
227 0 0 676
228 0 0 676
229 0 0 676
230 0 0 676
231 0 0 676
232 0 0 676
233 0 0 676
234 0 0 676
235 0 0 676
236 0 0 676
237 0 0 676
238 0 0 676
239 0 0 676
240 0 0 676
241 0 0 676
242 0 0 676
243 0 0 676
244 0 0 676
245 0 0 676
246 0 0 676
247 0 0 676
248 0 0 676
249 0 0 676
250 0 0 676
251 0 0 676
252 0 0 676
253 0 0 676
254 0 0 676
255 0 0 676
256 0 0 676
257 0 0 676
258 0 0 676
259 0 0 676
260 0 0 676
261 0 0 676
262 0 0 676
263 0 0 676
264 0 0 676
265 0 0 676
266 0 0 676
267 0 0 676
268 0 0 676
269 0 0 676
270 0 0 676
271 0 0 676
272 0 0 676
273 0 0 676
274 0 0 676
275 0 0 676
276 0 0 676
277 0 0 676
278 0 0 676
279 0 0 676
280 0 0 676
281 0 0 676
282 0 0 676
283 0 0 676
284 0 0 676
285 0 0 676
286 0 0 676
287 0 0 676
288 0 0 676
289 0 0 676
290 0 0 676
291 0 0 676
292 0 0 676
293 0 0 676
294 0 0 676
295 0 0 676
296 0 0 676
297 0 0 676
298 0 0 676
299 0 0 676
300 0 0 676
