0 1 0 675
1 1 0 675
2 1 0 675
3 1 0 675
4 1 0 675
5 1 0 675
6 1 1 674
7 1 2 673
8 1 3 672
9 2 2 672
10 2 3 671
11 2 3 671
12 3 4 669
13 4 3 669
14 5 5 666
15 5 6 665
16 8 4 664
17 10 6 660
18 12 4 660
19 13 5 658
20 15 6 655
21 15 10 651
22 17 11 648
23 18 17 641
24 22 20 634
25 22 23 631
26 27 24 625
27 32 21 623
28 34 24 618
29 38 25 613
30 41 24 611
31 45 22 609
32 48 21 607
33 51 22 603
34 54 22 600
35 66 18 592
36 69 25 582
37 74 25 577
38 78 30 568
39 89 22 565
40 98 23 555
41 103 33 540
42 109 37 530
43 113 38 525
44 118 45 513
45 129 43 504
46 142 39 495
47 148 44 484
48 153 44 479
49 163 39 474
50 170 45 461
51 177 48 451
52 187 49 440
53 195 52 429
54 205 56 415
55 220 46 410
56 234 48 394
57 244 56 376
58 254 55 367
59 260 59 357
60 270 61 345
61 285 58 333
62 297 58 321
63 311 56 309
64 319 56 301
65 330 55 291
66 344 51 281
67 353 52 271
68 362 60 254
69 374 60 242
70 385 64 227
71 395 62 219
72 404 67 205
73 420 61 195
74 435 61 180
75 448 56 172
76 458 57 161
77 467 57 152
78 478 58 140
79 486 56 134
80 497 53 126
81 509 45 122
82 519 43 114
83 523 42 111
84 535 40 101
85 541 38 97
86 546 43 87
87 551 41 84
88 558 40 78
89 563 38 75
90 567 37 72
91 573 32 71
92 581 29 66
93 585 25 66
94 588 23 65
95 590 21 65
96 596 17 63
97 602 13 61
98 605 12 59
99 597 18 61
100 600 15 61
101 579 35 62
102 0 607 69
103 0 609 67
104 0 609 67
105 0 611 65
106 0 599 77
107 0 603 73
108 0 605 71
109 0 606 70
110 0 0 676
111 0 0 676
112 0 0 676
113 0 0 676
114 0 0 676
115 0 0 676
116 0 0 676
117 0 0 676
118 0 0 676
119 0 0 676
120 0 0 676
121 0 0 676
122 0 0 676
123 0 0 676
124 0 0 676
125 0 0 676
126 0 0 676
127 0 0 676
128 0 0 676
129 0 0 676
130 0 0 676
131 0 0 676
132 0 0 676
133 0 0 676
134 0 0 676
135 0 0 676
136 0 0 676
137 0 0 676
138 0 0 676
139 0 0 676
140 0 0 676
141 0 0 676
142 0 0 676
143 0 0 676
144 0 0 676
145 0 0 676
146 0 0 676
147 0 0 676
148 0 0 676
149 0 0 676
150 0 0 676
151 0 0 676
152 0 0 676
153 0 0 676
154 0 0 676
155 0 0 676
156 0 0 676
157 0 0 676
158 0 0 676
159 0 0 676
160 0 0 676
161 0 0 676
162 0 0 676
163 0 0 676
164 0 0 676
165 0 0 676
166 0 0 676
167 0 0 676
168 0 0 676
169 0 0 676
170 0 0 676
171 0 0 676
172 0 0 676
173 0 0 676
174 0 0 676
175 0 0 676
176 0 0 676
177 0 0 676
178 0 0 676
179 0 0 676
180 0 0 676
181 0 0 676
182 0 0 676
183 0 0 676
184 0 0 676
185 0 0 676
186 0 0 676
187 0 0 676
188 0 0 676
189 0 0 676
190 0 0 676
191 0 0 676
192 0 0 676
193 0 0 676
194 0 0 676
195 0 0 676
196 0 0 676
197 0 0 676
198 0 0 676
199 0 0 676
200 0 0 676
201 0 0 676
202 0 0 676
203 0 0 676
204 0 0 676
205 0 0 676
206 0 0 676
207 0 0 676
208 0 0 676
209 0 0 676
210 0 0 676
211 0 0 676
212 0 0 676
213 0 0 676
214 0 0 676
215 0 0 676
216 0 0 676
217 0 0 676
218 0 0 676
219 0 0 676
220 0 0 676
221 0 0 676
222 0 0 676
223 0 0 676
224 0 0 676
225 0 0 676
226 0 0 676
227 0 0 676
228 0 0 676
229 0 0 676
230 0 0 676
231 0 0 676
232 0 0 676
233 0 0 676
234 0 0 676
235 0 0 676
236 0 0 676
237 0 0 676
238 0 0 676
239 0 0 676
240 0 0 676
241 0 0 676
242 0 0 676
243 0 0 676
244 0 0 676
245 0 0 676
246 0 0 676
247 0 0 676
248 0 0 676
249 0 0 676
250 0 0 676
251 0 0 676
252 0 0 676
253 0 0 676
254 0 0 676
255 0 0 676
256 0 0 676
257 0 0 676
258 0 0 676
259 0 0 676
260 0 0 676
261 0 0 676
262 0 0 676
263 0 0 676
264 0 0 676
265 0 0 676
266 0 0 676
267 0 0 676
268 0 0 676
269 0 0 676
270 0 0 676
271 0 0 676
272 0 0 676
273 0 0 676
274 0 0 676
275 0 0 676
276 0 0 676
277 0 0 676
278 0 0 676
279 0 0 676
280 0 0 676
281 0 0 676
282 0 0 676
283 0 0 676
284 0 0 676
285 0 0 676
286 0 0 676
287 0 0 676
288 0 0 676
289 0 0 676
290 0 0 676
291 0 0 676
292 0 0 676
293 0 0 676
294 0 0 676
295 0 0 676
296 0 0 676
297 0 0 676
298 0 0 676
299 0 0 676
300 0 0 676
