0 1 0 168
1 1 0 168
2 1 0 168
3 1 0 168
4 1 1 167
5 1 1 167
6 1 2 166
7 1 4 164
8 1 4 164
9 2 3 164
10 2 3 164
11 2 3 164
12 2 3 164
13 3 2 164
14 3 2 164
15 4 2 163
16 4 3 162
17 5 3 161
18 5 4 160
19 6 3 160
20 6 3 160
21 7 2 160
22 7 3 159
23 8 3 158
24 9 3 157
25 9 4 156
26 9 7 153
27 9 9 151
28 9 10 150
29 9 11 149
30 13 7 149
31 14 6 149
32 15 6 148
33 15 7 147
34 18 5 146
35 21 4 144
36 21 7 141
37 21 9 139
38 21 11 137
39 21 13 135
40 23 12 134
41 25 12 132
42 28 10 131
43 29 12 128
44 31 12 126
45 32 13 124
46 34 14 121
47 34 17 118
48 36 20 113
49 38 19 112
50 43 15 111
51 44 17 108
52 45 19 105
53 49 16 104
54 51 17 101
55 54 18 97
56 58 16 95
57 60 19 90
58 62 23 84
59 64 23 82
60 67 25 77
61 69 26 74
62 71 27 71
63 74 25 70
64 75 26 68
65 80 25 64
66 86 23 60
67 90 21 58
68 93 23 53
69 97 21 51
70 99 24 46
71 100 24 45
72 104 22 43
73 107 21 41
74 113 18 38
75 114 18 37
76 117 17 35
77 123 15 31
78 123 19 27
79 124 20 25
80 127 20 22
81 130 20 19
82 131 22 16
83 134 21 14
84 138 17 14
85 139 17 13
86 141 15 13
87 143 15 11
88 145 13 11
89 149 12 8
90 153 9 7
91 155 9 5
92 155 9 5
93 155 10 4
94 157 8 4
95 158 7 4
96 158 7 4
97 160 5 4
98 159 6 4
99 159 8 2
100 159 8 2
101 159 6 4
102 160 6 3
103 161 5 3
104 161 5 3
105 162 5 2
106 162 5 2
107 164 3 2
108 166 2 1
109 164 3 2
110 164 4 1
111 165 3 1
112 165 3 1
113 164 4 1
114 165 3 1
115 165 4 0
116 167 2 0
117 165 4 0
118 162 6 1
119 160 7 2
120 160 7 2
121 155 12 2
122 157 10 2
123 152 14 3
124 149 18 2
125 149 18 2
126 126 41 2
127 0 167 2
128 0 165 4
129 0 165 4
130 0 165 4
131 0 161 8
132 0 161 8
133 0 162 7
134 0 158 11
135 0 158 11
136 0 146 23
137 0 0 169
138 0 0 169
139 0 0 169
140 0 0 169
141 0 0 169
142 0 0 169
143 0 0 169
144 0 0 169
145 0 0 169
146 0 0 169
147 0 0 169
148 0 0 169
149 0 0 169
150 0 0 169
151 0 0 169
152 0 0 169
153 0 0 169
154 0 0 169
155 0 0 169
156 0 0 169
157 0 0 169
158 0 0 169
159 0 0 169
160 0 0 169
161 0 0 169
162 0 0 169
163 0 0 169
164 0 0 169
165 0 0 169
166 0 0 169
167 0 0 169
168 0 0 169
169 0 0 169
170 0 0 169
171 0 0 169
172 0 0 169
173 0 0 169
174 0 0 169
175 0 0 169
176 0 0 169
177 0 0 169
178 0 0 169
179 0 0 169
180 0 0 169
181 0 0 169
182 0 0 169
183 0 0 169
184 0 0 169
185 0 0 169
186 0 0 169
187 0 0 169
188 0 0 169
189 0 0 169
190 0 0 169
191 0 0 169
192 0 0 169
193 0 0 169
194 0 0 169
195 0 0 169
196 0 0 169
197 0 0 169
198 0 0 169
199 0 0 169
200 0 0 169
201 0 0 169
202 0 0 169
203 0 0 169
204 0 0 169
205 0 0 169
206 0 0 169
207 0 0 169
208 0 0 169
209 0 0 169
210 0 0 169
211 0 0 169
212 0 0 169
213 0 0 169
214 0 0 169
215 0 0 169
216 0 0 169
217 0 0 169
218 0 0 169
219 0 0 169
220 0 0 169
221 0 0 169
222 0 0 169
223 0 0 169
224 0 0 169
225 0 0 169
226 0 0 169
227 0 0 169
228 0 0 169
229 0 0 169
230 0 0 169
231 0 0 169
232 0 0 169
233 0 0 169
234 0 0 169
235 0 0 169
236 0 0 169
237 0 0 169
238 0 0 169
239 0 0 169
240 0 0 169
241 0 0 169
242 0 0 169
243 0 0 169
244 0 0 169
245 0 0 169
246 0 0 169
247 0 0 169
248 0 0 169
249 0 0 169
250 0 0 169
251 0 0 169
252 0 0 169
253 0 0 169
254 0 0 169
255 0 0 169
256 0 0 169
257 0 0 169
258 0 0 169
259 0 0 169
260 0 0 169
261 0 0 169
262 0 0 169
263 0 0 169
264 0 0 169
265 0 0 169
266 0 0 169
267 0 0 169
268 0 0 169
269 0 0 169
270 0 0 169
271 0 0 169
272 0 0 169
273 0 0 169
274 0 0 169
275 0 0 169
276 0 0 169
277 0 0 169
278 0 0 169
279 0 0 169
280 0 0 169
281 0 0 169
282 0 0 169
283 0 0 169
284 0 0 169
285 0 0 169
286 0 0 169
287 0 0 169
288 0 0 169
289 0 0 169
290 0 0 169
291 0 0 169
292 0 0 169
293 0 0 169
294 0 0 169
295 0 0 169
296 0 0 169
297 0 0 169
298 0 0 169
299 0 0 169
300 0 0 169
