0 1 0 168
1 1 0 168
2 1 0 168
3 1 0 168
4 1 0 168
5 1 0 168
6 1 1 167
7 1 1 167
8 1 2 166
9 1 2 166
10 1 3 165
11 2 3 164
12 2 3 164
13 2 3 164
14 3 3 163
15 3 3 163
16 3 4 162
17 3 4 162
18 3 4 162
19 3 4 162
20 5 4 160
21 5 7 157
22 6 8 155
23 6 9 154
24 7 9 153
25 8 8 153
26 8 8 153
27 9 7 153
28 9 7 153
29 9 9 151
30 9 10 150
31 10 14 145
32 11 14 144
33 13 12 144
34 13 13 143
35 14 14 141
36 18 12 139
37 18 15 136
38 20 16 133
39 22 14 133
40 22 16 131
41 23 16 130
42 25 14 130
43 27 15 127
44 30 16 123
45 30 19 120
46 31 22 116
47 36 18 115
48 38 18 113
49 40 20 109
50 41 20 108
51 42 22 105
52 43 23 103
53 48 19 102
54 49 19 101
55 52 19 98
56 52 23 94
57 56 20 93
58 59 21 89
59 62 25 82
60 63 27 79
61 64 29 76
62 65 29 75
63 69 26 74
64 71 29 69
65 74 30 65
66 76 34 59
67 80 32 57
68 84 30 55
69 85 31 53
70 89 29 51
71 90 29 50
72 94 27 48
73 98 25 46
74 101 27 41
75 106 24 39
76 110 21 38
77 112 22 35
78 118 20 31
79 120 20 29
80 122 20 27
81 124 23 22
82 127 21 21
83 127 25 17
84 128 26 15
85 132 23 14
86 135 21 13
87 138 20 11
88 141 18 10
89 144 16 9
90 145 16 8
91 148 13 8
92 148 15 6
93 151 13 5
94 151 14 4
95 150 15 4
96 152 13 4
97 154 11 4
98 155 11 3
99 155 11 3
100 156 10 3
101 158 9 2
102 159 8 2
103 158 8 3
104 156 10 3
105 156 10 3
106 158 9 2
107 158 9 2
108 159 9 1
109 160 8 1
110 154 13 2
111 154 13 2
112 151 16 2
113 153 14 2
114 154 13 2
115 155 14 0
116 151 17 1
117 151 18 0
118 152 17 0
119 155 14 0
120 155 14 0
121 157 12 0
122 157 12 0
123 151 18 0
124 151 18 0
125 138 31 0
126 141 28 0
127 143 26 0
128 147 22 0
129 149 20 0
130 0 167 2
131 0 165 4
132 0 150 19
133 0 150 19
134 0 151 18
135 0 0 169
136 0 0 169
137 0 0 169
138 0 0 169
139 0 0 169
140 0 0 169
141 0 0 169
142 0 0 169
143 0 0 169
144 0 0 169
145 0 0 169
146 0 0 169
147 0 0 169
148 0 0 169
149 0 0 169
150 0 0 169
151 0 0 169
152 0 0 169
153 0 0 169
154 0 0 169
155 0 0 169
156 0 0 169
157 0 0 169
158 0 0 169
159 0 0 169
160 0 0 169
161 0 0 169
162 0 0 169
163 0 0 169
164 0 0 169
165 0 0 169
166 0 0 169
167 0 0 169
168 0 0 169
169 0 0 169
170 0 0 169
171 0 0 169
172 0 0 169
173 0 0 169
174 0 0 169
175 0 0 169
176 0 0 169
177 0 0 169
178 0 0 169
179 0 0 169
180 0 0 169
181 0 0 169
182 0 0 169
183 0 0 169
184 0 0 169
185 0 0 169
186 0 0 169
187 0 0 169
188 0 0 169
189 0 0 169
190 0 0 169
191 0 0 169
192 0 0 169
193 0 0 169
194 0 0 169
195 0 0 169
196 0 0 169
197 0 0 169
198 0 0 169
199 0 0 169
200 0 0 169
201 0 0 169
202 0 0 169
203 0 0 169
204 0 0 169
205 0 0 169
206 0 0 169
207 0 0 169
208 0 0 169
209 0 0 169
210 0 0 169
211 0 0 169
212 0 0 169
213 0 0 169
214 0 0 169
215 0 0 169
216 0 0 169
217 0 0 169
218 0 0 169
219 0 0 169
220 0 0 169
221 0 0 169
222 0 0 169
223 0 0 169
224 0 0 169
225 0 0 169
226 0 0 169
227 0 0 169
228 0 0 169
229 0 0 169
230 0 0 169
231 0 0 169
232 0 0 169
233 0 0 169
234 0 0 169
235 0 0 169
236 0 0 169
237 0 0 169
238 0 0 169
239 0 0 169
240 0 0 169
241 0 0 169
242 0 0 169
243 0 0 169
244 0 0 169
245 0 0 169
246 0 0 169
247 0 0 169
248 0 0 169
249 0 0 169
250 0 0 169
251 0 0 169
252 0 0 169
253 0 0 169
254 0 0 169
255 0 0 169
256 0 0 169
257 0 0 169
258 0 0 169
259 0 0 169
260 0 0 169
261 0 0 169
262 0 0 169
263 0 0 169
264 0 0 169
265 0 0 169
266 0 0 169
267 0 0 169
268 0 0 169
269 0 0 169
270 0 0 169
271 0 0 169
272 0 0 169
273 0 0 169
274 0 0 169
275 0 0 169
276 0 0 169
277 0 0 169
278 0 0 169
279 0 0 169
280 0 0 169
281 0 0 169
282 0 0 169
283 0 0 169
284 0 0 169
285 0 0 169
286 0 0 169
287 0 0 169
288 0 0 169
289 0 0 169
290 0 0 169
291 0 0 169
292 0 0 169
293 0 0 169
294 0 0 169
295 0 0 169
296 0 0 169
297 0 0 169
298 0 0 169
299 0 0 169
300 0 0 169
