0 1 0 168
1 1 3 165
2 1 3 165
3 1 5 163
4 1 6 162
5 1 8 160
6 2 8 159
7 3 7 159
8 3 9 157
9 4 9 156
10 5 9 155
11 5 10 154
12 5 12 152
13 5 15 149
14 6 15 148
15 6 19 144
16 6 24 139
17 6 31 132
18 6 37 126
19 8 36 125
20 8 37 124
21 8 39 122
22 8 40 121
23 8 49 112
24 9 53 107
25 9 55 105
26 9 56 104
27 10 59 100
28 10 62 97
29 10 68 91
30 12 69 88
31 13 70 86
32 14 71 84
33 14 74 81
34 16 75 78
35 17 74 78
36 20 77 72
37 23 75 71
38 26 78 65
39 26 80 63
40 26 81 62
41 28 80 61
42 29 81 59
43 31 82 56
44 34 79 56
45 38 78 53
46 40 78 51
47 40 79 50
48 41 79 49
49 43 78 48
50 44 79 46
51 45 79 45
52 45 80 44
53 46 79 44
54 47 80 42
55 47 81 41
56 49 81 39
57 53 81 35
58 59 75 35
59 60 76 33
60 60 79 30
61 63 78 28
62 68 73 28
63 71 72 26
64 73 70 26
65 77 68 24
66 79 66 24
67 81 64 24
68 82 66 21
69 82 67 20
70 85 67 17
71 86 69 14
72 88 68 13
73 93 63 13
74 97 60 12
75 100 59 10
76 101 61 7
77 107 56 6
78 108 56 5
79 108 58 3
80 112 54 3
81 112 54 3
82 115 52 2
83 118 50 1
84 121 47 1
85 121 47 1
86 124 44 1
87 127 41 1
88 130 38 1
89 131 37 1
90 131 38 0
91 133 36 0
92 135 34 0
93 138 31 0
94 143 26 0
95 147 22 0
96 149 20 0
97 151 18 0
98 153 16 0
99 155 14 0
100 159 10 0
101 162 7 0
102 163 6 0
103 163 6 0
104 165 4 0
105 166 3 0
106 167 2 0
107 167 2 0
108 168 1 0
109 0 169 0
110 0 169 0
111 0 169 0
112 0 169 0
113 0 169 0
114 0 169 0
115 0 169 0
116 0 169 0
117 0 169 0
118 0 169 0
119 0 169 0
120 0 169 0
121 0 169 0
122 0 169 0
123 0 169 0
124 0 169 0
125 0 169 0
126 0 169 0
127 0 169 0
128 0 169 0
129 0 169 0
130 0 0 169
131 0 0 169
132 0 0 169
133 0 0 169
134 0 0 169
135 0 0 169
136 0 0 169
137 0 0 169
138 0 0 169
139 0 0 169
140 0 0 169
141 0 0 169
142 0 0 169
143 0 0 169
144 0 0 169
145 0 0 169
146 0 0 169
147 0 0 169
148 0 0 169
149 0 0 169
150 0 0 169
151 0 0 169
152 0 0 169
153 0 0 169
154 0 0 169
155 0 0 169
156 0 0 169
157 0 0 169
158 0 0 169
159 0 0 169
160 0 0 169
161 0 0 169
162 0 0 169
163 0 0 169
164 0 0 169
165 0 0 169
166 0 0 169
167 0 0 169
168 0 0 169
169 0 0 169
170 0 0 169
171 0 0 169
172 0 0 169
173 0 0 169
174 0 0 169
175 0 0 169
176 0 0 169
177 0 0 169
178 0 0 169
179 0 0 169
180 0 0 169
181 0 0 169
182 0 0 169
183 0 0 169
184 0 0 169
185 0 0 169
186 0 0 169
187 0 0 169
188 0 0 169
189 0 0 169
190 0 0 169
191 0 0 169
192 0 0 169
193 0 0 169
194 0 0 169
195 0 0 169
196 0 0 169
197 0 0 169
198 0 0 169
199 0 0 169
200 0 0 169
201 0 0 169
202 0 0 169
203 0 0 169
204 0 0 169
205 0 0 169
206 0 0 169
207 0 0 169
208 0 0 169
209 0 0 169
210 0 0 169
211 0 0 169
212 0 0 169
213 0 0 169
214 0 0 169
215 0 0 169
216 0 0 169
217 0 0 169
218 0 0 169
219 0 0 169
220 0 0 169
221 0 0 169
222 0 0 169
223 0 0 169
224 0 0 169
225 0 0 169
226 0 0 169
227 0 0 169
228 0 0 169
229 0 0 169
230 0 0 169
231 0 0 169
232 0 0 169
233 0 0 169
234 0 0 169
235 0 0 169
236 0 0 169
237 0 0 169
238 0 0 169
239 0 0 169
240 0 0 169
241 0 0 169
242 0 0 169
243 0 0 169
244 0 0 169
245 0 0 169
246 0 0 169
247 0 0 169
248 0 0 169
249 0 0 169
250 0 0 169
251 0 0 169
252 0 0 169
253 0 0 169
254 0 0 169
255 0 0 169
256 0 0 169
257 0 0 169
258 0 0 169
259 0 0 169
260 0 0 169
261 0 0 169
262 0 0 169
263 0 0 169
264 0 0 169
265 0 0 169
266 0 0 169
267 0 0 169
268 0 0 169
269 0 0 169
270 0 0 169
271 0 0 169
272 0 0 169
273 0 0 169
274 0 0 169
275 0 0 169
276 0 0 169
277 0 0 169
278 0 0 169
279 0 0 169
280 0 0 169
281 0 0 169
282 0 0 169
283 0 0 169
284 0 0 169
285 0 0 169
286 0 0 169
287 0 0 169
288 0 0 169
289 0 0 169
290 0 0 169
291 0 0 169
292 0 0 169
293 0 0 169
294 0 0 169
295 0 0 169
296 0 0 169
297 0 0 169
298 0 0 169
299 0 0 169
300 0 0 169
