0 1 0 168
1 1 3 165
2 1 3 165
3 1 3 165
4 1 3 165
5 1 3 165
6 1 3 165
7 1 3 165
8 1 3 165
9 1 3 165
10 1 3 165
11 1 3 165
12 1 4 164
13 1 5 163
14 2 4 163
15 2 4 163
16 4 2 163
17 4 4 161
18 4 6 159
19 4 6 159
20 4 7 158
21 4 10 155
22 4 10 155
23 4 10 155
24 5 9 155
25 6 9 154
26 7 8 154
27 7 11 151
28 7 14 148
29 7 17 145
30 8 19 142
31 8 20 141
32 9 21 139
33 10 22 137
34 11 21 137
35 11 23 135
36 14 24 131
37 16 23 130
38 18 22 129
39 22 20 127
40 22 22 125
41 23 26 120
42 24 28 117
43 25 30 114
44 27 31 111
45 29 32 108
46 30 35 104
47 32 34 103
48 34 35 100
49 38 33 98
50 39 38 92
51 42 40 87
52 45 41 83
53 46 43 80
54 47 46 76
55 48 48 73
56 51 48 70
57 52 50 67
58 52 54 63
59 56 53 60
60 58 53 58
61 62 50 57
62 65 49 55
63 69 48 52
64 72 48 49
65 75 48 46
66 77 47 45
67 80 47 42
68 83 46 40
69 86 48 35
70 86 51 32
71 87 52 30
72 90 51 28
73 96 45 28
74 98 45 26
75 100 46 23
76 100 48 21
77 102 48 19
78 106 46 17
79 109 43 17
80 110 43 16
81 113 41 15
82 116 43 10
83 118 43 8
84 119 42 8
85 122 40 7
86 124 39 6
87 124 40 5
88 127 37 5
89 129 37 3
90 132 34 3
91 137 30 2
92 137 31 1
93 141 27 1
94 145 23 1
95 146 22 1
96 148 20 1
97 149 19 1
98 151 17 1
99 152 16 1
100 156 12 1
101 157 12 0
102 160 9 0
103 160 9 0
104 161 8 0
105 153 16 0
106 141 28 0
107 142 27 0
108 144 25 0
109 145 24 0
110 133 34 2
111 134 34 1
112 135 34 0
113 139 30 0
114 140 29 0
115 140 29 0
116 141 28 0
117 143 26 0
118 146 23 0
119 147 22 0
120 0 169 0
121 0 169 0
122 0 169 0
123 0 169 0
124 0 169 0
125 0 169 0
126 0 169 0
127 0 169 0
128 0 169 0
129 0 169 0
130 0 169 0
131 0 169 0
132 0 169 0
133 0 169 0
134 0 169 0
135 0 169 0
136 0 169 0
137 0 169 0
138 0 169 0
139 0 167 2
140 0 167 2
141 0 0 169
142 0 0 169
143 0 0 169
144 0 0 169
145 0 0 169
146 0 0 169
147 0 0 169
148 0 0 169
149 0 0 169
150 0 0 169
151 0 0 169
152 0 0 169
153 0 0 169
154 0 0 169
155 0 0 169
156 0 0 169
157 0 0 169
158 0 0 169
159 0 0 169
160 0 0 169
161 0 0 169
162 0 0 169
163 0 0 169
164 0 0 169
165 0 0 169
166 0 0 169
167 0 0 169
168 0 0 169
169 0 0 169
170 0 0 169
171 0 0 169
172 0 0 169
173 0 0 169
174 0 0 169
175 0 0 169
176 0 0 169
177 0 0 169
178 0 0 169
179 0 0 169
180 0 0 169
181 0 0 169
182 0 0 169
183 0 0 169
184 0 0 169
185 0 0 169
186 0 0 169
187 0 0 169
188 0 0 169
189 0 0 169
190 0 0 169
191 0 0 169
192 0 0 169
193 0 0 169
194 0 0 169
195 0 0 169
196 0 0 169
197 0 0 169
198 0 0 169
199 0 0 169
200 0 0 169
201 0 0 169
202 0 0 169
203 0 0 169
204 0 0 169
205 0 0 169
206 0 0 169
207 0 0 169
208 0 0 169
209 0 0 169
210 0 0 169
211 0 0 169
212 0 0 169
213 0 0 169
214 0 0 169
215 0 0 169
216 0 0 169
217 0 0 169
218 0 0 169
219 0 0 169
220 0 0 169
221 0 0 169
222 0 0 169
223 0 0 169
224 0 0 169
225 0 0 169
226 0 0 169
227 0 0 169
228 0 0 169
229 0 0 169
230 0 0 169
231 0 0 169
232 0 0 169
233 0 0 169
234 0 0 169
235 0 0 169
236 0 0 169
237 0 0 169
238 0 0 169
239 0 0 169
240 0 0 169
241 0 0 169
242 0 0 169
243 0 0 169
244 0 0 169
245 0 0 169
246 0 0 169
247 0 0 169
248 0 0 169
249 0 0 169
250 0 0 169
251 0 0 169
252 0 0 169
253 0 0 169
254 0 0 169
255 0 0 169
256 0 0 169
257 0 0 169
258 0 0 169
259 0 0 169
260 0 0 169
261 0 0 169
262 0 0 169
263 0 0 169
264 0 0 169
265 0 0 169
266 0 0 169
267 0 0 169
268 0 0 169
269 0 0 169
270 0 0 169
271 0 0 169
272 0 0 169
273 0 0 169
274 0 0 169
275 0 0 169
276 0 0 169
277 0 0 169
278 0 0 169
279 0 0 169
280 0 0 169
281 0 0 169
282 0 0 169
283 0 0 169
284 0 0 169
285 0 0 169
286 0 0 169
287 0 0 169
288 0 0 169
289 0 0 169
290 0 0 169
291 0 0 169
292 0 0 169
293 0 0 169
294 0 0 169
295 0 0 169
296 0 0 169
297 0 0 169
298 0 0 169
299 0 0 169
300 0 0 169
