0 0.0014792899408284023 0.0 0.9985207100591716
1 0.0014792899408284023 0.0 0.9985207100591716
2 0.0014792899408284023 0.004437869822485207 0.9940828402366864
3 0.0029585798816568047 0.004437869822485207 0.992603550295858
4 0.005917159763313609 0.0014792899408284023 0.992603550295858
5 0.005917159763313609 0.0014792899408284023 0.992603550295858
6 0.0073964497041420114 0.004437869822485207 0.9881656804733728
7 0.008875739644970414 0.005917159763313609 0.985207100591716
8 0.008875739644970414 0.008875739644970414 0.9822485207100592
9 0.011834319526627219 0.008875739644970414 0.9792899408284024
10 0.014792899408284023 0.0073964497041420114 0.977810650887574
11 0.016272189349112426 0.011834319526627219 0.9718934911242604
12 0.022189349112426034 0.010355029585798817 0.9674556213017751
13 0.02514792899408284 0.010355029585798817 0.9644970414201184
14 0.03254437869822485 0.005917159763313609 0.9615384615384616
15 0.034023668639053255 0.011834319526627219 0.9541420118343196
16 0.03698224852071006 0.010355029585798817 0.9526627218934911
17 0.04142011834319527 0.019230769230769232 0.9393491124260355
18 0.04585798816568047 0.020710059171597635 0.9334319526627219
19 0.057692307692307696 0.014792899408284023 0.9275147928994083
20 0.060650887573964495 0.016272189349112426 0.9230769230769231
21 0.0650887573964497 0.022189349112426034 0.9127218934911243
22 0.07544378698224852 0.022189349112426034 0.9023668639053254
23 0.08431952662721894 0.026627218934911243 0.8890532544378699
24 0.08875739644970414 0.03106508875739645 0.8801775147928994
25 0.09615384615384616 0.034023668639053255 0.8698224852071006
26 0.10650887573964497 0.03254437869822485 0.8609467455621301
27 0.11538461538461539 0.03550295857988166 0.849112426035503
28 0.1301775147928994 0.03106508875739645 0.8387573964497042
29 0.13757396449704143 0.03550295857988166 0.8269230769230769
30 0.15384615384615385 0.028106508875739646 0.8180473372781065
31 0.16272189349112426 0.029585798816568046 0.8076923076923077
32 0.16715976331360946 0.03254437869822485 0.8002958579881657
33 0.1760355029585799 0.029585798816568046 0.7943786982248521
34 0.1878698224852071 0.026627218934911243 0.7855029585798816
35 0.1997041420118343 0.023668639053254437 0.7766272189349113
36 0.20857988165680474 0.019230769230769232 0.772189349112426
37 0.21449704142011836 0.019230769230769232 0.7662721893491125
38 0.22041420118343194 0.023668639053254437 0.7559171597633136
39 0.22928994082840237 0.026627218934911243 0.7440828402366864
40 0.23816568047337278 0.02514792899408284 0.7366863905325444
41 0.2455621301775148 0.028106508875739646 0.7263313609467456
42 0.2514792899408284 0.029585798816568046 0.7189349112426036
43 0.2618343195266272 0.023668639053254437 0.7144970414201184
44 0.26479289940828404 0.03106508875739645 0.7041420118343196
45 0.27218934911242604 0.03550295857988166 0.6923076923076923
46 0.28402366863905326 0.029585798816568046 0.6863905325443787
47 0.28994082840236685 0.03106508875739645 0.6789940828402367
48 0.2988165680473373 0.03106508875739645 0.6701183431952663
49 0.3121301775147929 0.023668639053254437 0.6642011834319527
50 0.3180473372781065 0.029585798816568046 0.6523668639053254
51 0.3239644970414201 0.034023668639053255 0.6420118343195266
52 0.33136094674556216 0.034023668639053255 0.6346153846153846
53 0.33727810650887574 0.03698224852071006 0.6257396449704142
54 0.3520710059171598 0.03550295857988166 0.6124260355029586
55 0.363905325443787 0.029585798816568046 0.606508875739645
56 0.3683431952662722 0.03698224852071006 0.5946745562130178
57 0.3772189349112426 0.038461538461538464 0.584319526627219
58 0.3816568047337278 0.04437869822485207 0.5739644970414202
59 0.40236686390532544 0.034023668639053255 0.5636094674556213
60 0.41124260355029585 0.04142011834319527 0.5473372781065089
61 0.4260355029585799 0.03550295857988166 0.5384615384615384
62 0.4275147928994083 0.04585798816568047 0.5266272189349113
63 0.4363905325443787 0.03994082840236687 0.5236686390532544
64 0.4541420118343195 0.038461538461538464 0.507396449704142
65 0.45857988165680474 0.051775147928994084 0.4896449704142012
66 0.47337278106508873 0.04142011834319527 0.48520710059171596
67 0.48520710059171596 0.04142011834319527 0.47337278106508873
68 0.492603550295858 0.04142011834319527 0.46597633136094674
69 0.5029585798816568 0.047337278106508875 0.44970414201183434
70 0.5162721893491125 0.05473372781065089 0.4289940828402367
71 0.5251479289940828 0.051775147928994084 0.4230769230769231
72 0.5399408284023669 0.04437869822485207 0.4156804733727811
73 0.5532544378698225 0.047337278106508875 0.3994082840236686
74 0.5621301775147929 0.05029585798816568 0.3875739644970414
75 0.5754437869822485 0.05325443786982249 0.371301775147929
76 0.5813609467455622 0.060650887573964495 0.35798816568047337
77 0.5931952662721893 0.06656804733727811 0.34023668639053256
78 0.6109467455621301 0.05325443786982249 0.33579881656804733
79 0.6227810650887574 0.04881656804733728 0.32840236686390534
80 0.6301775147928994 0.0650887573964497 0.3047337278106509
81 0.6449704142011834 0.06804733727810651 0.2869822485207101
82 0.658284023668639 0.06804733727810651 0.27366863905325445
83 0.6701183431952663 0.06360946745562131 0.26627218934911245
84 0.6849112426035503 0.05917159763313609 0.2559171597633136
85 0.6908284023668639 0.06656804733727811 0.24260355029585798
86 0.7071005917159763 0.0695266272189349 0.22337278106508876
87 0.7233727810650887 0.06804733727810651 0.20857988165680474
88 0.7337278106508875 0.06360946745562131 0.20266272189349113
89 0.7455621301775148 0.057692307692307696 0.19674556213017752
90 0.7633136094674556 0.05029585798816568 0.1863905325443787
91 0.7751479289940828 0.047337278106508875 0.17751479289940827
92 0.7899408284023669 0.03994082840236687 0.17011834319526628
93 0.8047337278106509 0.03106508875739645 0.16420118343195267
94 0.8121301775147929 0.02514792899408284 0.16272189349112426
95 0.8269230769230769 0.023668639053254437 0.14940828402366865
96 0.8313609467455622 0.023668639053254437 0.14497041420118342
97 0.8402366863905325 0.022189349112426034 0.13757396449704143
98 0.8431952662721893 0.022189349112426034 0.1346153846153846
99 0.8520710059171598 0.016272189349112426 0.13165680473372782
100 0.8579881656804734 0.019230769230769232 0.1227810650887574
101 0.8653846153846154 0.016272189349112426 0.11834319526627218
102 0.8683431952662722 0.014792899408284023 0.11686390532544379
103 0.8742603550295858 0.013313609467455622 0.11242603550295859
104 0.8801775147928994 0.010355029585798817 0.10946745562130178
105 0.8816568047337278 0.011834319526627219 0.10650887573964497
106 0.886094674556213 0.011834319526627219 0.10207100591715976
107 0.8920118343195266 0.0073964497041420114 0.10059171597633136
108 0.893491124260355 0.0073964497041420114 0.09911242603550297
109 0.8949704142011834 0.010355029585798817 0.09467455621301775
110 0.8979289940828402 0.008875739644970414 0.09319526627218935
111 0.9038461538461539 0.0073964497041420114 0.08875739644970414
112 0.9053254437869822 0.005917159763313609 0.08875739644970414
113 0.9068047337278107 0.005917159763313609 0.08727810650887574
114 0.9068047337278107 0.0073964497041420114 0.08579881656804733
115 0.9112426035502958 0.004437869822485207 0.08431952662721894
116 0.9127218934911243 0.004437869822485207 0.08284023668639054
117 0.9127218934911243 0.004437869822485207 0.08284023668639054
118 0.9142011834319527 0.004437869822485207 0.08136094674556213
119 0.9171597633136095 0.0014792899408284023 0.08136094674556213
120 0.9171597633136095 0.0014792899408284023 0.08136094674556213
121 0.9171597633136095 0.0014792899408284023 0.08136094674556213
122 0.9186390532544378 0.0 0.08136094674556213
123 0.9186390532544378 0.0 0.08136094674556213
124 0.9186390532544378 0.0 0.08136094674556213
125 0.9186390532544378 0.0 0.08136094674556213
126 0.9186390532544378 0.0 0.08136094674556213
127 0.9186390532544378 0.0 0.08136094674556213
128 0.9186390532544378 0.0 0.08136094674556213
129 0.9186390532544378 0.0 0.08136094674556213
130 0.9186390532544378 0.0 0.08136094674556213
131 0.9186390532544378 0.0 0.08136094674556213
132 0.9186390532544378 0.0 0.08136094674556213
133 0.9186390532544378 0.0 0.08136094674556213
134 0.9186390532544378 0.0 0.08136094674556213
135 0.9186390532544378 0.0 0.08136094674556213
136 0.9186390532544378 0.0 0.08136094674556213
137 0.9186390532544378 0.0 0.08136094674556213
138 0.9186390532544378 0.0 0.08136094674556213
139 0.9186390532544378 0.0 0.08136094674556213
140 0.9186390532544378 0.0 0.08136094674556213
141 0.9186390532544378 0.0 0.08136094674556213
142 0.9186390532544378 0.0 0.08136094674556213
143 0.9186390532544378 0.0 0.08136094674556213
144 0.9186390532544378 0.0 0.08136094674556213
145 0.9186390532544378 0.0 0.08136094674556213
146 0.9186390532544378 0.0 0.08136094674556213
147 0.9186390532544378 0.0 0.08136094674556213
148 0.9186390532544378 0.0 0.08136094674556213
149 0.9186390532544378 0.0 0.08136094674556213
150 0.9186390532544378 0.0 0.08136094674556213
151 0.9186390532544378 0.0 0.08136094674556213
152 0.9186390532544378 0.0 0.08136094674556213
153 0.9068047337278107 0.011834319526627219 0.08136094674556213
154 0.9053254437869822 0.013313609467455622 0.08136094674556213
155 0.8875739644970414 0.03106508875739645 0.08136094674556213
156 0 0 0
157 0 0 0
158 0 0 0
159 0 0 0
160 0 0 0
161 0 0 0
162 0 0 0
163 0 0 0
164 0 0 0
165 0 0 0
166 0 0 0
167 0 0 0
168 0 0 0
169 0 0 0
170 0 0 0
171 0 0 0
172 0 0 0
173 0 0 0
174 0 0 0
175 0 0 0
176 0 0 0
177 0 0 0
178 0 0 0
179 0 0 0
180 0 0 0
181 0 0 0
182 0 0 0
183 0 0 0
184 0 0 0
185 0 0 0
186 0 0 0
187 0 0 0
188 0 0 0
189 0 0 0
190 0 0 0
191 0 0 0
192 0 0 0
193 0 0 0
194 0 0 0
195 0 0 0
196 0 0 0
197 0 0 0
198 0 0 0
199 0 0 0
200 0 0 0
201 0 0 0
202 0 0 0
203 0 0 0
204 0 0 0
205 0 0 0
206 0 0 0
207 0 0 0
208 0 0 0
209 0 0 0
210 0 0 0
211 0 0 0
212 0 0 0
213 0 0 0
214 0 0 0
215 0 0 0
216 0 0 0
217 0 0 0
218 0 0 0
219 0 0 0
220 0 0 0
221 0 0 0
222 0 0 0
223 0 0 0
224 0 0 0
225 0 0 0
226 0 0 0
227 0 0 0
228 0 0 0
229 0 0 0
230 0 0 0
231 0 0 0
232 0 0 0
233 0 0 0
234 0 0 0
235 0 0 0
236 0 0 0
237 0 0 0
238 0 0 0
239 0 0 0
240 0 0 0
241 0 0 0
242 0 0 0
243 0 0 0
244 0 0 0
245 0 0 0
246 0 0 0
247 0 0 0
248 0 0 0
249 0 0 0
250 0 0 0
251 0 0 0
252 0 0 0
253 0 0 0
254 0 0 0
255 0 0 0
256 0 0 0
257 0 0 0
258 0 0 0
259 0 0 0
260 0 0 0
261 0 0 0
262 0 0 0
263 0 0 0
264 0 0 0
265 0 0 0
266 0 0 0
267 0 0 0
268 0 0 0
269 0 0 0
270 0 0 0
271 0 0 0
272 0 0 0
273 0 0 0
274 0 0 0
275 0 0 0
276 0 0 0
277 0 0 0
278 0 0 0
279 0 0 0
280 0 0 0
281 0 0 0
282 0 0 0
283 0 0 0
284 0 0 0
285 0 0 0
286 0 0 0
287 0 0 0
288 0 0 0
289 0 0 0
290 0 0 0
291 0 0 0
292 0 0 0
293 0 0 0
294 0 0 0
295 0 0 0
296 0 0 0
297 0 0 0
298 0 0 0
299 0 0 0
300 0 0 0
