0 0.0014792899408284023 0.0 0.9985207100591716
1 0.0014792899408284023 0.0 0.9985207100591716
2 0.0014792899408284023 0.0 0.9985207100591716
3 0.0014792899408284023 0.0 0.9985207100591716
4 0.0014792899408284023 0.0 0.9985207100591716
5 0.0014792899408284023 0.0 0.9985207100591716
6 0.0014792899408284023 0.0 0.9985207100591716
7 0.0014792899408284023 0.0 0.9985207100591716
8 0.0014792899408284023 0.0029585798816568047 0.9955621301775148
9 0.0014792899408284023 0.0029585798816568047 0.9955621301775148
10 0.004437869822485207 0.0014792899408284023 0.9940828402366864
11 0.005917159763313609 0.0014792899408284023 0.992603550295858
12 0.0073964497041420114 0.0014792899408284023 0.9911242603550295
13 0.008875739644970414 0.0029585798816568047 0.9881656804733728
14 0.010355029585798817 0.0014792899408284023 0.9881656804733728
15 0.010355029585798817 0.004437869822485207 0.985207100591716
16 0.011834319526627219 0.004437869822485207 0.9837278106508875
17 0.011834319526627219 0.005917159763313609 0.9822485207100592
18 0.013313609467455622 0.010355029585798817 0.9763313609467456
19 0.014792899408284023 0.013313609467455622 0.9718934911242604
20 0.019230769230769232 0.011834319526627219 0.9689349112426036
21 0.02514792899408284 0.008875739644970414 0.9659763313609467
22 0.026627218934911243 0.011834319526627219 0.9615384615384616
23 0.029585798816568046 0.010355029585798817 0.9600591715976331
24 0.03254437869822485 0.016272189349112426 0.9511834319526628
25 0.03698224852071006 0.016272189349112426 0.9467455621301775
26 0.03994082840236687 0.020710059171597635 0.9393491124260355
27 0.04881656804733728 0.019230769230769232 0.9319526627218935
28 0.057692307692307696 0.01775147928994083 0.9245562130177515
29 0.06360946745562131 0.013313609467455622 0.9230769230769231
30 0.06804733727810651 0.01775147928994083 0.9142011834319527
31 0.07396449704142012 0.019230769230769232 0.9068047337278107
32 0.07396449704142012 0.03254437869822485 0.893491124260355
33 0.08431952662721894 0.029585798816568046 0.886094674556213
34 0.08875739644970414 0.03106508875739645 0.8801775147928994
35 0.10059171597633136 0.026627218934911243 0.8727810650887574
36 0.10650887573964497 0.029585798816568046 0.863905325443787
37 0.11686390532544379 0.03106508875739645 0.8520710059171598
38 0.12721893491124261 0.03254437869822485 0.8402366863905325
39 0.13313609467455623 0.04142011834319527 0.8254437869822485
40 0.14201183431952663 0.03550295857988166 0.8224852071005917
41 0.14940828402366865 0.03254437869822485 0.8180473372781065
42 0.16420118343195267 0.028106508875739646 0.8076923076923077
43 0.1760355029585799 0.023668639053254437 0.8002958579881657
44 0.1834319526627219 0.022189349112426034 0.7943786982248521
45 0.1893491124260355 0.028106508875739646 0.7825443786982249
46 0.19822485207100593 0.022189349112426034 0.7795857988165681
47 0.1997041420118343 0.03254437869822485 0.7677514792899408
48 0.21153846153846154 0.03254437869822485 0.7559171597633136
49 0.22189349112426035 0.028106508875739646 0.75
50 0.22633136094674555 0.029585798816568046 0.7440828402366864
51 0.22781065088757396 0.034023668639053255 0.7381656804733728
52 0.23668639053254437 0.034023668639053255 0.7292899408284024
53 0.2485207100591716 0.029585798816568046 0.7218934911242604
54 0.257396449704142 0.034023668639053255 0.7085798816568047
55 0.2618343195266272 0.03550295857988166 0.7026627218934911
56 0.26627218934911245 0.03550295857988166 0.6982248520710059
57 0.28254437869822485 0.02514792899408284 0.6923076923076923
58 0.29142011834319526 0.03254437869822485 0.6760355029585798
59 0.2973372781065089 0.034023668639053255 0.6686390532544378
60 0.3062130177514793 0.03254437869822485 0.6612426035502958
61 0.3165680473372781 0.028106508875739646 0.6553254437869822
62 0.3269230769230769 0.02514792899408284 0.6479289940828402
63 0.3343195266272189 0.023668639053254437 0.6420118343195266
64 0.34023668639053256 0.03254437869822485 0.6272189349112426
65 0.34911242603550297 0.03254437869822485 0.6183431952662722
66 0.35650887573964496 0.03550295857988166 0.6079881656804734
67 0.3624260355029586 0.04142011834319527 0.5961538461538461
68 0.3757396449704142 0.03994082840236687 0.584319526627219
69 0.386094674556213 0.034023668639053255 0.5798816568047337
70 0.3890532544378698 0.03550295857988166 0.5754437869822485
71 0.40532544378698226 0.029585798816568046 0.5650887573964497
72 0.40976331360946744 0.038461538461538464 0.5517751479289941
73 0.41863905325443784 0.03994082840236687 0.5414201183431953
74 0.4289940828402367 0.03994082840236687 0.5310650887573964
75 0.4378698224852071 0.03698224852071006 0.5251479289940828
76 0.4467455621301775 0.038461538461538464 0.514792899408284
77 0.46005917159763315 0.03698224852071006 0.5029585798816568
78 0.46893491124260356 0.04142011834319527 0.4896449704142012
79 0.47337278106508873 0.05029585798816568 0.47633136094674555
80 0.48520710059171596 0.04437869822485207 0.47041420118343197
81 0.49556213017751477 0.038461538461538464 0.46597633136094674
82 0.5029585798816568 0.042899408284023666 0.4541420118343195
83 0.522189349112426 0.034023668639053255 0.4437869822485207
84 0.5251479289940828 0.04585798816568047 0.4289940828402367
85 0.5384615384615384 0.038461538461538464 0.4230769230769231
86 0.5473372781065089 0.042899408284023666 0.40976331360946744
87 0.5591715976331361 0.04585798816568047 0.39497041420118345
88 0.5695266272189349 0.047337278106508875 0.3831360946745562
89 0.5813609467455622 0.042899408284023666 0.3757396449704142
90 0.5902366863905325 0.047337278106508875 0.3624260355029586
91 0.6050295857988166 0.05029585798816568 0.34467455621301774
92 0.6153846153846154 0.04585798816568047 0.33875739644970415
93 0.6257396449704142 0.04585798816568047 0.32840236686390534
94 0.6390532544378699 0.05325443786982249 0.3076923076923077
95 0.6494082840236687 0.05621301775147929 0.2943786982248521
96 0.6627218934911243 0.05325443786982249 0.28402366863905326
97 0.6775147928994083 0.057692307692307696 0.26479289940828404
98 0.6878698224852071 0.06360946745562131 0.2485207100591716
99 0.7041420118343196 0.05621301775147929 0.23964497041420119
100 0.7204142011834319 0.05621301775147929 0.22337278106508876
101 0.7366863905325444 0.057692307692307696 0.20562130177514792
102 0.7470414201183432 0.06360946745562131 0.1893491124260355
103 0.7618343195266272 0.057692307692307696 0.1804733727810651
104 0.7736686390532544 0.05473372781065089 0.17159763313609466
105 0.7884615384615384 0.042899408284023666 0.16863905325443787
106 0.8062130177514792 0.03698224852071006 0.15680473372781065
107 0.8210059171597633 0.02514792899408284 0.15384615384615385
108 0.8239644970414202 0.03698224852071006 0.1390532544378698
109 0.8313609467455622 0.03106508875739645 0.13757396449704143
110 0.8402366863905325 0.029585798816568046 0.1301775147928994
111 0.8461538461538461 0.028106508875739646 0.1257396449704142
112 0.8550295857988166 0.022189349112426034 0.1227810650887574
113 0.8624260355029586 0.01775147928994083 0.11982248520710059
114 0.8653846153846154 0.01775147928994083 0.11686390532544379
115 0.871301775147929 0.01775147928994083 0.11094674556213018
116 0.8727810650887574 0.019230769230769232 0.10798816568047337
117 0.8772189349112426 0.016272189349112426 0.10650887573964497
118 0.8772189349112426 0.019230769230769232 0.10355029585798817
119 0.8846153846153846 0.01775147928994083 0.09763313609467456
120 0.8831360946745562 0.019230769230769232 0.09763313609467456
121 0.8875739644970414 0.016272189349112426 0.09615384615384616
122 0.8875739644970414 0.016272189349112426 0.09615384615384616
123 0.8890532544378699 0.019230769230769232 0.09171597633136094
124 0.8831360946745562 0.022189349112426034 0.09467455621301775
125 0.878698224852071 0.028106508875739646 0.09319526627218935
126 0.8801775147928994 0.028106508875739646 0.09171597633136094
127 0.8816568047337278 0.026627218934911243 0.09171597633136094
128 0.8831360946745562 0.028106508875739646 0.08875739644970414
129 0.886094674556213 0.02514792899408284 0.08875739644970414
130 0.8816568047337278 0.028106508875739646 0.09023668639053255
131 0.8890532544378699 0.02514792899408284 0.08579881656804733
132 0.8890532544378699 0.026627218934911243 0.08431952662721894
133 0.8964497041420119 0.020710059171597635 0.08284023668639054
134 0.8890532544378699 0.028106508875739646 0.08284023668639054
135 0.8920118343195266 0.02514792899408284 0.08284023668639054
136 0.886094674556213 0.03106508875739645 0.08284023668639054
137 0.8890532544378699 0.029585798816568046 0.08136094674556213
138 0.871301775147929 0.04437869822485207 0.08431952662721894
139 0.8505917159763313 0.0621301775147929 0.08727810650887574
140 0 0 0
141 0 0 0
142 0 0 0
143 0 0 0
144 0 0 0
145 0 0 0
146 0 0 0
147 0 0 0
148 0 0 0
149 0 0 0
150 0 0 0
151 0 0 0
152 0 0 0
153 0 0 0
154 0 0 0
155 0 0 0
156 0 0 0
157 0 0 0
158 0 0 0
159 0 0 0
160 0 0 0
161 0 0 0
162 0 0 0
163 0 0 0
164 0 0 0
165 0 0 0
166 0 0 0
167 0 0 0
168 0 0 0
169 0 0 0
170 0 0 0
171 0 0 0
172 0 0 0
173 0 0 0
174 0 0 0
175 0 0 0
176 0 0 0
177 0 0 0
178 0 0 0
179 0 0 0
180 0 0 0
181 0 0 0
182 0 0 0
183 0 0 0
184 0 0 0
185 0 0 0
186 0 0 0
187 0 0 0
188 0 0 0
189 0 0 0
190 0 0 0
191 0 0 0
192 0 0 0
193 0 0 0
194 0 0 0
195 0 0 0
196 0 0 0
197 0 0 0
198 0 0 0
199 0 0 0
200 0 0 0
201 0 0 0
202 0 0 0
203 0 0 0
204 0 0 0
205 0 0 0
206 0 0 0
207 0 0 0
208 0 0 0
209 0 0 0
210 0 0 0
211 0 0 0
212 0 0 0
213 0 0 0
214 0 0 0
215 0 0 0
216 0 0 0
217 0 0 0
218 0 0 0
219 0 0 0
220 0 0 0
221 0 0 0
222 0 0 0
223 0 0 0
224 0 0 0
225 0 0 0
226 0 0 0
227 0 0 0
228 0 0 0
229 0 0 0
230 0 0 0
231 0 0 0
232 0 0 0
233 0 0 0
234 0 0 0
235 0 0 0
236 0 0 0
237 0 0 0
238 0 0 0
239 0 0 0
240 0 0 0
241 0 0 0
242 0 0 0
243 0 0 0
244 0 0 0
245 0 0 0
246 0 0 0
247 0 0 0
248 0 0 0
249 0 0 0
250 0 0 0
251 0 0 0
252 0 0 0
253 0 0 0
254 0 0 0
255 0 0 0
256 0 0 0
257 0 0 0
258 0 0 0
259 0 0 0
260 0 0 0
261 0 0 0
262 0 0 0
263 0 0 0
264 0 0 0
265 0 0 0
266 0 0 0
267 0 0 0
268 0 0 0
269 0 0 0
270 0 0 0
271 0 0 0
272 0 0 0
273 0 0 0
274 0 0 0
275 0 0 0
276 0 0 0
277 0 0 0
278 0 0 0
279 0 0 0
280 0 0 0
281 0 0 0
282 0 0 0
283 0 0 0
284 0 0 0
285 0 0 0
286 0 0 0
287 0 0 0
288 0 0 0
289 0 0 0
290 0 0 0
291 0 0 0
292 0 0 0
293 0 0 0
294 0 0 0
295 0 0 0
296 0 0 0
297 0 0 0
298 0 0 0
299 0 0 0
300 0 0 0
