0 0.0014792899408284023 0.0 0.9985207100591716
1 0.0014792899408284023 0.0 0.9985207100591716
2 0.0014792899408284023 0.0 0.9985207100591716
3 0.0014792899408284023 0.0 0.9985207100591716
4 0.0014792899408284023 0.0 0.9985207100591716
5 0.0014792899408284023 0.0 0.9985207100591716
6 0.0014792899408284023 0.0 0.9985207100591716
7 0.0014792899408284023 0.0 0.9985207100591716
8 0.0014792899408284023 0.0 0.9985207100591716
9 0.0014792899408284023 0.0 0.9985207100591716
10 0.0014792899408284023 0.0 0.9985207100591716
11 0.0014792899408284023 0.0014792899408284023 0.9970414201183432
12 0.0014792899408284023 0.0029585798816568047 0.9955621301775148
13 0.0029585798816568047 0.0029585798816568047 0.9940828402366864
14 0.0029585798816568047 0.004437869822485207 0.992603550295858
15 0.0029585798816568047 0.004437869822485207 0.992603550295858
16 0.0029585798816568047 0.005917159763313609 0.9911242603550295
17 0.004437869822485207 0.005917159763313609 0.9896449704142012
18 0.0073964497041420114 0.004437869822485207 0.9881656804733728
19 0.0073964497041420114 0.004437869822485207 0.9881656804733728
20 0.010355029585798817 0.0029585798816568047 0.9866863905325444
21 0.010355029585798817 0.004437869822485207 0.985207100591716
22 0.010355029585798817 0.008875739644970414 0.9807692307692307
23 0.010355029585798817 0.010355029585798817 0.9792899408284024
24 0.013313609467455622 0.010355029585798817 0.9763313609467456
25 0.014792899408284023 0.010355029585798817 0.9748520710059172
26 0.016272189349112426 0.010355029585798817 0.9733727810650887
27 0.01775147928994083 0.014792899408284023 0.9674556213017751
28 0.02514792899408284 0.013313609467455622 0.9615384615384616
29 0.026627218934911243 0.014792899408284023 0.9585798816568047
30 0.029585798816568046 0.016272189349112426 0.9541420118343196
31 0.034023668639053255 0.01775147928994083 0.9482248520710059
32 0.038461538461538464 0.014792899408284023 0.9467455621301775
33 0.04142011834319527 0.020710059171597635 0.9378698224852071
34 0.04585798816568047 0.020710059171597635 0.9334319526627219
35 0.05029585798816568 0.02514792899408284 0.9245562130177515
36 0.05473372781065089 0.026627218934911243 0.9186390532544378
37 0.060650887573964495 0.028106508875739646 0.9112426035502958
38 0.06804733727810651 0.026627218934911243 0.9053254437869822
39 0.07248520710059171 0.029585798816568046 0.8979289940828402
40 0.07840236686390532 0.03254437869822485 0.8890532544378699
41 0.08727810650887574 0.029585798816568046 0.8831360946745562
42 0.09319526627218935 0.034023668639053255 0.8727810650887574
43 0.09911242603550297 0.034023668639053255 0.8668639053254438
44 0.11094674556213018 0.03550295857988166 0.8535502958579881
45 0.11390532544378698 0.04437869822485207 0.841715976331361
46 0.1257396449704142 0.042899408284023666 0.8313609467455622
47 0.1301775147928994 0.04585798816568047 0.8239644970414202
48 0.1346153846153846 0.04585798816568047 0.8195266272189349
49 0.13757396449704143 0.05029585798816568 0.8121301775147929
50 0.15088757396449703 0.04585798816568047 0.8032544378698225
51 0.15976331360946747 0.04142011834319527 0.7988165680473372
52 0.16863905325443787 0.03994082840236687 0.7914201183431953
53 0.17751479289940827 0.04142011834319527 0.7810650887573964
54 0.1849112426035503 0.03994082840236687 0.7751479289940828
55 0.1952662721893491 0.034023668639053255 0.7707100591715976
56 0.20118343195266272 0.034023668639053255 0.764792899408284
57 0.20562130177514792 0.03994082840236687 0.7544378698224852
58 0.21153846153846154 0.03994082840236687 0.7485207100591716
59 0.22189349112426035 0.038461538461538464 0.7396449704142012
60 0.23224852071005916 0.034023668639053255 0.7337278106508875
61 0.23668639053254437 0.03994082840236687 0.7233727810650887
62 0.2411242603550296 0.04142011834319527 0.7174556213017751
63 0.2455621301775148 0.04585798816568047 0.7085798816568047
64 0.2559171597633136 0.04585798816568047 0.6982248520710059
65 0.26627218934911245 0.04585798816568047 0.6878698224852071
66 0.27366863905325445 0.04881656804733728 0.6775147928994083
67 0.28106508875739644 0.05029585798816568 0.6686390532544378
68 0.29142011834319526 0.04585798816568047 0.6627218934911243
69 0.2988165680473373 0.04881656804733728 0.6523668639053254
70 0.3062130177514793 0.047337278106508875 0.6464497041420119
71 0.3165680473372781 0.04437869822485207 0.6390532544378699
72 0.32840236686390534 0.04142011834319527 0.6301775147928994
73 0.34023668639053256 0.03698224852071006 0.6227810650887574
74 0.3505917159763314 0.034023668639053255 0.6153846153846154
75 0.35650887573964496 0.03698224852071006 0.606508875739645
76 0.3609467455621302 0.04142011834319527 0.5976331360946746
77 0.371301775147929 0.042899408284023666 0.5857988165680473
78 0.378698224852071 0.04437869822485207 0.5769230769230769
79 0.38461538461538464 0.04881656804733728 0.5665680473372781
80 0.39644970414201186 0.04142011834319527 0.5621301775147929
81 0.4068047337278107 0.047337278106508875 0.5458579881656804
82 0.42011834319526625 0.04881656804733728 0.5310650887573964
83 0.43047337278106507 0.047337278106508875 0.522189349112426
84 0.4423076923076923 0.042899408284023666 0.514792899408284
85 0.4511834319526627 0.04142011834319527 0.507396449704142
86 0.45857988165680474 0.04881656804733728 0.492603550295858
87 0.4718934911242604 0.04142011834319527 0.48668639053254437
88 0.4807692307692308 0.04881656804733728 0.47041420118343197
89 0.4881656804733728 0.04881656804733728 0.4630177514792899
90 0.5059171597633136 0.04142011834319527 0.4526627218934911
91 0.5103550295857988 0.042899408284023666 0.4467455621301775
92 0.5192307692307693 0.04881656804733728 0.4319526627218935
93 0.5295857988165681 0.05029585798816568 0.42011834319526625
94 0.5384615384615384 0.05325443786982249 0.40828402366863903
95 0.5502958579881657 0.04881656804733728 0.40088757396449703
96 0.5562130177514792 0.05029585798816568 0.39349112426035504
97 0.5695266272189349 0.05325443786982249 0.3772189349112426
98 0.5724852071005917 0.0650887573964497 0.3624260355029586
99 0.5857988165680473 0.060650887573964495 0.35355029585798814
100 0.6005917159763313 0.05473372781065089 0.34467455621301774
101 0.6094674556213018 0.0621301775147929 0.32840236686390534
102 0.6227810650887574 0.05621301775147929 0.3210059171597633
103 0.636094674556213 0.05325443786982249 0.3106508875739645
104 0.6405325443786982 0.0650887573964497 0.2943786982248521
105 0.6464497041420119 0.07248520710059171 0.28106508875739644
106 0.6553254437869822 0.07988165680473373 0.26479289940828404
107 0.6745562130177515 0.07544378698224852 0.25
108 0.6878698224852071 0.07544378698224852 0.23668639053254437
109 0.6997041420118343 0.07692307692307693 0.22337278106508876
110 0.7100591715976331 0.07396449704142012 0.21597633136094674
111 0.7189349112426036 0.08579881656804733 0.1952662721893491
112 0.7292899408284024 0.08431952662721894 0.1863905325443787
113 0.7396449704142012 0.08579881656804733 0.17455621301775148
114 0.7470414201183432 0.08284023668639054 0.17011834319526628
115 0.7603550295857988 0.07988165680473373 0.15976331360946747
116 0.7781065088757396 0.06804733727810651 0.15384615384615385
117 0.7884615384615384 0.060650887573964495 0.15088757396449703
118 0.7958579881656804 0.05473372781065089 0.14940828402366865
119 0.8091715976331361 0.047337278106508875 0.14349112426035504
120 0.7914201183431953 0.0621301775147929 0.14644970414201183
121 0.8017751479289941 0.05325443786982249 0.14497041420118342
122 0.7736686390532544 0.07248520710059171 0.15384615384615385
123 0.7795857988165681 0.07100591715976332 0.14940828402366865
124 0 0 0
125 0 0 0
126 0 0 0
127 0 0 0
128 0 0 0
129 0 0 0
130 0 0 0
131 0 0 0
132 0 0 0
133 0 0 0
134 0 0 0
135 0 0 0
136 0 0 0
137 0 0 0
138 0 0 0
139 0 0 0
140 0 0 0
141 0 0 0
142 0 0 0
143 0 0 0
144 0 0 0
145 0 0 0
146 0 0 0
147 0 0 0
148 0 0 0
149 0 0 0
150 0 0 0
151 0 0 0
152 0 0 0
153 0 0 0
154 0 0 0
155 0 0 0
156 0 0 0
157 0 0 0
158 0 0 0
159 0 0 0
160 0 0 0
161 0 0 0
162 0 0 0
163 0 0 0
164 0 0 0
165 0 0 0
166 0 0 0
167 0 0 0
168 0 0 0
169 0 0 0
170 0 0 0
171 0 0 0
172 0 0 0
173 0 0 0
174 0 0 0
175 0 0 0
176 0 0 0
177 0 0 0
178 0 0 0
179 0 0 0
180 0 0 0
181 0 0 0
182 0 0 0
183 0 0 0
184 0 0 0
185 0 0 0
186 0 0 0
187 0 0 0
188 0 0 0
189 0 0 0
190 0 0 0
191 0 0 0
192 0 0 0
193 0 0 0
194 0 0 0
195 0 0 0
196 0 0 0
197 0 0 0
198 0 0 0
199 0 0 0
200 0 0 0
201 0 0 0
202 0 0 0
203 0 0 0
204 0 0 0
205 0 0 0
206 0 0 0
207 0 0 0
208 0 0 0
209 0 0 0
210 0 0 0
211 0 0 0
212 0 0 0
213 0 0 0
214 0 0 0
215 0 0 0
216 0 0 0
217 0 0 0
218 0 0 0
219 0 0 0
220 0 0 0
221 0 0 0
222 0 0 0
223 0 0 0
224 0 0 0
225 0 0 0
226 0 0 0
227 0 0 0
228 0 0 0
229 0 0 0
230 0 0 0
231 0 0 0
232 0 0 0
233 0 0 0
234 0 0 0
235 0 0 0
236 0 0 0
237 0 0 0
238 0 0 0
239 0 0 0
240 0 0 0
241 0 0 0
242 0 0 0
243 0 0 0
244 0 0 0
245 0 0 0
246 0 0 0
247 0 0 0
248 0 0 0
249 0 0 0
250 0 0 0
251 0 0 0
252 0 0 0
253 0 0 0
254 0 0 0
255 0 0 0
256 0 0 0
257 0 0 0
258 0 0 0
259 0 0 0
260 0 0 0
261 0 0 0
262 0 0 0
263 0 0 0
264 0 0 0
265 0 0 0
266 0 0 0
267 0 0 0
268 0 0 0
269 0 0 0
270 0 0 0
271 0 0 0
272 0 0 0
273 0 0 0
274 0 0 0
275 0 0 0
276 0 0 0
277 0 0 0
278 0 0 0
279 0 0 0
280 0 0 0
281 0 0 0
282 0 0 0
283 0 0 0
284 0 0 0
285 0 0 0
286 0 0 0
287 0 0 0
288 0 0 0
289 0 0 0
290 0 0 0
291 0 0 0
292 0 0 0
293 0 0 0
294 0 0 0
295 0 0 0
296 0 0 0
297 0 0 0
298 0 0 0
299 0 0 0
300 0 0 0
