0 0.0014792899408284023 0.0 0.9985207100591716
1 0.0014792899408284023 0.0 0.9985207100591716
2 0.0014792899408284023 0.0 0.9985207100591716
3 0.0014792899408284023 0.0 0.9985207100591716
4 0.0014792899408284023 0.0014792899408284023 0.9970414201183432
5 0.0014792899408284023 0.004437869822485207 0.9940828402366864
6 0.004437869822485207 0.0014792899408284023 0.9940828402366864
7 0.004437869822485207 0.0029585798816568047 0.992603550295858
8 0.004437869822485207 0.0029585798816568047 0.992603550295858
9 0.005917159763313609 0.0029585798816568047 0.9911242603550295
10 0.0073964497041420114 0.005917159763313609 0.9866863905325444
11 0.008875739644970414 0.005917159763313609 0.985207100591716
12 0.011834319526627219 0.005917159763313609 0.9822485207100592
13 0.013313609467455622 0.0073964497041420114 0.9792899408284024
14 0.016272189349112426 0.005917159763313609 0.977810650887574
15 0.01775147928994083 0.010355029585798817 0.9718934911242604
16 0.01775147928994083 0.014792899408284023 0.9674556213017751
17 0.023668639053254437 0.014792899408284023 0.9615384615384616
18 0.028106508875739646 0.011834319526627219 0.9600591715976331
19 0.029585798816568046 0.014792899408284023 0.9556213017751479
20 0.03254437869822485 0.023668639053254437 0.9437869822485208
21 0.038461538461538464 0.022189349112426034 0.9393491124260355
22 0.04437869822485207 0.022189349112426034 0.9334319526627219
23 0.051775147928994084 0.01775147928994083 0.9304733727810651
24 0.05621301775147929 0.023668639053254437 0.9201183431952663
25 0.0650887573964497 0.022189349112426034 0.9127218934911243
26 0.0695266272189349 0.028106508875739646 0.9023668639053254
27 0.07396449704142012 0.028106508875739646 0.8979289940828402
28 0.08136094674556213 0.03106508875739645 0.8875739644970414
29 0.09023668639053255 0.03254437869822485 0.8772189349112426
30 0.09319526627218935 0.038461538461538464 0.8683431952662722
31 0.10650887573964497 0.034023668639053255 0.8594674556213018
32 0.11538461538461539 0.038461538461538464 0.8461538461538461
33 0.11982248520710059 0.04437869822485207 0.8357988165680473
34 0.128698224852071 0.04142011834319527 0.8298816568047337
35 0.14201183431952663 0.04142011834319527 0.8165680473372781
36 0.15532544378698224 0.034023668639053255 0.8106508875739645
37 0.17011834319526628 0.03106508875739645 0.7988165680473372
38 0.1760355029585799 0.034023668639053255 0.7899408284023669
39 0.1819526627218935 0.03698224852071006 0.7810650887573964
40 0.1908284023668639 0.034023668639053255 0.7751479289940828
41 0.1952662721893491 0.038461538461538464 0.7662721893491125
42 0.20414201183431951 0.03550295857988166 0.7603550295857988
43 0.21597633136094674 0.03254437869822485 0.7514792899408284
44 0.21893491124260356 0.03698224852071006 0.7440828402366864
45 0.23224852071005916 0.02514792899408284 0.742603550295858
46 0.23668639053254437 0.034023668639053255 0.7292899408284024
47 0.2470414201183432 0.03254437869822485 0.7204142011834319
48 0.2559171597633136 0.03254437869822485 0.7115384615384616
49 0.26479289940828404 0.028106508875739646 0.7071005917159763
50 0.2692307692307692 0.038461538461538464 0.6923076923076923
51 0.27514792899408286 0.038461538461538464 0.6863905325443787
52 0.28402366863905326 0.038461538461538464 0.6775147928994083
53 0.2958579881656805 0.03106508875739645 0.6730769230769231
54 0.30177514792899407 0.03106508875739645 0.6671597633136095
55 0.3076923076923077 0.038461538461538464 0.6538461538461539
56 0.3239644970414201 0.03254437869822485 0.643491124260355
57 0.32840236686390534 0.038461538461538464 0.6331360946745562
58 0.33579881656804733 0.03698224852071006 0.6272189349112426
59 0.3431952662721893 0.038461538461538464 0.6183431952662722
60 0.35355029585798814 0.03254437869822485 0.613905325443787
61 0.3609467455621302 0.04142011834319527 0.5976331360946746
62 0.3698224852071006 0.04585798816568047 0.584319526627219
63 0.3757396449704142 0.04585798816568047 0.5784023668639053
64 0.386094674556213 0.042899408284023666 0.5710059171597633
65 0.39644970414201186 0.04437869822485207 0.5591715976331361
66 0.40976331360946744 0.04142011834319527 0.5488165680473372
67 0.4156804733727811 0.047337278106508875 0.5369822485207101
68 0.4245562130177515 0.05029585798816568 0.5251479289940828
69 0.4349112426035503 0.04881656804733728 0.5162721893491125
70 0.44970414201183434 0.04585798816568047 0.5044378698224852
71 0.4556213017751479 0.04881656804733728 0.49556213017751477
72 0.46597633136094674 0.051775147928994084 0.4822485207100592
73 0.4718934911242604 0.0621301775147929 0.46597633136094674
74 0.47928994082840237 0.05917159763313609 0.46153846153846156
75 0.492603550295858 0.051775147928994084 0.4556213017751479
76 0.507396449704142 0.047337278106508875 0.4452662721893491
77 0.522189349112426 0.047337278106508875 0.43047337278106507
78 0.5310650887573964 0.05029585798816568 0.41863905325443784
79 0.5355029585798816 0.06656804733727811 0.3979289940828402
80 0.5473372781065089 0.06360946745562131 0.3890532544378698
81 0.5576923076923077 0.0621301775147929 0.3801775147928994
82 0.5636094674556213 0.060650887573964495 0.3757396449704142
83 0.5769230769230769 0.07100591715976332 0.3520710059171598
84 0.5857988165680473 0.07396449704142012 0.34023668639053256
85 0.6035502958579881 0.0650887573964497 0.33136094674556216
86 0.6153846153846154 0.06360946745562131 0.3210059171597633
87 0.6301775147928994 0.06360946745562131 0.3062130177514793
88 0.6405325443786982 0.0621301775147929 0.2973372781065089
89 0.6523668639053254 0.0695266272189349 0.2781065088757396
90 0.6686390532544378 0.06656804733727811 0.26479289940828404
91 0.6730769230769231 0.07396449704142012 0.2529585798816568
92 0.6863905325443787 0.07248520710059171 0.2411242603550296
93 0.7026627218934911 0.07396449704142012 0.22337278106508876
94 0.7174556213017751 0.07248520710059171 0.21005917159763313
95 0.7322485207100592 0.07100591715976332 0.19674556213017752
96 0.75 0.06360946745562131 0.1863905325443787
97 0.7618343195266272 0.0650887573964497 0.17307692307692307
98 0.7692307692307693 0.0621301775147929 0.16863905325443787
99 0.7958579881656804 0.04437869822485207 0.15976331360946747
100 0.8091715976331361 0.03994082840236687 0.15088757396449703
101 0.8180473372781065 0.038461538461538464 0.14349112426035504
102 0.8269230769230769 0.034023668639053255 0.1390532544378698
103 0.8313609467455622 0.03254437869822485 0.13609467455621302
104 0.8431952662721893 0.02514792899408284 0.13165680473372782
105 0.8476331360946746 0.028106508875739646 0.1242603550295858
106 0.8535502958579881 0.026627218934911243 0.11982248520710059
107 0.8609467455621301 0.023668639053254437 0.11538461538461539
108 0.8683431952662722 0.01775147928994083 0.11390532544378698
109 0.8742603550295858 0.020710059171597635 0.10502958579881656
110 0.8772189349112426 0.01775147928994083 0.10502958579881656
111 0.878698224852071 0.01775147928994083 0.10355029585798817
112 0.8831360946745562 0.016272189349112426 0.10059171597633136
113 0.8890532544378699 0.013313609467455622 0.09763313609467456
114 0.893491124260355 0.010355029585798817 0.09615384615384616
115 0.8949704142011834 0.011834319526627219 0.09319526627218935
116 0.8964497041420119 0.011834319526627219 0.09171597633136094
117 0.9038461538461539 0.0073964497041420114 0.08875739644970414
118 0.9038461538461539 0.0073964497041420114 0.08875739644970414
119 0.9053254437869822 0.0073964497041420114 0.08727810650887574
120 0.9053254437869822 0.008875739644970414 0.08579881656804733
121 0.9097633136094675 0.005917159763313609 0.08431952662721894
122 0.9097633136094675 0.0073964497041420114 0.08284023668639054
123 0.9127218934911243 0.005917159763313609 0.08136094674556213
124 0.9127218934911243 0.005917159763313609 0.08136094674556213
125 0.9127218934911243 0.005917159763313609 0.08136094674556213
126 0.9127218934911243 0.005917159763313609 0.08136094674556213
127 0.9127218934911243 0.005917159763313609 0.08136094674556213
128 0.9142011834319527 0.004437869822485207 0.08136094674556213
129 0.915680473372781 0.0029585798816568047 0.08136094674556213
130 0.9171597633136095 0.0014792899408284023 0.08136094674556213
131 0.9186390532544378 0.0 0.08136094674556213
132 0.9186390532544378 0.0 0.08136094674556213
133 0.9186390532544378 0.0 0.08136094674556213
134 0.9186390532544378 0.0 0.08136094674556213
135 0.9186390532544378 0.0 0.08136094674556213
136 0.9186390532544378 0.0 0.08136094674556213
137 0.9186390532544378 0.0 0.08136094674556213
138 0.9186390532544378 0.0 0.08136094674556213
139 0.9186390532544378 0.0 0.08136094674556213
140 0.9171597633136095 0.0014792899408284023 0.08136094674556213
141 0.9171597633136095 0.0014792899408284023 0.08136094674556213
142 0.9171597633136095 0.0014792899408284023 0.08136094674556213
143 0.9171597633136095 0.0014792899408284023 0.08136094674556213
144 0.9142011834319527 0.004437869822485207 0.08136094674556213
145 0.915680473372781 0.0029585798816568047 0.08136094674556213
146 0.900887573964497 0.01775147928994083 0.08136094674556213
147 0.8949704142011834 0.023668639053254437 0.08136094674556213
148 0 0 0
149 0 0 0
150 0 0 0
151 0 0 0
152 0 0 0
153 0 0 0
154 0 0 0
155 0 0 0
156 0 0 0
157 0 0 0
158 0 0 0
159 0 0 0
160 0 0 0
161 0 0 0
162 0 0 0
163 0 0 0
164 0 0 0
165 0 0 0
166 0 0 0
167 0 0 0
168 0 0 0
169 0 0 0
170 0 0 0
171 0 0 0
172 0 0 0
173 0 0 0
174 0 0 0
175 0 0 0
176 0 0 0
177 0 0 0
178 0 0 0
179 0 0 0
180 0 0 0
181 0 0 0
182 0 0 0
183 0 0 0
184 0 0 0
185 0 0 0
186 0 0 0
187 0 0 0
188 0 0 0
189 0 0 0
190 0 0 0
191 0 0 0
192 0 0 0
193 0 0 0
194 0 0 0
195 0 0 0
196 0 0 0
197 0 0 0
198 0 0 0
199 0 0 0
200 0 0 0
201 0 0 0
202 0 0 0
203 0 0 0
204 0 0 0
205 0 0 0
206 0 0 0
207 0 0 0
208 0 0 0
209 0 0 0
210 0 0 0
211 0 0 0
212 0 0 0
213 0 0 0
214 0 0 0
215 0 0 0
216 0 0 0
217 0 0 0
218 0 0 0
219 0 0 0
220 0 0 0
221 0 0 0
222 0 0 0
223 0 0 0
224 0 0 0
225 0 0 0
226 0 0 0
227 0 0 0
228 0 0 0
229 0 0 0
230 0 0 0
231 0 0 0
232 0 0 0
233 0 0 0
234 0 0 0
235 0 0 0
236 0 0 0
237 0 0 0
238 0 0 0
239 0 0 0
240 0 0 0
241 0 0 0
242 0 0 0
243 0 0 0
244 0 0 0
245 0 0 0
246 0 0 0
247 0 0 0
248 0 0 0
249 0 0 0
250 0 0 0
251 0 0 0
252 0 0 0
253 0 0 0
254 0 0 0
255 0 0 0
256 0 0 0
257 0 0 0
258 0 0 0
259 0 0 0
260 0 0 0
261 0 0 0
262 0 0 0
263 0 0 0
264 0 0 0
265 0 0 0
266 0 0 0
267 0 0 0
268 0 0 0
269 0 0 0
270 0 0 0
271 0 0 0
272 0 0 0
273 0 0 0
274 0 0 0
275 0 0 0
276 0 0 0
277 0 0 0
278 0 0 0
279 0 0 0
280 0 0 0
281 0 0 0
282 0 0 0
283 0 0 0
284 0 0 0
285 0 0 0
286 0 0 0
287 0 0 0
288 0 0 0
289 0 0 0
290 0 0 0
291 0 0 0
292 0 0 0
293 0 0 0
294 0 0 0
295 0 0 0
296 0 0 0
297 0 0 0
298 0 0 0
299 0 0 0
300 0 0 0
