0 1 0 168
1 5 0 164
2 5 0 164
3 5 0 164
4 5 1 163
5 5 4 160
6 6 3 160
7 6 3 160
8 8 2 159
9 8 5 156
10 9 7 153
11 12 6 151
12 14 7 148
13 15 7 147
14 15 8 146
15 17 9 143
16 18 9 142
17 19 8 142
18 19 9 141
19 20 9 140
20 21 10 138
21 22 12 135
22 24 15 130
23 28 13 128
24 31 11 127
25 32 12 125
26 32 14 123
27 34 18 117
28 37 16 116
29 38 18 113
30 40 20 109
31 41 21 107
32 44 22 103
33 52 18 99
34 56 16 97
35 59 14 96
36 60 17 92
37 62 16 91
38 63 19 87
39 65 22 82
40 67 22 80
41 69 22 78
42 74 20 75
43 79 20 70
44 81 21 67
45 84 22 63
46 87 22 60
47 89 26 54
48 95 25 49
49 98 22 49
50 102 19 48
51 104 18 47
52 105 20 44
53 107 19 43
54 110 19 40
55 114 18 37
56 116 18 35
57 117 20 32
58 120 20 29
59 121 20 28
60 123 22 24
61 127 19 23
62 130 19 20
63 132 21 16
64 136 18 15
65 139 19 11
66 141 18 10
67 142 18 9
68 146 15 8
69 149 13 7
70 152 12 5
71 154 10 5
72 155 9 5
73 157 8 4
74 159 6 4
75 160 6 3
76 162 4 3
77 163 3 3
78 164 3 2
79 164 3 2
80 164 3 2
81 166 1 2
82 167 1 1
83 167 1 1
84 167 1 1
85 167 1 1
86 167 1 1
87 167 1 1
88 168 0 1
89 168 1 0
90 168 1 0
91 168 1 0
92 168 1 0
93 169 0 0
94 169 0 0
95 168 1 0
96 168 1 0
97 168 1 0
98 169 0 0
99 169 0 0
100 169 0 0
101 169 0 0
102 169 0 0
103 169 0 0
104 169 0 0
105 169 0 0
106 169 0 0
107 169 0 0
108 169 0 0
109 169 0 0
110 169 0 0
111 169 0 0
112 169 0 0
113 169 0 0
114 169 0 0
115 169 0 0
116 169 0 0
117 169 0 0
118 169 0 0
119 169 0 0
120 169 0 0
121 169 0 0
122 169 0 0
123 169 0 0
124 169 0 0
125 169 0 0
126 169 0 0
127 169 0 0
128 169 0 0
129 169 0 0
130 169 0 0
131 169 0 0
132 169 0 0
133 169 0 0
134 169 0 0
135 169 0 0
136 169 0 0
137 169 0 0
138 168 1 0
139 168 1 0
140 168 1 0
141 165 4 0
142 167 2 0
143 167 2 0
144 167 2 0
145 169 0 0
146 169 0 0
147 166 3 0
148 166 3 0
149 167 2 0
150 0 169 0
151 0 169 0
152 0 169 0
153 0 169 0
154 0 169 0
155 0 169 0
156 0 169 0
157 0 169 0
158 0 169 0
159 0 169 0
160 0 169 0
161 0 169 0
162 0 169 0
163 0 169 0
164 0 169 0
165 0 169 0
166 0 169 0
167 0 169 0
168 0 169 0
169 0 169 0
170 0 169 0
171 0 169 0
172 0 169 0
173 0 169 0
174 0 0 169
175 0 0 169
176 0 0 169
177 0 0 169
178 0 0 169
179 0 0 169
180 0 0 169
181 0 0 169
182 0 0 169
183 0 0 169
184 0 0 169
185 0 0 169
186 0 0 169
187 0 0 169
188 0 0 169
189 0 0 169
190 0 0 169
191 0 0 169
192 0 0 169
193 0 0 169
194 0 0 169
195 0 0 169
196 0 0 169
197 0 0 169
198 0 0 169
199 0 0 169
200 0 0 169
201 0 0 169
202 0 0 169
203 0 0 169
204 0 0 169
205 0 0 169
206 0 0 169
207 0 0 169
208 0 0 169
209 0 0 169
210 0 0 169
211 0 0 169
212 0 0 169
213 0 0 169
214 0 0 169
215 0 0 169
216 0 0 169
217 0 0 169
218 0 0 169
219 0 0 169
220 0 0 169
221 0 0 169
222 0 0 169
223 0 0 169
224 0 0 169
225 0 0 169
226 0 0 169
227 0 0 169
228 0 0 169
229 0 0 169
230 0 0 169
231 0 0 169
232 0 0 169
233 0 0 169
234 0 0 169
235 0 0 169
236 0 0 169
237 0 0 169
238 0 0 169
239 0 0 169
240 0 0 169
241 0 0 169
242 0 0 169
243 0 0 169
244 0 0 169
245 0 0 169
246 0 0 169
247 0 0 169
248 0 0 169
249 0 0 169
250 0 0 169
251 0 0 169
252 0 0 169
253 0 0 169
254 0 0 169
255 0 0 169
256 0 0 169
257 0 0 169
258 0 0 169
259 0 0 169
260 0 0 169
261 0 0 169
262 0 0 169
263 0 0 169
264 0 0 169
265 0 0 169
266 0 0 169
267 0 0 169
268 0 0 169
269 0 0 169
270 0 0 169
271 0 0 169
272 0 0 169
273 0 0 169
274 0 0 169
275 0 0 169
276 0 0 169
277 0 0 169
278 0 0 169
279 0 0 169
280 0 0 169
281 0 0 169
282 0 0 169
283 0 0 169
284 0 0 169
285 0 0 169
286 0 0 169
287 0 0 169
288 0 0 169
289 0 0 169
290 0 0 169
291 0 0 169
292 0 0 169
293 0 0 169
294 0 0 169
295 0 0 169
296 0 0 169
297 0 0 169
298 0 0 169
299 0 0 169
300 0 0 169
