0 1 0 168
1 5 1 163
2 5 1 163
3 5 3 161
4 6 3 160
5 7 3 159
6 7 4 158
7 7 7 155
8 7 8 154
9 9 6 154
10 10 7 152
11 10 7 152
12 11 7 151
13 12 8 149
14 14 7 148
15 16 7 146
16 17 9 143
17 18 8 143
18 20 7 142
19 20 8 141
20 23 7 139
21 23 13 133
22 25 12 132
23 29 8 132
24 30 13 126
25 32 12 125
26 35 11 123
27 37 10 122
28 38 12 119
29 40 12 117
30 43 14 112
31 43 17 109
32 46 18 105
33 49 19 101
34 51 23 95
35 52 29 88
36 55 28 86
37 59 26 84
38 62 26 81
39 67 25 77
40 72 20 77
41 74 22 73
42 76 26 67
43 82 24 63
44 86 23 60
45 92 20 57
46 93 20 56
47 95 20 54
48 99 19 51
49 99 21 49
50 102 21 46
51 105 21 43
52 107 23 39
53 108 27 34
54 112 25 32
55 116 23 30
56 117 26 26
57 124 19 26
58 126 19 24
59 128 19 22
60 131 20 18
61 132 22 15
62 136 18 15
63 141 14 14
64 142 15 12
65 144 14 11
66 150 9 10
67 151 8 10
68 153 8 8
69 153 8 8
70 154 10 5
71 156 8 5
72 158 7 4
73 160 5 4
74 162 4 3
75 162 4 3
76 163 4 2
77 163 4 2
78 163 4 2
79 163 5 1
80 164 4 1
81 165 3 1
82 165 3 1
83 165 3 1
84 166 2 1
85 166 2 1
86 168 0 1
87 168 0 1
88 168 0 1
89 168 0 1
90 168 0 1
91 168 1 0
92 169 0 0
93 169 0 0
94 169 0 0
95 169 0 0
96 169 0 0
97 169 0 0
98 169 0 0
99 169 0 0
100 169 0 0
101 169 0 0
102 169 0 0
103 169 0 0
104 169 0 0
105 169 0 0
106 169 0 0
107 169 0 0
108 169 0 0
109 169 0 0
110 169 0 0
111 169 0 0
112 169 0 0
113 169 0 0
114 169 0 0
115 169 0 0
116 169 0 0
117 169 0 0
118 169 0 0
119 169 0 0
120 169 0 0
121 169 0 0
122 169 0 0
123 169 0 0
124 169 0 0
125 169 0 0
126 169 0 0
127 169 0 0
128 169 0 0
129 169 0 0
130 169 0 0
131 169 0 0
132 169 0 0
133 169 0 0
134 169 0 0
135 169 0 0
136 169 0 0
137 169 0 0
138 169 0 0
139 169 0 0
140 169 0 0
141 169 0 0
142 169 0 0
143 169 0 0
144 169 0 0
145 169 0 0
146 169 0 0
147 169 0 0
148 0 169 0
149 0 169 0
150 0 169 0
151 0 169 0
152 0 169 0
153 0 169 0
154 0 169 0
155 0 166 3
156 0 167 2
157 0 0 169
158 0 0 169
159 0 0 169
160 0 0 169
161 0 0 169
162 0 0 169
163 0 0 169
164 0 0 169
165 0 0 169
166 0 0 169
167 0 0 169
168 0 0 169
169 0 0 169
170 0 0 169
171 0 0 169
172 0 0 169
173 0 0 169
174 0 0 169
175 0 0 169
176 0 0 169
177 0 0 169
178 0 0 169
179 0 0 169
180 0 0 169
181 0 0 169
182 0 0 169
183 0 0 169
184 0 0 169
185 0 0 169
186 0 0 169
187 0 0 169
188 0 0 169
189 0 0 169
190 0 0 169
191 0 0 169
192 0 0 169
193 0 0 169
194 0 0 169
195 0 0 169
196 0 0 169
197 0 0 169
198 0 0 169
199 0 0 169
200 0 0 169
201 0 0 169
202 0 0 169
203 0 0 169
204 0 0 169
205 0 0 169
206 0 0 169
207 0 0 169
208 0 0 169
209 0 0 169
210 0 0 169
211 0 0 169
212 0 0 169
213 0 0 169
214 0 0 169
215 0 0 169
216 0 0 169
217 0 0 169
218 0 0 169
219 0 0 169
220 0 0 169
221 0 0 169
222 0 0 169
223 0 0 169
224 0 0 169
225 0 0 169
226 0 0 169
227 0 0 169
228 0 0 169
229 0 0 169
230 0 0 169
231 0 0 169
232 0 0 169
233 0 0 169
234 0 0 169
235 0 0 169
236 0 0 169
237 0 0 169
238 0 0 169
239 0 0 169
240 0 0 169
241 0 0 169
242 0 0 169
243 0 0 169
244 0 0 169
245 0 0 169
246 0 0 169
247 0 0 169
248 0 0 169
249 0 0 169
250 0 0 169
251 0 0 169
252 0 0 169
253 0 0 169
254 0 0 169
255 0 0 169
256 0 0 169
257 0 0 169
258 0 0 169
259 0 0 169
260 0 0 169
261 0 0 169
262 0 0 169
263 0 0 169
264 0 0 169
265 0 0 169
266 0 0 169
267 0 0 169
268 0 0 169
269 0 0 169
270 0 0 169
271 0 0 169
272 0 0 169
273 0 0 169
274 0 0 169
275 0 0 169
276 0 0 169
277 0 0 169
278 0 0 169
279 0 0 169
280 0 0 169
281 0 0 169
282 0 0 169
283 0 0 169
284 0 0 169
285 0 0 169
286 0 0 169
287 0 0 169
288 0 0 169
289 0 0 169
290 0 0 169
291 0 0 169
292 0 0 169
293 0 0 169
294 0 0 169
295 0 0 169
296 0 0 169
297 0 0 169
298 0 0 169
299 0 0 169
300 0 0 169
