0 1 0 168
1 1 3 165
2 2 2 165
3 4 2 163
4 5 2 162
5 5 4 160
6 5 5 159
7 6 4 159
8 6 6 157
9 6 7 156
10 6 8 155
11 7 8 154
12 8 9 152
13 9 11 149
14 10 11 148
15 11 14 144
16 13 17 139
17 15 22 132
18 16 27 126
19 17 27 125
20 19 26 124
21 19 28 122
22 19 29 121
23 20 37 112
24 21 41 107
25 23 41 105
26 24 41 104
27 25 44 100
28 26 46 97
29 31 47 91
30 36 45 88
31 37 46 86
32 43 42 84
33 46 42 81
34 48 43 78
35 54 37 78
36 57 40 72
37 59 39 71
38 61 43 65
39 67 39 63
40 71 36 62
41 73 35 61
42 75 35 59
43 78 35 56
44 81 32 56
45 82 34 53
46 82 36 51
47 84 35 50
48 86 34 49
49 89 32 48
50 92 31 46
51 92 32 45
52 94 31 44
53 95 30 44
54 97 30 42
55 98 30 41
56 99 31 39
57 100 34 35
58 100 34 35
59 105 31 33
60 105 34 30
61 109 32 28
62 110 31 28
63 112 31 26
64 115 28 26
65 118 27 24
66 119 26 24
67 123 22 24
68 123 25 21
69 125 24 20
70 126 26 17
71 128 27 14
72 129 27 13
73 132 24 13
74 135 22 12
75 137 22 10
76 138 24 7
77 141 22 6
78 143 21 5
79 143 23 3
80 145 21 3
81 146 20 3
82 148 19 2
83 152 16 1
84 154 14 1
85 156 12 1
86 156 12 1
87 156 12 1
88 156 12 1
89 159 9 1
90 159 10 0
91 161 8 0
92 162 7 0
93 162 7 0
94 164 5 0
95 164 5 0
96 167 2 0
97 167 2 0
98 167 2 0
99 167 2 0
100 167 2 0
101 168 1 0
102 168 1 0
103 168 1 0
104 168 1 0
105 169 0 0
106 169 0 0
107 169 0 0
108 169 0 0
109 168 1 0
110 169 0 0
111 169 0 0
112 169 0 0
113 169 0 0
114 169 0 0
115 0 169 0
116 0 169 0
117 0 169 0
118 0 169 0
119 0 169 0
120 0 169 0
121 0 169 0
122 0 169 0
123 0 169 0
124 0 169 0
125 0 169 0
126 0 169 0
127 0 169 0
128 0 169 0
129 0 169 0
130 0 0 169
131 0 0 169
132 0 0 169
133 0 0 169
134 0 0 169
135 0 0 169
136 0 0 169
137 0 0 169
138 0 0 169
139 0 0 169
140 0 0 169
141 0 0 169
142 0 0 169
143 0 0 169
144 0 0 169
145 0 0 169
146 0 0 169
147 0 0 169
148 0 0 169
149 0 0 169
150 0 0 169
151 0 0 169
152 0 0 169
153 0 0 169
154 0 0 169
155 0 0 169
156 0 0 169
157 0 0 169
158 0 0 169
159 0 0 169
160 0 0 169
161 0 0 169
162 0 0 169
163 0 0 169
164 0 0 169
165 0 0 169
166 0 0 169
167 0 0 169
168 0 0 169
169 0 0 169
170 0 0 169
171 0 0 169
172 0 0 169
173 0 0 169
174 0 0 169
175 0 0 169
176 0 0 169
177 0 0 169
178 0 0 169
179 0 0 169
180 0 0 169
181 0 0 169
182 0 0 169
183 0 0 169
184 0 0 169
185 0 0 169
186 0 0 169
187 0 0 169
188 0 0 169
189 0 0 169
190 0 0 169
191 0 0 169
192 0 0 169
193 0 0 169
194 0 0 169
195 0 0 169
196 0 0 169
197 0 0 169
198 0 0 169
199 0 0 169
200 0 0 169
201 0 0 169
202 0 0 169
203 0 0 169
204 0 0 169
205 0 0 169
206 0 0 169
207 0 0 169
208 0 0 169
209 0 0 169
210 0 0 169
211 0 0 169
212 0 0 169
213 0 0 169
214 0 0 169
215 0 0 169
216 0 0 169
217 0 0 169
218 0 0 169
219 0 0 169
220 0 0 169
221 0 0 169
222 0 0 169
223 0 0 169
224 0 0 169
225 0 0 169
226 0 0 169
227 0 0 169
228 0 0 169
229 0 0 169
230 0 0 169
231 0 0 169
232 0 0 169
233 0 0 169
234 0 0 169
235 0 0 169
236 0 0 169
237 0 0 169
238 0 0 169
239 0 0 169
240 0 0 169
241 0 0 169
242 0 0 169
243 0 0 169
244 0 0 169
245 0 0 169
246 0 0 169
247 0 0 169
248 0 0 169
249 0 0 169
250 0 0 169
251 0 0 169
252 0 0 169
253 0 0 169
254 0 0 169
255 0 0 169
256 0 0 169
257 0 0 169
258 0 0 169
259 0 0 169
260 0 0 169
261 0 0 169
262 0 0 169
263 0 0 169
264 0 0 169
265 0 0 169
266 0 0 169
267 0 0 169
268 0 0 169
269 0 0 169
270 0 0 169
271 0 0 169
272 0 0 169
273 0 0 169
274 0 0 169
275 0 0 169
276 0 0 169
277 0 0 169
278 0 0 169
279 0 0 169
280 0 0 169
281 0 0 169
282 0 0 169
283 0 0 169
284 0 0 169
285 0 0 169
286 0 0 169
287 0 0 169
288 0 0 169
289 0 0 169
290 0 0 169
291 0 0 169
292 0 0 169
293 0 0 169
294 0 0 169
295 0 0 169
296 0 0 169
297 0 0 169
298 0 0 169
299 0 0 169
300 0 0 169
