0 1 0 168
1 3 1 165
2 4 4 161
3 5 5 159
4 6 5 158
5 7 5 157
6 8 5 156
7 8 5 156
8 9 7 153
9 10 6 153
10 10 7 152
11 11 8 150
12 14 6 149
13 15 8 146
14 16 10 143
15 17 9 143
16 17 13 139
17 18 13 138
18 18 14 137
19 19 13 137
20 21 15 133
21 23 16 130
22 24 17 128
23 24 21 124
24 25 22 122
25 28 21 120
26 29 24 116
27 29 27 113
28 31 33 105
29 36 30 103
30 36 34 99
31 37 34 98
32 38 36 95
33 39 39 91
34 40 41 88
35 44 40 85
36 48 37 84
37 50 40 79
38 52 40 77
39 54 42 73
40 57 41 71
41 62 37 70
42 67 35 67
43 71 35 63
44 75 33 61
45 77 36 56
46 82 31 56
47 87 28 54
48 87 32 50
49 89 33 47
50 94 33 42
51 96 31 42
52 96 32 41
53 100 30 39
54 105 26 38
55 108 24 37
56 109 24 36
57 114 23 32
58 117 20 32
59 118 22 29
60 120 20 29
61 122 20 27
62 123 22 24
63 124 25 20
64 126 28 15
65 127 29 13
66 128 29 12
67 129 29 11
68 134 24 11
69 136 24 9
70 138 23 8
71 139 24 6
72 142 21 6
73 143 21 5
74 145 19 5
75 146 18 5
76 148 18 3
77 148 18 3
78 150 16 3
79 153 13 3
80 155 11 3
81 155 11 3
82 155 12 2
83 156 12 1
84 159 9 1
85 160 9 0
86 162 7 0
87 163 6 0
88 163 6 0
89 163 6 0
90 163 6 0
91 164 5 0
92 164 5 0
93 164 5 0
94 165 4 0
95 165 4 0
96 165 4 0
97 166 3 0
98 166 3 0
99 167 2 0
100 167 2 0
101 167 2 0
102 167 2 0
103 168 1 0
104 169 0 0
105 169 0 0
106 169 0 0
107 169 0 0
108 169 0 0
109 169 0 0
110 169 0 0
111 169 0 0
112 169 0 0
113 169 0 0
114 169 0 0
115 169 0 0
116 169 0 0
117 169 0 0
118 168 1 0
119 169 0 0
120 169 0 0
121 169 0 0
122 169 0 0
123 169 0 0
124 169 0 0
125 169 0 0
126 169 0 0
127 169 0 0
128 169 0 0
129 169 0 0
130 169 0 0
131 169 0 0
132 169 0 0
133 169 0 0
134 169 0 0
135 169 0 0
136 169 0 0
137 169 0 0
138 169 0 0
139 169 0 0
140 169 0 0
141 169 0 0
142 0 168 1
143 0 168 1
144 0 168 1
145 0 169 0
146 0 169 0
147 0 169 0
148 0 169 0
149 0 0 169
150 0 0 169
151 0 0 169
152 0 0 169
153 0 0 169
154 0 0 169
155 0 0 169
156 0 0 169
157 0 0 169
158 0 0 169
159 0 0 169
160 0 0 169
161 0 0 169
162 0 0 169
163 0 0 169
164 0 0 169
165 0 0 169
166 0 0 169
167 0 0 169
168 0 0 169
169 0 0 169
170 0 0 169
171 0 0 169
172 0 0 169
173 0 0 169
174 0 0 169
175 0 0 169
176 0 0 169
177 0 0 169
178 0 0 169
179 0 0 169
180 0 0 169
181 0 0 169
182 0 0 169
183 0 0 169
184 0 0 169
185 0 0 169
186 0 0 169
187 0 0 169
188 0 0 169
189 0 0 169
190 0 0 169
191 0 0 169
192 0 0 169
193 0 0 169
194 0 0 169
195 0 0 169
196 0 0 169
197 0 0 169
198 0 0 169
199 0 0 169
200 0 0 169
201 0 0 169
202 0 0 169
203 0 0 169
204 0 0 169
205 0 0 169
206 0 0 169
207 0 0 169
208 0 0 169
209 0 0 169
210 0 0 169
211 0 0 169
212 0 0 169
213 0 0 169
214 0 0 169
215 0 0 169
216 0 0 169
217 0 0 169
218 0 0 169
219 0 0 169
220 0 0 169
221 0 0 169
222 0 0 169
223 0 0 169
224 0 0 169
225 0 0 169
226 0 0 169
227 0 0 169
228 0 0 169
229 0 0 169
230 0 0 169
231 0 0 169
232 0 0 169
233 0 0 169
234 0 0 169
235 0 0 169
236 0 0 169
237 0 0 169
238 0 0 169
239 0 0 169
240 0 0 169
241 0 0 169
242 0 0 169
243 0 0 169
244 0 0 169
245 0 0 169
246 0 0 169
247 0 0 169
248 0 0 169
249 0 0 169
250 0 0 169
251 0 0 169
252 0 0 169
253 0 0 169
254 0 0 169
255 0 0 169
256 0 0 169
257 0 0 169
258 0 0 169
259 0 0 169
260 0 0 169
261 0 0 169
262 0 0 169
263 0 0 169
264 0 0 169
265 0 0 169
266 0 0 169
267 0 0 169
268 0 0 169
269 0 0 169
270 0 0 169
271 0 0 169
272 0 0 169
273 0 0 169
274 0 0 169
275 0 0 169
276 0 0 169
277 0 0 169
278 0 0 169
279 0 0 169
280 0 0 169
281 0 0 169
282 0 0 169
283 0 0 169
284 0 0 169
285 0 0 169
286 0 0 169
287 0 0 169
288 0 0 169
289 0 0 169
290 0 0 169
291 0 0 169
292 0 0 169
293 0 0 169
294 0 0 169
295 0 0 169
296 0 0 169
297 0 0 169
298 0 0 169
299 0 0 169
300 0 0 169
