0 1 0 168
1 4 1 164
2 4 2 163
3 4 5 160
4 4 5 160
5 4 6 159
6 4 7 158
7 5 6 158
8 5 7 157
9 5 9 155
10 6 12 151
11 6 15 148
12 7 15 147
13 8 15 146
14 9 15 145
15 10 17 142
16 10 18 141
17 11 20 138
18 13 19 137
19 14 18 137
20 15 20 134
21 15 22 132
22 18 23 128
23 18 28 123
24 19 29 121
25 22 26 121
26 25 25 119
27 26 31 112
28 29 31 109
29 32 33 104
30 34 37 98
31 34 43 92
32 35 51 83
33 37 55 77
34 37 61 71
35 41 59 69
36 43 58 68
37 47 58 64
38 49 58 62
39 53 56 60
40 58 52 59
41 61 50 58
42 65 48 56
43 68 47 54
44 69 47 53
45 71 46 52
46 74 48 47
47 79 46 44
48 86 40 43
49 88 43 38
50 94 39 36
51 97 36 36
52 100 34 35
53 103 35 31
54 108 33 28
55 108 35 26
56 112 32 25
57 115 32 22
58 117 32 20
59 119 31 19
60 122 31 16
61 127 29 13
62 127 31 11
63 128 32 9
64 130 32 7
65 133 31 5
66 134 30 5
67 137 30 2
68 140 27 2
69 141 26 2
70 141 26 2
71 145 23 1
72 148 20 1
73 148 20 1
74 151 17 1
75 152 17 0
76 154 15 0
77 158 11 0
78 159 10 0
79 161 8 0
80 162 7 0
81 163 6 0
82 164 5 0
83 166 3 0
84 166 3 0
85 168 1 0
86 168 1 0
87 168 1 0
88 168 1 0
89 168 1 0
90 169 0 0
91 169 0 0
92 169 0 0
93 169 0 0
94 169 0 0
95 169 0 0
96 169 0 0
97 169 0 0
98 169 0 0
99 169 0 0
100 169 0 0
101 169 0 0
102 169 0 0
103 169 0 0
104 169 0 0
105 169 0 0
106 169 0 0
107 169 0 0
108 169 0 0
109 169 0 0
110 169 0 0
111 169 0 0
112 169 0 0
113 169 0 0
114 169 0 0
115 169 0 0
116 169 0 0
117 169 0 0
118 169 0 0
119 169 0 0
120 169 0 0
121 169 0 0
122 169 0 0
123 169 0 0
124 169 0 0
125 169 0 0
126 169 0 0
127 169 0 0
128 169 0 0
129 169 0 0
130 169 0 0
131 169 0 0
132 169 0 0
133 169 0 0
134 169 0 0
135 169 0 0
136 169 0 0
137 169 0 0
138 169 0 0
139 169 0 0
140 169 0 0
141 168 1 0
142 0 169 0
143 0 169 0
144 0 169 0
145 0 169 0
146 0 169 0
147 0 169 0
148 0 169 0
149 0 169 0
150 0 169 0
151 0 169 0
152 0 169 0
153 0 169 0
154 0 169 0
155 0 169 0
156 0 0 169
157 0 0 169
158 0 0 169
159 0 0 169
160 0 0 169
161 0 0 169
162 0 0 169
163 0 0 169
164 0 0 169
165 0 0 169
166 0 0 169
167 0 0 169
168 0 0 169
169 0 0 169
170 0 0 169
171 0 0 169
172 0 0 169
173 0 0 169
174 0 0 169
175 0 0 169
176 0 0 169
177 0 0 169
178 0 0 169
179 0 0 169
180 0 0 169
181 0 0 169
182 0 0 169
183 0 0 169
184 0 0 169
185 0 0 169
186 0 0 169
187 0 0 169
188 0 0 169
189 0 0 169
190 0 0 169
191 0 0 169
192 0 0 169
193 0 0 169
194 0 0 169
195 0 0 169
196 0 0 169
197 0 0 169
198 0 0 169
199 0 0 169
200 0 0 169
201 0 0 169
202 0 0 169
203 0 0 169
204 0 0 169
205 0 0 169
206 0 0 169
207 0 0 169
208 0 0 169
209 0 0 169
210 0 0 169
211 0 0 169
212 0 0 169
213 0 0 169
214 0 0 169
215 0 0 169
216 0 0 169
217 0 0 169
218 0 0 169
219 0 0 169
220 0 0 169
221 0 0 169
222 0 0 169
223 0 0 169
224 0 0 169
225 0 0 169
226 0 0 169
227 0 0 169
228 0 0 169
229 0 0 169
230 0 0 169
231 0 0 169
232 0 0 169
233 0 0 169
234 0 0 169
235 0 0 169
236 0 0 169
237 0 0 169
238 0 0 169
239 0 0 169
240 0 0 169
241 0 0 169
242 0 0 169
243 0 0 169
244 0 0 169
245 0 0 169
246 0 0 169
247 0 0 169
248 0 0 169
249 0 0 169
250 0 0 169
251 0 0 169
252 0 0 169
253 0 0 169
254 0 0 169
255 0 0 169
256 0 0 169
257 0 0 169
258 0 0 169
259 0 0 169
260 0 0 169
261 0 0 169
262 0 0 169
263 0 0 169
264 0 0 169
265 0 0 169
266 0 0 169
267 0 0 169
268 0 0 169
269 0 0 169
270 0 0 169
271 0 0 169
272 0 0 169
273 0 0 169
274 0 0 169
275 0 0 169
276 0 0 169
277 0 0 169
278 0 0 169
279 0 0 169
280 0 0 169
281 0 0 169
282 0 0 169
283 0 0 169
284 0 0 169
285 0 0 169
286 0 0 169
287 0 0 169
288 0 0 169
289 0 0 169
290 0 0 169
291 0 0 169
292 0 0 169
293 0 0 169
294 0 0 169
295 0 0 169
296 0 0 169
297 0 0 169
298 0 0 169
299 0 0 169
300 0 0 169
