0 1 0 675
1 5 1 670
2 5 6 665
3 6 8 662
4 8 7 661
5 8 9 659
6 13 7 656
7 14 9 653
8 18 10 648
9 20 15 641
10 23 13 640
11 27 15 634
12 33 19 624
13 37 21 618
14 38 24 614
15 44 24 608
16 49 23 604
17 54 25 597
18 58 30 588
19 63 34 579
20 71 34 571
21 78 40 558
22 84 41 551
23 90 44 542
24 96 51 529
25 104 53 519
26 115 53 508
27 126 52 498
28 137 51 488
29 147 51 478
30 160 48 468
31 171 50 455
32 179 55 442
33 188 60 428
34 199 65 412
35 210 68 398
36 227 67 382
37 239 67 370
38 247 74 355
39 263 69 344
40 267 76 333
41 281 73 322
42 297 71 308
43 313 64 299
44 330 58 288
45 339 55 282
46 351 55 270
47 363 55 258
48 374 59 243
49 386 56 234
50 396 59 221
51 412 58 206
52 422 61 193
53 432 63 181
54 440 62 174
55 448 59 169
56 466 48 162
57 469 57 150
58 478 60 138
59 485 67 124
60 503 59 114
61 509 54 113
62 515 55 106
63 523 51 102
64 534 43 99
65 541 43 92
66 546 44 86
67 548 46 82
68 555 41 80
69 569 29 78
70 571 27 78
71 581 20 75
72 584 20 72
73 589 17 70
74 592 17 67
75 598 13 65
76 603 10 63
77 603 10 63
78 605 10 61
79 607 9 60
80 609 9 58
81 612 7 57
82 614 5 57
83 614 5 57
84 615 6 55
85 616 5 55
86 617 4 55
87 619 2 55
88 619 2 55
89 619 2 55
90 620 1 55
91 619 1 56
92 620 1 55
93 621 0 55
94 621 0 55
95 621 0 55
96 621 0 55
97 621 0 55
98 621 0 55
99 621 0 55
100 621 0 55
101 621 0 55
102 621 0 55
103 621 0 55
104 621 0 55
105 621 0 55
106 621 0 55
107 621 0 55
108 621 0 55
109 621 0 55
110 621 0 55
111 621 0 55
112 621 0 55
113 621 0 55
114 621 0 55
115 621 0 55
116 621 0 55
117 621 0 55
118 621 0 55
119 621 0 55
120 619 2 55
121 617 4 55
122 617 4 55
123 617 4 55
124 618 3 55
125 620 1 55
126 0 621 55
127 0 0 676
128 0 0 676
129 0 0 676
130 0 0 676
131 0 0 676
132 0 0 676
133 0 0 676
134 0 0 676
135 0 0 676
136 0 0 676
137 0 0 676
138 0 0 676
139 0 0 676
140 0 0 676
141 0 0 676
142 0 0 676
143 0 0 676
144 0 0 676
145 0 0 676
146 0 0 676
147 0 0 676
148 0 0 676
149 0 0 676
150 0 0 676
151 0 0 676
152 0 0 676
153 0 0 676
154 0 0 676
155 0 0 676
156 0 0 676
157 0 0 676
158 0 0 676
159 0 0 676
160 0 0 676
161 0 0 676
162 0 0 676
163 0 0 676
164 0 0 676
165 0 0 676
166 0 0 676
167 0 0 676
168 0 0 676
169 0 0 676
170 0 0 676
171 0 0 676
172 0 0 676
173 0 0 676
174 0 0 676
175 0 0 676
176 0 0 676
177 0 0 676
178 0 0 676
179 0 0 676
180 0 0 676
181 0 0 676
182 0 0 676
183 0 0 676
184 0 0 676
185 0 0 676
186 0 0 676
187 0 0 676
188 0 0 676
189 0 0 676
190 0 0 676
191 0 0 676
192 0 0 676
193 0 0 676
194 0 0 676
195 0 0 676
196 0 0 676
197 0 0 676
198 0 0 676
199 0 0 676
200 0 0 676
201 0 0 676
202 0 0 676
203 0 0 676
204 0 0 676
205 0 0 676
206 0 0 676
207 0 0 676
208 0 0 676
209 0 0 676
210 0 0 676
211 0 0 676
212 0 0 676
213 0 0 676
214 0 0 676
215 0 0 676
216 0 0 676
217 0 0 676
218 0 0 676
219 0 0 676
220 0 0 676
221 0 0 676
222 0 0 676
223 0 0 676
224 0 0 676
225 0 0 676
226 0 0 676
227 0 0 676
228 0 0 676
229 0 0 676
230 0 0 676
231 0 0 676
232 0 0 676
233 0 0 676
234 0 0 676
235 0 0 676
236 0 0 676
237 0 0 676
238 0 0 676
239 0 0 676
240 0 0 676
241 0 0 676
242 0 0 676
243 0 0 676
244 0 0 676
245 0 0 676
246 0 0 676
247 0 0 676
248 0 0 676
249 0 0 676
250 0 0 676
251 0 0 676
252 0 0 676
253 0 0 676
254 0 0 676
255 0 0 676
256 0 0 676
257 0 0 676
258 0 0 676
259 0 0 676
260 0 0 676
261 0 0 676
262 0 0 676
263 0 0 676
264 0 0 676
265 0 0 676
266 0 0 676
267 0 0 676
268 0 0 676
269 0 0 676
270 0 0 676
271 0 0 676
272 0 0 676
273 0 0 676
274 0 0 676
275 0 0 676
276 0 0 676
277 0 0 676
278 0 0 676
279 0 0 676
280 0 0 676
281 0 0 676
282 0 0 676
283 0 0 676
284 0 0 676
285 0 0 676
286 0 0 676
287 0 0 676
288 0 0 676
289 0 0 676
290 0 0 676
291 0 0 676
292 0 0 676
293 0 0 676
294 0 0 676
295 0 0 676
296 0 0 676
297 0 0 676
298 0 0 676
299 0 0 676
300 0 0 676
