0 1 0 675
1 1 0 675
2 1 1 674
3 1 1 674
4 1 1 674
5 1 2 673
6 2 2 672
7 3 1 672
8 3 1 672
9 3 2 671
10 4 1 671
11 4 3 669
12 4 5 667
13 4 7 665
14 4 9 663
15 7 7 662
16 11 6 659
17 11 8 657
18 12 9 655
19 12 10 654
20 14 11 651
21 15 14 647
22 16 15 645
23 17 20 639
24 20 18 638
25 21 22 633
26 26 22 628
27 28 22 626
28 30 25 621
29 34 26 616
30 39 27 610
31 41 30 605
32 44 32 600
33 49 29 598
34 54 33 589
35 64 33 579
36 68 32 576
37 73 34 569
38 83 35 558
39 89 38 549
40 96 40 540
41 99 45 532
42 106 44 526
43 113 44 519
44 116 48 512
45 122 52 502
46 131 55 490
47 140 55 481
48 148 53 475
49 160 51 465
50 166 52 458
51 172 59 445
52 182 56 438
53 195 62 419
54 204 65 407
55 213 69 394
56 220 71 385
57 233 77 366
58 244 79 353
59 258 74 344
60 272 70 334
61 285 75 316
62 296 74 306
63 307 72 297
64 320 69 287
65 332 71 273
66 346 73 257
67 358 72 246
68 368 74 234
69 381 71 224
70 392 65 219
71 401 66 209
72 412 65 199
73 419 67 190
74 432 62 182
75 440 63 173
76 451 69 156
77 461 69 146
78 473 62 141
79 477 64 135
80 494 55 127
81 502 55 119
82 515 52 109
83 523 52 101
84 532 49 95
85 541 42 93
86 550 37 89
87 554 35 87
88 561 31 84
89 567 29 80
90 572 24 80
91 548 45 83
92 554 43 79
93 562 40 74
94 569 35 72
95 573 32 71
96 579 30 67
97 567 40 69
98 572 36 68
99 575 36 65
100 579 32 65
101 550 61 65
102 562 50 64
103 568 45 63
104 574 41 61
105 579 37 60
106 0 616 60
107 0 605 71
108 0 593 83
109 0 600 76
110 0 0 676
111 0 0 676
112 0 0 676
113 0 0 676
114 0 0 676
115 0 0 676
116 0 0 676
117 0 0 676
118 0 0 676
119 0 0 676
120 0 0 676
121 0 0 676
122 0 0 676
123 0 0 676
124 0 0 676
125 0 0 676
126 0 0 676
127 0 0 676
128 0 0 676
129 0 0 676
130 0 0 676
131 0 0 676
132 0 0 676
133 0 0 676
134 0 0 676
135 0 0 676
136 0 0 676
137 0 0 676
138 0 0 676
139 0 0 676
140 0 0 676
141 0 0 676
142 0 0 676
143 0 0 676
144 0 0 676
145 0 0 676
146 0 0 676
147 0 0 676
148 0 0 676
149 0 0 676
150 0 0 676
151 0 0 676
152 0 0 676
153 0 0 676
154 0 0 676
155 0 0 676
156 0 0 676
157 0 0 676
158 0 0 676
159 0 0 676
160 0 0 676
161 0 0 676
162 0 0 676
163 0 0 676
164 0 0 676
165 0 0 676
166 0 0 676
167 0 0 676
168 0 0 676
169 0 0 676
170 0 0 676
171 0 0 676
172 0 0 676
173 0 0 676
174 0 0 676
175 0 0 676
176 0 0 676
177 0 0 676
178 0 0 676
179 0 0 676
180 0 0 676
181 0 0 676
182 0 0 676
183 0 0 676
184 0 0 676
185 0 0 676
186 0 0 676
187 0 0 676
188 0 0 676
189 0 0 676
190 0 0 676
191 0 0 676
192 0 0 676
193 0 0 676
194 0 0 676
195 0 0 676
196 0 0 676
197 0 0 676
198 0 0 676
199 0 0 676
200 0 0 676
201 0 0 676
202 0 0 676
203 0 0 676
204 0 0 676
205 0 0 676
206 0 0 676
207 0 0 676
208 0 0 676
209 0 0 676
210 0 0 676
211 0 0 676
212 0 0 676
213 0 0 676
214 0 0 676
215 0 0 676
216 0 0 676
217 0 0 676
218 0 0 676
219 0 0 676
220 0 0 676
221 0 0 676
222 0 0 676
223 0 0 676
224 0 0 676
225 0 0 676
226 0 0 676
227 0 0 676
228 0 0 676
229 0 0 676
230 0 0 676
231 0 0 676
232 0 0 676
233 0 0 676
234 0 0 676
235 0 0 676
236 0 0 676
237 0 0 676
238 0 0 676
239 0 0 676
240 0 0 676
241 0 0 676
242 0 0 676
243 0 0 676
244 0 0 676
245 0 0 676
246 0 0 676
247 0 0 676
248 0 0 676
249 0 0 676
250 0 0 676
251 0 0 676
252 0 0 676
253 0 0 676
254 0 0 676
255 0 0 676
256 0 0 676
257 0 0 676
258 0 0 676
259 0 0 676
260 0 0 676
261 0 0 676
262 0 0 676
263 0 0 676
264 0 0 676
265 0 0 676
266 0 0 676
267 0 0 676
268 0 0 676
269 0 0 676
270 0 0 676
271 0 0 676
272 0 0 676
273 0 0 676
274 0 0 676
275 0 0 676
276 0 0 676
277 0 0 676
278 0 0 676
279 0 0 676
280 0 0 676
281 0 0 676
282 0 0 676
283 0 0 676
284 0 0 676
285 0 0 676
286 0 0 676
287 0 0 676
288 0 0 676
289 0 0 676
290 0 0 676
291 0 0 676
292 0 0 676
293 0 0 676
294 0 0 676
295 0 0 676
296 0 0 676
297 0 0 676
298 0 0 676
299 0 0 676
300 0 0 676
