0 1 0 675
1 3 1 672
2 4 2 670
3 4 5 667
4 5 5 666
5 7 4 665
6 8 4 664
7 9 6 661
8 10 6 660
9 11 9 656
10 12 12 652
11 12 13 651
12 14 13 649
13 15 15 646
14 21 15 640
15 25 15 636
16 29 13 634
17 32 19 625
18 37 19 620
19 40 22 614
20 44 24 608
21 48 29 599
22 53 30 593
23 57 35 584
24 63 38 575
25 73 35 568
26 78 41 557
27 86 44 546
28 93 43 540
29 100 43 533
30 102 47 527
31 106 51 519
32 115 52 509
33 126 51 499
34 133 57 486
35 146 53 477
36 153 61 462
37 162 68 446
38 170 76 430
39 177 78 421
40 190 76 410
41 200 75 401
42 209 74 393
43 221 72 383
44 235 69 372
45 246 70 360
46 262 66 348
47 272 71 333
48 282 80 314
49 289 82 305
50 301 85 290
51 315 86 275
52 322 93 261
53 330 107 239
54 341 110 225
55 361 100 215
56 376 95 205
57 393 85 198
58 401 86 189
59 415 78 183
60 429 74 173
61 443 70 163
62 458 62 156
63 472 61 143
64 481 64 131
65 490 63 123
66 509 54 113
67 516 52 108
68 526 48 102
69 533 47 96
70 536 51 89
71 540 49 87
72 546 44 86
73 555 41 80
74 560 42 74
75 570 35 71
76 571 36 69
77 577 30 69
78 588 20 68
79 595 15 66
80 602 11 63
81 604 10 62
82 607 8 61
83 609 7 60
84 609 7 60
85 613 5 58
86 615 5 56
87 616 5 55
88 617 4 55
89 618 3 55
90 618 3 55
91 618 3 55
92 618 3 55
93 618 3 55
94 621 0 55
95 621 0 55
96 621 0 55
97 621 0 55
98 620 1 55
99 620 1 55
100 621 0 55
101 621 0 55
102 621 0 55
103 621 0 55
104 621 0 55
105 621 0 55
106 621 0 55
107 621 0 55
108 621 0 55
109 621 0 55
110 620 1 55
111 620 1 55
112 620 1 55
113 621 0 55
114 621 0 55
115 621 0 55
116 621 0 55
117 621 0 55
118 621 0 55
119 621 0 55
120 621 0 55
121 621 0 55
122 621 0 55
123 621 0 55
124 621 0 55
125 621 0 55
126 0 621 55
127 0 621 55
128 0 621 55
129 0 0 676
130 0 0 676
131 0 0 676
132 0 0 676
133 0 0 676
134 0 0 676
135 0 0 676
136 0 0 676
137 0 0 676
138 0 0 676
139 0 0 676
140 0 0 676
141 0 0 676
142 0 0 676
143 0 0 676
144 0 0 676
145 0 0 676
146 0 0 676
147 0 0 676
148 0 0 676
149 0 0 676
150 0 0 676
151 0 0 676
152 0 0 676
153 0 0 676
154 0 0 676
155 0 0 676
156 0 0 676
157 0 0 676
158 0 0 676
159 0 0 676
160 0 0 676
161 0 0 676
162 0 0 676
163 0 0 676
164 0 0 676
165 0 0 676
166 0 0 676
167 0 0 676
168 0 0 676
169 0 0 676
170 0 0 676
171 0 0 676
172 0 0 676
173 0 0 676
174 0 0 676
175 0 0 676
176 0 0 676
177 0 0 676
178 0 0 676
179 0 0 676
180 0 0 676
181 0 0 676
182 0 0 676
183 0 0 676
184 0 0 676
185 0 0 676
186 0 0 676
187 0 0 676
188 0 0 676
189 0 0 676
190 0 0 676
191 0 0 676
192 0 0 676
193 0 0 676
194 0 0 676
195 0 0 676
196 0 0 676
197 0 0 676
198 0 0 676
199 0 0 676
200 0 0 676
201 0 0 676
202 0 0 676
203 0 0 676
204 0 0 676
205 0 0 676
206 0 0 676
207 0 0 676
208 0 0 676
209 0 0 676
210 0 0 676
211 0 0 676
212 0 0 676
213 0 0 676
214 0 0 676
215 0 0 676
216 0 0 676
217 0 0 676
218 0 0 676
219 0 0 676
220 0 0 676
221 0 0 676
222 0 0 676
223 0 0 676
224 0 0 676
225 0 0 676
226 0 0 676
227 0 0 676
228 0 0 676
229 0 0 676
230 0 0 676
231 0 0 676
232 0 0 676
233 0 0 676
234 0 0 676
235 0 0 676
236 0 0 676
237 0 0 676
238 0 0 676
239 0 0 676
240 0 0 676
241 0 0 676
242 0 0 676
243 0 0 676
244 0 0 676
245 0 0 676
246 0 0 676
247 0 0 676
248 0 0 676
249 0 0 676
250 0 0 676
251 0 0 676
252 0 0 676
253 0 0 676
254 0 0 676
255 0 0 676
256 0 0 676
257 0 0 676
258 0 0 676
259 0 0 676
260 0 0 676
261 0 0 676
262 0 0 676
263 0 0 676
264 0 0 676
265 0 0 676
266 0 0 676
267 0 0 676
268 0 0 676
269 0 0 676
270 0 0 676
271 0 0 676
272 0 0 676
273 0 0 676
274 0 0 676
275 0 0 676
276 0 0 676
277 0 0 676
278 0 0 676
279 0 0 676
280 0 0 676
281 0 0 676
282 0 0 676
283 0 0 676
284 0 0 676
285 0 0 676
286 0 0 676
287 0 0 676
288 0 0 676
289 0 0 676
290 0 0 676
291 0 0 676
292 0 0 676
293 0 0 676
294 0 0 676
295 0 0 676
296 0 0 676
297 0 0 676
298 0 0 676
299 0 0 676
300 0 0 676
