0 1 0 675
1 5 0 671
2 5 2 669
3 6 3 667
4 8 3 665
5 8 6 662
6 11 7 658
7 13 7 656
8 17 9 650
9 21 7 648
10 24 10 642
11 25 12 639
12 30 10 636
13 35 11 630
14 38 13 625
15 41 18 617
16 47 19 610
17 51 20 605
18 56 21 599
19 64 19 593
20 72 15 589
21 78 18 580
22 82 22 572
23 89 26 561
24 97 32 547
25 111 25 540
26 118 31 527
27 126 31 519
28 134 33 509
29 144 37 495
30 160 30 486
31 168 37 471
32 175 40 461
33 184 44 448
34 199 37 440
35 213 40 423
36 223 43 410
37 236 48 392
38 246 50 380
39 263 48 365
40 279 51 346
41 289 49 338
42 303 50 323
43 312 56 308
44 322 63 291
45 333 65 278
46 342 66 268
47 361 56 259
48 375 58 243
49 389 56 231
50 396 68 212
51 409 68 199
52 421 67 188
53 437 64 175
54 453 59 164
55 466 59 151
56 480 54 142
57 490 52 134
58 501 53 122
59 513 51 112
60 524 44 108
61 530 45 101
62 546 39 91
63 551 42 83
64 564 31 81
65 571 26 79
66 578 24 74
67 581 21 74
68 585 21 70
69 594 16 66
70 596 17 63
71 598 15 63
72 605 9 62
73 607 8 61
74 608 9 59
75 611 7 58
76 613 5 58
77 615 4 57
78 616 4 56
79 616 4 56
80 619 1 56
81 619 2 55
82 619 2 55
83 620 1 55
84 621 0 55
85 621 0 55
86 621 0 55
87 621 0 55
88 621 0 55
89 621 0 55
90 621 0 55
91 621 0 55
92 621 0 55
93 621 0 55
94 621 0 55
95 621 0 55
96 621 0 55
97 621 0 55
98 621 0 55
99 621 0 55
100 621 0 55
101 621 0 55
102 621 0 55
103 621 0 55
104 621 0 55
105 621 0 55
106 621 0 55
107 621 0 55
108 621 0 55
109 621 0 55
110 621 0 55
111 621 0 55
112 621 0 55
113 621 0 55
114 621 0 55
115 621 0 55
116 621 0 55
117 621 0 55
118 621 0 55
119 615 6 55
120 0 621 55
121 0 621 55
122 0 621 55
123 0 618 58
124 0 0 676
125 0 0 676
126 0 0 676
127 0 0 676
128 0 0 676
129 0 0 676
130 0 0 676
131 0 0 676
132 0 0 676
133 0 0 676
134 0 0 676
135 0 0 676
136 0 0 676
137 0 0 676
138 0 0 676
139 0 0 676
140 0 0 676
141 0 0 676
142 0 0 676
143 0 0 676
144 0 0 676
145 0 0 676
146 0 0 676
147 0 0 676
148 0 0 676
149 0 0 676
150 0 0 676
151 0 0 676
152 0 0 676
153 0 0 676
154 0 0 676
155 0 0 676
156 0 0 676
157 0 0 676
158 0 0 676
159 0 0 676
160 0 0 676
161 0 0 676
162 0 0 676
163 0 0 676
164 0 0 676
165 0 0 676
166 0 0 676
167 0 0 676
168 0 0 676
169 0 0 676
170 0 0 676
171 0 0 676
172 0 0 676
173 0 0 676
174 0 0 676
175 0 0 676
176 0 0 676
177 0 0 676
178 0 0 676
179 0 0 676
180 0 0 676
181 0 0 676
182 0 0 676
183 0 0 676
184 0 0 676
185 0 0 676
186 0 0 676
187 0 0 676
188 0 0 676
189 0 0 676
190 0 0 676
191 0 0 676
192 0 0 676
193 0 0 676
194 0 0 676
195 0 0 676
196 0 0 676
197 0 0 676
198 0 0 676
199 0 0 676
200 0 0 676
201 0 0 676
202 0 0 676
203 0 0 676
204 0 0 676
205 0 0 676
206 0 0 676
207 0 0 676
208 0 0 676
209 0 0 676
210 0 0 676
211 0 0 676
212 0 0 676
213 0 0 676
214 0 0 676
215 0 0 676
216 0 0 676
217 0 0 676
218 0 0 676
219 0 0 676
220 0 0 676
221 0 0 676
222 0 0 676
223 0 0 676
224 0 0 676
225 0 0 676
226 0 0 676
227 0 0 676
228 0 0 676
229 0 0 676
230 0 0 676
231 0 0 676
232 0 0 676
233 0 0 676
234 0 0 676
235 0 0 676
236 0 0 676
237 0 0 676
238 0 0 676
239 0 0 676
240 0 0 676
241 0 0 676
242 0 0 676
243 0 0 676
244 0 0 676
245 0 0 676
246 0 0 676
247 0 0 676
248 0 0 676
249 0 0 676
250 0 0 676
251 0 0 676
252 0 0 676
253 0 0 676
254 0 0 676
255 0 0 676
256 0 0 676
257 0 0 676
258 0 0 676
259 0 0 676
260 0 0 676
261 0 0 676
262 0 0 676
263 0 0 676
264 0 0 676
265 0 0 676
266 0 0 676
267 0 0 676
268 0 0 676
269 0 0 676
270 0 0 676
271 0 0 676
272 0 0 676
273 0 0 676
274 0 0 676
275 0 0 676
276 0 0 676
277 0 0 676
278 0 0 676
279 0 0 676
280 0 0 676
281 0 0 676
282 0 0 676
283 0 0 676
284 0 0 676
285 0 0 676
286 0 0 676
287 0 0 676
288 0 0 676
289 0 0 676
290 0 0 676
291 0 0 676
292 0 0 676
293 0 0 676
294 0 0 676
295 0 0 676
296 0 0 676
297 0 0 676
298 0 0 676
299 0 0 676
300 0 0 676
