0 1 0 675
1 2 2 672
2 2 4 670
3 2 7 667
4 2 8 666
5 3 8 665
6 3 9 664
7 3 12 661
8 4 12 660
9 4 16 656
10 4 20 652
11 4 21 651
12 5 22 649
13 9 21 646
14 9 27 640
15 10 30 636
16 11 31 634
17 13 38 625
18 15 41 620
19 17 45 614
20 18 50 608
21 21 56 599
22 25 58 593
23 26 66 584
24 26 75 575
25 30 78 568
26 35 84 557
27 42 88 546
28 44 92 540
29 47 96 533
30 48 101 527
31 50 107 519
32 57 110 509
33 61 116 499
34 72 118 486
35 79 120 477
36 85 129 462
37 90 140 446
38 96 150 430
39 107 148 421
40 116 150 410
41 122 153 401
42 127 156 393
43 134 159 383
44 145 159 372
45 152 164 360
46 164 164 348
47 173 170 333
48 181 181 314
49 192 179 305
50 204 182 290
51 214 187 275
52 230 185 261
53 239 198 239
54 253 198 225
55 267 194 215
56 274 197 205
57 286 192 198
58 295 192 189
59 310 183 183
60 320 183 173
61 333 180 163
62 341 179 156
63 353 180 143
64 362 183 131
65 369 184 123
66 381 182 113
67 388 180 108
68 398 176 102
69 406 174 96
70 415 172 89
71 425 164 87
72 434 156 86
73 442 154 80
74 449 153 74
75 459 146 71
76 478 129 69
77 490 117 69
78 505 103 68
79 513 97 66
80 521 92 63
81 530 84 62
82 536 79 61
83 544 72 60
84 553 63 60
85 563 55 58
86 567 53 56
87 573 48 55
88 582 39 55
89 583 38 55
90 587 34 55
91 589 32 55
92 593 28 55
93 597 24 55
94 603 18 55
95 606 15 55
96 607 14 55
97 609 12 55
98 596 25 55
99 597 24 55
100 601 20 55
101 603 18 55
102 606 15 55
103 610 11 55
104 611 10 55
105 614 7 55
106 616 5 55
107 619 2 55
108 619 2 55
109 619 2 55
110 0 621 55
111 0 621 55
112 0 621 55
113 0 621 55
114 0 621 55
115 0 621 55
116 0 621 55
117 0 621 55
118 0 621 55
119 0 621 55
120 0 621 55
121 0 621 55
122 0 621 55
123 0 621 55
124 0 621 55
125 0 621 55
126 0 621 55
127 0 621 55
128 0 621 55
129 0 0 676
130 0 0 676
131 0 0 676
132 0 0 676
133 0 0 676
134 0 0 676
135 0 0 676
136 0 0 676
137 0 0 676
138 0 0 676
139 0 0 676
140 0 0 676
141 0 0 676
142 0 0 676
143 0 0 676
144 0 0 676
145 0 0 676
146 0 0 676
147 0 0 676
148 0 0 676
149 0 0 676
150 0 0 676
151 0 0 676
152 0 0 676
153 0 0 676
154 0 0 676
155 0 0 676
156 0 0 676
157 0 0 676
158 0 0 676
159 0 0 676
160 0 0 676
161 0 0 676
162 0 0 676
163 0 0 676
164 0 0 676
165 0 0 676
166 0 0 676
167 0 0 676
168 0 0 676
169 0 0 676
170 0 0 676
171 0 0 676
172 0 0 676
173 0 0 676
174 0 0 676
175 0 0 676
176 0 0 676
177 0 0 676
178 0 0 676
179 0 0 676
180 0 0 676
181 0 0 676
182 0 0 676
183 0 0 676
184 0 0 676
185 0 0 676
186 0 0 676
187 0 0 676
188 0 0 676
189 0 0 676
190 0 0 676
191 0 0 676
192 0 0 676
193 0 0 676
194 0 0 676
195 0 0 676
196 0 0 676
197 0 0 676
198 0 0 676
199 0 0 676
200 0 0 676
201 0 0 676
202 0 0 676
203 0 0 676
204 0 0 676
205 0 0 676
206 0 0 676
207 0 0 676
208 0 0 676
209 0 0 676
210 0 0 676
211 0 0 676
212 0 0 676
213 0 0 676
214 0 0 676
215 0 0 676
216 0 0 676
217 0 0 676
218 0 0 676
219 0 0 676
220 0 0 676
221 0 0 676
222 0 0 676
223 0 0 676
224 0 0 676
225 0 0 676
226 0 0 676
227 0 0 676
228 0 0 676
229 0 0 676
230 0 0 676
231 0 0 676
232 0 0 676
233 0 0 676
234 0 0 676
235 0 0 676
236 0 0 676
237 0 0 676
238 0 0 676
239 0 0 676
240 0 0 676
241 0 0 676
242 0 0 676
243 0 0 676
244 0 0 676
245 0 0 676
246 0 0 676
247 0 0 676
248 0 0 676
249 0 0 676
250 0 0 676
251 0 0 676
252 0 0 676
253 0 0 676
254 0 0 676
255 0 0 676
256 0 0 676
257 0 0 676
258 0 0 676
259 0 0 676
260 0 0 676
261 0 0 676
262 0 0 676
263 0 0 676
264 0 0 676
265 0 0 676
266 0 0 676
267 0 0 676
268 0 0 676
269 0 0 676
270 0 0 676
271 0 0 676
272 0 0 676
273 0 0 676
274 0 0 676
275 0 0 676
276 0 0 676
277 0 0 676
278 0 0 676
279 0 0 676
280 0 0 676
281 0 0 676
282 0 0 676
283 0 0 676
284 0 0 676
285 0 0 676
286 0 0 676
287 0 0 676
288 0 0 676
289 0 0 676
290 0 0 676
291 0 0 676
292 0 0 676
293 0 0 676
294 0 0 676
295 0 0 676
296 0 0 676
297 0 0 676
298 0 0 676
299 0 0 676
300 0 0 676
