0 0.0014792899408284023 0.0 0.9985207100591716
1 0.0073964497041420114 0.0014792899408284023 0.9911242603550295
2 0.0073964497041420114 0.008875739644970414 0.9837278106508875
3 0.010355029585798817 0.010355029585798817 0.9792899408284024
4 0.014792899408284023 0.008875739644970414 0.9763313609467456
5 0.016272189349112426 0.010355029585798817 0.9733727810650887
6 0.019230769230769232 0.011834319526627219 0.9689349112426036
7 0.022189349112426034 0.013313609467455622 0.9644970414201184
8 0.026627218934911243 0.016272189349112426 0.9571005917159763
9 0.03106508875739645 0.01775147928994083 0.9511834319526628
10 0.038461538461538464 0.016272189349112426 0.9452662721893491
11 0.04142011834319527 0.01775147928994083 0.9408284023668639
12 0.04881656804733728 0.019230769230769232 0.9319526627218935
13 0.05473372781065089 0.020710059171597635 0.9245562130177515
14 0.060650887573964495 0.022189349112426034 0.9171597633136095
15 0.0650887573964497 0.03106508875739645 0.9038461538461539
16 0.07396449704142012 0.028106508875739646 0.8979289940828402
17 0.08431952662721894 0.03254437869822485 0.8831360946745562
18 0.09467455621301775 0.03254437869822485 0.8727810650887574
19 0.10502958579881656 0.03698224852071006 0.8579881656804734
20 0.11094674556213018 0.04142011834319527 0.8476331360946746
21 0.11834319526627218 0.04437869822485207 0.8372781065088757
22 0.1301775147928994 0.04881656804733728 0.8210059171597633
23 0.14053254437869822 0.04881656804733728 0.8106508875739645
24 0.16124260355029585 0.04142011834319527 0.7973372781065089
25 0.1760355029585799 0.03698224852071006 0.7869822485207101
26 0.1863905325443787 0.038461538461538464 0.7751479289940828
27 0.1997041420118343 0.034023668639053255 0.7662721893491125
28 0.20414201183431951 0.05473372781065089 0.7411242603550295
29 0.22633136094674555 0.05325443786982249 0.7204142011834319
30 0.2411242603550296 0.060650887573964495 0.6982248520710059
31 0.2529585798816568 0.060650887573964495 0.6863905325443787
32 0.26627218934911245 0.07248520710059171 0.6612426035502958
33 0.29289940828402367 0.05917159763313609 0.6479289940828402
34 0.3047337278106509 0.06656804733727811 0.628698224852071
35 0.3239644970414201 0.0621301775147929 0.613905325443787
36 0.34171597633136097 0.057692307692307696 0.6005917159763313
37 0.35650887573964496 0.060650887573964495 0.5828402366863905
38 0.3772189349112426 0.06360946745562131 0.5591715976331361
39 0.3875739644970414 0.07396449704142012 0.5384615384615384
40 0.40384615384615385 0.07988165680473373 0.5162721893491125
41 0.4260355029585799 0.08579881656804733 0.4881656804733728
42 0.4556213017751479 0.07100591715976332 0.47337278106508873
43 0.46745562130177515 0.07988165680473373 0.4526627218934911
44 0.47928994082840237 0.08579881656804733 0.4349112426035503
45 0.5059171597633136 0.08284023668639054 0.41124260355029585
46 0.5295857988165681 0.07544378698224852 0.39497041420118345
47 0.5458579881656804 0.07840236686390532 0.3757396449704142
48 0.5591715976331361 0.07544378698224852 0.36538461538461536
49 0.5739644970414202 0.07988165680473373 0.34615384615384615
50 0.5902366863905325 0.07692307692307693 0.3328402366863905
51 0.6035502958579881 0.07692307692307693 0.31952662721893493
52 0.6257396449704142 0.08284023668639054 0.29142011834319526
53 0.6479289940828402 0.08136094674556213 0.27071005917159763
54 0.6612426035502958 0.08579881656804733 0.2529585798816568
55 0.6745562130177515 0.09171597633136094 0.23372781065088757
56 0.6967455621301775 0.08875739644970414 0.21449704142011836
57 0.7144970414201184 0.08727810650887574 0.19822485207100593
58 0.7322485207100592 0.08284023668639054 0.1849112426035503
59 0.7470414201183432 0.07396449704142012 0.17899408284023668
60 0.764792899408284 0.07100591715976332 0.16420118343195267
61 0.7840236686390533 0.05917159763313609 0.15680473372781065
62 0.7928994082840237 0.05621301775147929 0.15088757396449703
63 0.8062130177514792 0.04881656804733728 0.14497041420118342
64 0.8210059171597633 0.047337278106508875 0.13165680473372782
65 0.8254437869822485 0.04881656804733728 0.1257396449704142
66 0.8372781065088757 0.04437869822485207 0.11834319526627218
67 0.8476331360946746 0.03698224852071006 0.11538461538461539
68 0.8535502958579881 0.03550295857988166 0.11094674556213018
69 0.8653846153846154 0.034023668639053255 0.10059171597633136
70 0.8757396449704142 0.028106508875739646 0.09615384615384616
71 0.8831360946745562 0.020710059171597635 0.09615384615384616
72 0.8875739644970414 0.019230769230769232 0.09319526627218935
73 0.8949704142011834 0.016272189349112426 0.08875739644970414
74 0.8964497041420119 0.016272189349112426 0.08727810650887574
75 0.9038461538461539 0.008875739644970414 0.08727810650887574
76 0.908284023668639 0.0073964497041420114 0.08431952662721894
77 0.9127218934911243 0.004437869822485207 0.08284023668639054
78 0.9127218934911243 0.004437869822485207 0.08284023668639054
79 0.9142011834319527 0.0029585798816568047 0.08284023668639054
80 0.9142011834319527 0.004437869822485207 0.08136094674556213
81 0.9142011834319527 0.004437869822485207 0.08136094674556213
82 0.9142011834319527 0.004437869822485207 0.08136094674556213
83 0.9186390532544378 0.0 0.08136094674556213
84 0.9186390532544378 0.0 0.08136094674556213
85 0.9186390532544378 0.0 0.08136094674556213
86 0.9186390532544378 0.0 0.08136094674556213
87 0.9186390532544378 0.0 0.08136094674556213
88 0.9186390532544378 0.0 0.08136094674556213
89 0.9186390532544378 0.0 0.08136094674556213
90 0.9186390532544378 0.0 0.08136094674556213
91 0.9186390532544378 0.0 0.08136094674556213
92 0.9186390532544378 0.0 0.08136094674556213
93 0.9186390532544378 0.0 0.08136094674556213
94 0.9186390532544378 0.0 0.08136094674556213
95 0.9186390532544378 0.0 0.08136094674556213
96 0.9186390532544378 0.0 0.08136094674556213
97 0.9186390532544378 0.0 0.08136094674556213
98 0.9186390532544378 0.0 0.08136094674556213
99 0.9186390532544378 0.0 0.08136094674556213
100 0.9186390532544378 0.0 0.08136094674556213
101 0.9186390532544378 0.0 0.08136094674556213
102 0.9186390532544378 0.0 0.08136094674556213
103 0.9186390532544378 0.0 0.08136094674556213
104 0.9186390532544378 0.0 0.08136094674556213
105 0.9186390532544378 0.0 0.08136094674556213
106 0.9186390532544378 0.0 0.08136094674556213
107 0.9186390532544378 0.0 0.08136094674556213
108 0.9186390532544378 0.0 0.08136094674556213
109 0.9186390532544378 0.0 0.08136094674556213
110 0.9186390532544378 0.0 0.08136094674556213
111 0.9142011834319527 0.004437869822485207 0.08136094674556213
112 0.0 0.915680473372781 0.08431952662721894
113 0.0 0.915680473372781 0.08431952662721894
114 0.0 0.9171597633136095 0.08284023668639054
115 0.0 0.0 1.0
116 0.0 0.0 1.0
117 0.0 0.0 1.0
118 0.0 0.0 1.0
119 0.0 0.0 1.0
120 0.0 0.0 1.0
121 0.0 0.0 1.0
122 0.0 0.0 1.0
123 0.0 0.0 1.0
124 0.0 0.0 1.0
125 0.0 0.0 1.0
126 0.0 0.0 1.0
127 0.0 0.0 1.0
128 0.0 0.0 1.0
129 0.0 0.0 1.0
130 0.0 0.0 1.0
131 0.0 0.0 1.0
132 0.0 0.0 1.0
133 0.0 0.0 1.0
134 0.0 0.0 1.0
135 0.0 0.0 1.0
136 0.0 0.0 1.0
137 0.0 0.0 1.0
138 0.0 0.0 1.0
139 0.0 0.0 1.0
140 0.0 0.0 1.0
141 0.0 0.0 1.0
142 0.0 0.0 1.0
143 0.0 0.0 1.0
144 0.0 0.0 1.0
145 0.0 0.0 1.0
146 0.0 0.0 1.0
147 0.0 0.0 1.0
148 0.0 0.0 1.0
149 0.0 0.0 1.0
150 0.0 0.0 1.0
151 0.0 0.0 1.0
152 0.0 0.0 1.0
153 0.0 0.0 1.0
154 0.0 0.0 1.0
155 0.0 0.0 1.0
156 0.0 0.0 1.0
157 0.0 0.0 1.0
158 0.0 0.0 1.0
159 0.0 0.0 1.0
160 0.0 0.0 1.0
161 0.0 0.0 1.0
162 0.0 0.0 1.0
163 0.0 0.0 1.0
164 0.0 0.0 1.0
165 0.0 0.0 1.0
166 0.0 0.0 1.0
167 0.0 0.0 1.0
168 0.0 0.0 1.0
169 0.0 0.0 1.0
170 0.0 0.0 1.0
171 0.0 0.0 1.0
172 0.0 0.0 1.0
173 0.0 0.0 1.0
174 0.0 0.0 1.0
175 0.0 0.0 1.0
176 0.0 0.0 1.0
177 0.0 0.0 1.0
178 0.0 0.0 1.0
179 0.0 0.0 1.0
180 0.0 0.0 1.0
181 0.0 0.0 1.0
182 0.0 0.0 1.0
183 0.0 0.0 1.0
184 0.0 0.0 1.0
185 0.0 0.0 1.0
186 0.0 0.0 1.0
187 0.0 0.0 1.0
188 0.0 0.0 1.0
189 0.0 0.0 1.0
190 0.0 0.0 1.0
191 0.0 0.0 1.0
192 0.0 0.0 1.0
193 0.0 0.0 1.0
194 0.0 0.0 1.0
195 0.0 0.0 1.0
196 0.0 0.0 1.0
197 0.0 0.0 1.0
198 0.0 0.0 1.0
199 0.0 0.0 1.0
200 0.0 0.0 1.0
201 0.0 0.0 1.0
202 0.0 0.0 1.0
203 0.0 0.0 1.0
204 0.0 0.0 1.0
205 0.0 0.0 1.0
206 0.0 0.0 1.0
207 0.0 0.0 1.0
208 0.0 0.0 1.0
209 0.0 0.0 1.0
210 0.0 0.0 1.0
211 0.0 0.0 1.0
212 0.0 0.0 1.0
213 0.0 0.0 1.0
214 0.0 0.0 1.0
215 0.0 0.0 1.0
216 0.0 0.0 1.0
217 0.0 0.0 1.0
218 0.0 0.0 1.0
219 0.0 0.0 1.0
220 0.0 0.0 1.0
221 0.0 0.0 1.0
222 0.0 0.0 1.0
223 0.0 0.0 1.0
224 0.0 0.0 1.0
225 0.0 0.0 1.0
226 0.0 0.0 1.0
227 0.0 0.0 1.0
228 0.0 0.0 1.0
229 0.0 0.0 1.0
230 0.0 0.0 1.0
231 0.0 0.0 1.0
232 0.0 0.0 1.0
233 0.0 0.0 1.0
234 0.0 0.0 1.0
235 0.0 0.0 1.0
236 0.0 0.0 1.0
237 0.0 0.0 1.0
238 0.0 0.0 1.0
239 0.0 0.0 1.0
240 0.0 0.0 1.0
241 0.0 0.0 1.0
242 0.0 0.0 1.0
243 0.0 0.0 1.0
244 0.0 0.0 1.0
245 0.0 0.0 1.0
246 0.0 0.0 1.0
247 0.0 0.0 1.0
248 0.0 0.0 1.0
249 0.0 0.0 1.0
250 0.0 0.0 1.0
251 0.0 0.0 1.0
252 0.0 0.0 1.0
253 0.0 0.0 1.0
254 0.0 0.0 1.0
255 0.0 0.0 1.0
256 0.0 0.0 1.0
257 0.0 0.0 1.0
258 0.0 0.0 1.0
259 0.0 0.0 1.0
260 0.0 0.0 1.0
261 0.0 0.0 1.0
262 0.0 0.0 1.0
263 0.0 0.0 1.0
264 0.0 0.0 1.0
265 0.0 0.0 1.0
266 0.0 0.0 1.0
267 0.0 0.0 1.0
268 0.0 0.0 1.0
269 0.0 0.0 1.0
270 0.0 0.0 1.0
271 0.0 0.0 1.0
272 0.0 0.0 1.0
273 0.0 0.0 1.0
274 0.0 0.0 1.0
275 0.0 0.0 1.0
276 0.0 0.0 1.0
277 0.0 0.0 1.0
278 0.0 0.0 1.0
279 0.0 0.0 1.0
280 0.0 0.0 1.0
281 0.0 0.0 1.0
282 0.0 0.0 1.0
283 0.0 0.0 1.0
284 0.0 0.0 1.0
285 0.0 0.0 1.0
286 0.0 0.0 1.0
287 0.0 0.0 1.0
288 0.0 0.0 1.0
289 0.0 0.0 1.0
290 0.0 0.0 1.0
291 0.0 0.0 1.0
292 0.0 0.0 1.0
293 0.0 0.0 1.0
294 0.0 0.0 1.0
295 0.0 0.0 1.0
296 0.0 0.0 1.0
297 0.0 0.0 1.0
298 0.0 0.0 1.0
299 0.0 0.0 1.0
300 0.0 0.0 1.0
