0 0.0014792899408284023 0.0 0.9985207100591716
1 0.0014792899408284023 0.0 0.9985207100591716
2 0.0014792899408284023 0.0 0.9985207100591716
3 0.0014792899408284023 0.0 0.9985207100591716
4 0.0014792899408284023 0.0 0.9985207100591716
5 0.0014792899408284023 0.0 0.9985207100591716
6 0.0014792899408284023 0.0 0.9985207100591716
7 0.0014792899408284023 0.0 0.9985207100591716
8 0.0014792899408284023 0.0 0.9985207100591716
9 0.0014792899408284023 0.0014792899408284023 0.9970414201183432
10 0.0014792899408284023 0.0029585798816568047 0.9955621301775148
11 0.0029585798816568047 0.0014792899408284023 0.9955621301775148
12 0.004437869822485207 0.0014792899408284023 0.9940828402366864
13 0.005917159763313609 0.0029585798816568047 0.9911242603550295
14 0.0073964497041420114 0.0014792899408284023 0.9911242603550295
15 0.0073964497041420114 0.004437869822485207 0.9881656804733728
16 0.0073964497041420114 0.004437869822485207 0.9881656804733728
17 0.008875739644970414 0.004437869822485207 0.9866863905325444
18 0.010355029585798817 0.005917159763313609 0.9837278106508875
19 0.011834319526627219 0.008875739644970414 0.9792899408284024
20 0.014792899408284023 0.008875739644970414 0.9763313609467456
21 0.016272189349112426 0.0073964497041420114 0.9763313609467456
22 0.01775147928994083 0.011834319526627219 0.9704142011834319
23 0.019230769230769232 0.014792899408284023 0.9659763313609467
24 0.022189349112426034 0.013313609467455622 0.9644970414201184
25 0.023668639053254437 0.01775147928994083 0.9585798816568047
26 0.028106508875739646 0.019230769230769232 0.9526627218934911
27 0.03106508875739645 0.01775147928994083 0.9511834319526628
28 0.034023668639053255 0.022189349112426034 0.9437869822485208
29 0.038461538461538464 0.028106508875739646 0.9334319526627219
30 0.04437869822485207 0.02514792899408284 0.9304733727810651
31 0.05029585798816568 0.023668639053254437 0.9260355029585798
32 0.05621301775147929 0.028106508875739646 0.915680473372781
33 0.06360946745562131 0.026627218934911243 0.9097633136094675
34 0.06656804733727811 0.03698224852071006 0.8964497041420119
35 0.07248520710059171 0.03994082840236687 0.8875739644970414
36 0.07988165680473373 0.03698224852071006 0.8831360946745562
37 0.08727810650887574 0.03550295857988166 0.8772189349112426
38 0.09763313609467456 0.03106508875739645 0.871301775147929
39 0.10502958579881656 0.03550295857988166 0.8594674556213018
40 0.10946745562130178 0.03698224852071006 0.8535502958579881
41 0.11686390532544379 0.04142011834319527 0.841715976331361
42 0.12721893491124261 0.05029585798816568 0.8224852071005917
43 0.14201183431952663 0.047337278106508875 0.8106508875739645
44 0.14940828402366865 0.04881656804733728 0.8017751479289941
45 0.16568047337278108 0.04437869822485207 0.7899408284023669
46 0.1834319526627219 0.03550295857988166 0.7810650887573964
47 0.1893491124260355 0.03994082840236687 0.7707100591715976
48 0.19822485207100593 0.04881656804733728 0.7529585798816568
49 0.20710059171597633 0.057692307692307696 0.735207100591716
50 0.22189349112426035 0.05473372781065089 0.7233727810650887
51 0.23076923076923078 0.060650887573964495 0.7085798816568047
52 0.2485207100591716 0.06360946745562131 0.6878698224852071
53 0.25443786982248523 0.07100591715976332 0.6745562130177515
54 0.2692307692307692 0.07396449704142012 0.6568047337278107
55 0.28550295857988167 0.07248520710059171 0.6420118343195266
56 0.2973372781065089 0.07544378698224852 0.6272189349112426
57 0.3032544378698225 0.08579881656804733 0.6109467455621301
58 0.3239644970414201 0.07840236686390532 0.5976331360946746
59 0.33136094674556216 0.08579881656804733 0.5828402366863905
60 0.34615384615384615 0.08579881656804733 0.5680473372781065
61 0.363905325443787 0.08727810650887574 0.5488165680473372
62 0.3772189349112426 0.09763313609467456 0.5251479289940828
63 0.40088757396449703 0.09763313609467456 0.5014792899408284
64 0.4171597633136095 0.09319526627218935 0.4896449704142012
65 0.4334319526627219 0.09023668639053255 0.47633136094674555
66 0.4526627218934911 0.08875739644970414 0.45857988165680474
67 0.47041420118343197 0.08431952662721894 0.4452662721893491
68 0.48372781065088755 0.08875739644970414 0.4275147928994083
69 0.5059171597633136 0.08136094674556213 0.41272189349112426
70 0.5251479289940828 0.08727810650887574 0.3875739644970414
71 0.5443786982248521 0.08727810650887574 0.3683431952662722
72 0.5606508875739645 0.07988165680473373 0.3594674556213018
73 0.5710059171597633 0.08284023668639054 0.34615384615384615
74 0.5931952662721893 0.07544378698224852 0.33136094674556216
75 0.606508875739645 0.07248520710059171 0.3210059171597633
76 0.6257396449704142 0.07544378698224852 0.2988165680473373
77 0.6464497041420119 0.0695266272189349 0.28402366863905326
78 0.658284023668639 0.07396449704142012 0.2677514792899408
79 0.6730769230769231 0.07692307692307693 0.25
80 0.6923076923076923 0.07396449704142012 0.23372781065088757
81 0.7115384615384616 0.07100591715976332 0.21745562130177515
82 0.7218934911242604 0.06656804733727811 0.21153846153846154
83 0.7307692307692307 0.0650887573964497 0.20414201183431951
84 0.7529585798816568 0.05473372781065089 0.19230769230769232
85 0.7677514792899408 0.057692307692307696 0.17455621301775148
86 0.7810650887573964 0.05029585798816568 0.16863905325443787
87 0.7914201183431953 0.04585798816568047 0.16272189349112426
88 0.7988165680473372 0.04881656804733728 0.15236686390532544
89 0.8091715976331361 0.047337278106508875 0.14349112426035504
90 0.8195266272189349 0.04437869822485207 0.13609467455621302
91 0.7781065088757396 0.07840236686390532 0.14349112426035504
92 0.7884615384615384 0.07544378698224852 0.13609467455621302
93 0.8032544378698225 0.06656804733727811 0.1301775147928994
94 0.8150887573964497 0.06360946745562131 0.12130177514792899
95 0.8224852071005917 0.06804733727810651 0.10946745562130178
96 0.8269230769230769 0.06804733727810651 0.10502958579881656
97 0.8431952662721893 0.057692307692307696 0.09911242603550297
98 0.8550295857988166 0.05029585798816568 0.09467455621301775
99 0.0 0.900887573964497 0.09911242603550297
100 0.0 0.9053254437869822 0.09467455621301775
101 0.0 0.0 1.0
102 0.0 0.0 1.0
103 0.0 0.0 1.0
104 0.0 0.0 1.0
105 0.0 0.0 1.0
106 0.0 0.0 1.0
107 0.0 0.0 1.0
108 0.0 0.0 1.0
109 0.0 0.0 1.0
110 0.0 0.0 1.0
111 0.0 0.0 1.0
112 0.0 0.0 1.0
113 0.0 0.0 1.0
114 0.0 0.0 1.0
115 0.0 0.0 1.0
116 0.0 0.0 1.0
117 0.0 0.0 1.0
118 0.0 0.0 1.0
119 0.0 0.0 1.0
120 0.0 0.0 1.0
121 0.0 0.0 1.0
122 0.0 0.0 1.0
123 0.0 0.0 1.0
124 0.0 0.0 1.0
125 0.0 0.0 1.0
126 0.0 0.0 1.0
127 0.0 0.0 1.0
128 0.0 0.0 1.0
129 0.0 0.0 1.0
130 0.0 0.0 1.0
131 0.0 0.0 1.0
132 0.0 0.0 1.0
133 0.0 0.0 1.0
134 0.0 0.0 1.0
135 0.0 0.0 1.0
136 0.0 0.0 1.0
137 0.0 0.0 1.0
138 0.0 0.0 1.0
139 0.0 0.0 1.0
140 0.0 0.0 1.0
141 0.0 0.0 1.0
142 0.0 0.0 1.0
143 0.0 0.0 1.0
144 0.0 0.0 1.0
145 0.0 0.0 1.0
146 0.0 0.0 1.0
147 0.0 0.0 1.0
148 0.0 0.0 1.0
149 0.0 0.0 1.0
150 0.0 0.0 1.0
151 0.0 0.0 1.0
152 0.0 0.0 1.0
153 0.0 0.0 1.0
154 0.0 0.0 1.0
155 0.0 0.0 1.0
156 0.0 0.0 1.0
157 0.0 0.0 1.0
158 0.0 0.0 1.0
159 0.0 0.0 1.0
160 0.0 0.0 1.0
161 0.0 0.0 1.0
162 0.0 0.0 1.0
163 0.0 0.0 1.0
164 0.0 0.0 1.0
165 0.0 0.0 1.0
166 0.0 0.0 1.0
167 0.0 0.0 1.0
168 0.0 0.0 1.0
169 0.0 0.0 1.0
170 0.0 0.0 1.0
171 0.0 0.0 1.0
172 0.0 0.0 1.0
173 0.0 0.0 1.0
174 0.0 0.0 1.0
175 0.0 0.0 1.0
176 0.0 0.0 1.0
177 0.0 0.0 1.0
178 0.0 0.0 1.0
179 0.0 0.0 1.0
180 0.0 0.0 1.0
181 0.0 0.0 1.0
182 0.0 0.0 1.0
183 0.0 0.0 1.0
184 0.0 0.0 1.0
185 0.0 0.0 1.0
186 0.0 0.0 1.0
187 0.0 0.0 1.0
188 0.0 0.0 1.0
189 0.0 0.0 1.0
190 0.0 0.0 1.0
191 0.0 0.0 1.0
192 0.0 0.0 1.0
193 0.0 0.0 1.0
194 0.0 0.0 1.0
195 0.0 0.0 1.0
196 0.0 0.0 1.0
197 0.0 0.0 1.0
198 0.0 0.0 1.0
199 0.0 0.0 1.0
200 0.0 0.0 1.0
201 0.0 0.0 1.0
202 0.0 0.0 1.0
203 0.0 0.0 1.0
204 0.0 0.0 1.0
205 0.0 0.0 1.0
206 0.0 0.0 1.0
207 0.0 0.0 1.0
208 0.0 0.0 1.0
209 0.0 0.0 1.0
210 0.0 0.0 1.0
211 0.0 0.0 1.0
212 0.0 0.0 1.0
213 0.0 0.0 1.0
214 0.0 0.0 1.0
215 0.0 0.0 1.0
216 0.0 0.0 1.0
217 0.0 0.0 1.0
218 0.0 0.0 1.0
219 0.0 0.0 1.0
220 0.0 0.0 1.0
221 0.0 0.0 1.0
222 0.0 0.0 1.0
223 0.0 0.0 1.0
224 0.0 0.0 1.0
225 0.0 0.0 1.0
226 0.0 0.0 1.0
227 0.0 0.0 1.0
228 0.0 0.0 1.0
229 0.0 0.0 1.0
230 0.0 0.0 1.0
231 0.0 0.0 1.0
232 0.0 0.0 1.0
233 0.0 0.0 1.0
234 0.0 0.0 1.0
235 0.0 0.0 1.0
236 0.0 0.0 1.0
237 0.0 0.0 1.0
238 0.0 0.0 1.0
239 0.0 0.0 1.0
240 0.0 0.0 1.0
241 0.0 0.0 1.0
242 0.0 0.0 1.0
243 0.0 0.0 1.0
244 0.0 0.0 1.0
245 0.0 0.0 1.0
246 0.0 0.0 1.0
247 0.0 0.0 1.0
248 0.0 0.0 1.0
249 0.0 0.0 1.0
250 0.0 0.0 1.0
251 0.0 0.0 1.0
252 0.0 0.0 1.0
253 0.0 0.0 1.0
254 0.0 0.0 1.0
255 0.0 0.0 1.0
256 0.0 0.0 1.0
257 0.0 0.0 1.0
258 0.0 0.0 1.0
259 0.0 0.0 1.0
260 0.0 0.0 1.0
261 0.0 0.0 1.0
262 0.0 0.0 1.0
263 0.0 0.0 1.0
264 0.0 0.0 1.0
265 0.0 0.0 1.0
266 0.0 0.0 1.0
267 0.0 0.0 1.0
268 0.0 0.0 1.0
269 0.0 0.0 1.0
270 0.0 0.0 1.0
271 0.0 0.0 1.0
272 0.0 0.0 1.0
273 0.0 0.0 1.0
274 0.0 0.0 1.0
275 0.0 0.0 1.0
276 0.0 0.0 1.0
277 0.0 0.0 1.0
278 0.0 0.0 1.0
279 0.0 0.0 1.0
280 0.0 0.0 1.0
281 0.0 0.0 1.0
282 0.0 0.0 1.0
283 0.0 0.0 1.0
284 0.0 0.0 1.0
285 0.0 0.0 1.0
286 0.0 0.0 1.0
287 0.0 0.0 1.0
288 0.0 0.0 1.0
289 0.0 0.0 1.0
290 0.0 0.0 1.0
291 0.0 0.0 1.0
292 0.0 0.0 1.0
293 0.0 0.0 1.0
294 0.0 0.0 1.0
295 0.0 0.0 1.0
296 0.0 0.0 1.0
297 0.0 0.0 1.0
298 0.0 0.0 1.0
299 0.0 0.0 1.0
300 0.0 0.0 1.0
