0 1 0 675
1 1 0 675
2 1 0 675
3 1 0 675
4 1 0 675
5 1 0 675
6 1 0 675
7 1 1 674
8 1 2 673
9 1 2 673
10 1 2 673
11 1 2 673
12 1 2 673
13 1 3 672
14 1 3 672
15 2 3 671
16 2 4 670
17 2 4 670
18 2 6 668
19 2 6 668
20 2 9 665
21 3 9 664
22 4 8 664
23 6 10 660
24 6 11 659
25 7 11 658
26 8 13 655
27 8 14 654
28 9 18 649
29 9 19 648
30 13 18 645
31 15 19 642
32 15 26 635
33 18 24 634
34 24 21 631
35 25 26 625
36 26 30 620
37 30 29 617
38 32 32 612
39 36 39 601
40 41 38 597
41 44 43 589
42 45 46 585
43 51 44 581
44 56 45 575
45 59 54 563
46 63 59 554
47 69 61 546
48 74 66 536
49 79 67 530
50 83 74 519
51 93 71 512
52 99 72 505
53 107 76 493
54 114 79 483
55 118 90 468
56 128 89 459
57 135 96 445
58 142 96 438
59 150 98 428
60 156 107 413
61 165 104 407
62 170 108 398
63 179 114 383
64 186 114 376
65 198 110 368
66 206 108 362
67 213 113 350
68 222 109 345
69 228 109 339
70 244 107 325
71 258 105 313
72 269 103 304
73 279 101 296
74 285 104 287
75 298 100 278
76 313 99 264
77 320 99 257
78 329 96 251
79 340 92 244
80 355 87 234
81 366 94 216
82 380 88 208
83 390 88 198
84 398 95 183
85 415 92 169
86 418 106 152
87 425 107 144
88 442 105 129
89 454 96 126
90 462 93 121
91 475 84 117
92 484 82 110
93 489 84 103
94 497 78 101
95 507 74 95
96 516 73 87
97 521 71 84
98 0 530 146
99 0 541 135
100 0 545 131
101 0 553 123
102 0 560 116
103 0 571 105
104 0 575 101
105 0 577 99
106 0 583 93
107 0 589 87
108 0 596 80
109 0 603 73
110 0 0 676
111 0 0 676
112 0 0 676
113 0 0 676
114 0 0 676
115 0 0 676
116 0 0 676
117 0 0 676
118 0 0 676
119 0 0 676
120 0 0 676
121 0 0 676
122 0 0 676
123 0 0 676
124 0 0 676
125 0 0 676
126 0 0 676
127 0 0 676
128 0 0 676
129 0 0 676
130 0 0 676
131 0 0 676
132 0 0 676
133 0 0 676
134 0 0 676
135 0 0 676
136 0 0 676
137 0 0 676
138 0 0 676
139 0 0 676
140 0 0 676
141 0 0 676
142 0 0 676
143 0 0 676
144 0 0 676
145 0 0 676
146 0 0 676
147 0 0 676
148 0 0 676
149 0 0 676
150 0 0 676
151 0 0 676
152 0 0 676
153 0 0 676
154 0 0 676
155 0 0 676
156 0 0 676
157 0 0 676
158 0 0 676
159 0 0 676
160 0 0 676
161 0 0 676
162 0 0 676
163 0 0 676
164 0 0 676
165 0 0 676
166 0 0 676
167 0 0 676
168 0 0 676
169 0 0 676
170 0 0 676
171 0 0 676
172 0 0 676
173 0 0 676
174 0 0 676
175 0 0 676
176 0 0 676
177 0 0 676
178 0 0 676
179 0 0 676
180 0 0 676
181 0 0 676
182 0 0 676
183 0 0 676
184 0 0 676
185 0 0 676
186 0 0 676
187 0 0 676
188 0 0 676
189 0 0 676
190 0 0 676
191 0 0 676
192 0 0 676
193 0 0 676
194 0 0 676
195 0 0 676
196 0 0 676
197 0 0 676
198 0 0 676
199 0 0 676
200 0 0 676
201 0 0 676
202 0 0 676
203 0 0 676
204 0 0 676
205 0 0 676
206 0 0 676
207 0 0 676
208 0 0 676
209 0 0 676
210 0 0 676
211 0 0 676
212 0 0 676
213 0 0 676
214 0 0 676
215 0 0 676
216 0 0 676
217 0 0 676
218 0 0 676
219 0 0 676
220 0 0 676
221 0 0 676
222 0 0 676
223 0 0 676
224 0 0 676
225 0 0 676
226 0 0 676
227 0 0 676
228 0 0 676
229 0 0 676
230 0 0 676
231 0 0 676
232 0 0 676
233 0 0 676
234 0 0 676
235 0 0 676
236 0 0 676
237 0 0 676
238 0 0 676
239 0 0 676
240 0 0 676
241 0 0 676
242 0 0 676
243 0 0 676
244 0 0 676
245 0 0 676
246 0 0 676
247 0 0 676
248 0 0 676
249 0 0 676
250 0 0 676
251 0 0 676
252 0 0 676
253 0 0 676
254 0 0 676
255 0 0 676
256 0 0 676
257 0 0 676
258 0 0 676
259 0 0 676
260 0 0 676
261 0 0 676
262 0 0 676
263 0 0 676
264 0 0 676
265 0 0 676
266 0 0 676
267 0 0 676
268 0 0 676
269 0 0 676
270 0 0 676
271 0 0 676
272 0 0 676
273 0 0 676
274 0 0 676
275 0 0 676
276 0 0 676
277 0 0 676
278 0 0 676
279 0 0 676
280 0 0 676
281 0 0 676
282 0 0 676
283 0 0 676
284 0 0 676
285 0 0 676
286 0 0 676
287 0 0 676
288 0 0 676
289 0 0 676
290 0 0 676
291 0 0 676
292 0 0 676
293 0 0 676
294 0 0 676
295 0 0 676
296 0 0 676
297 0 0 676
298 0 0 676
299 0 0 676
300 0 0 676
