0 1 0 675
1 1 0 675
2 1 0 675
3 1 0 675
4 1 0 675
5 1 0 675
6 1 0 675
7 1 0 675
8 1 0 675
9 1 0 675
10 1 2 673
11 1 3 672
12 1 3 672
13 1 3 672
14 1 3 672
15 2 2 672
16 3 2 671
17 3 3 670
18 4 5 667
19 4 6 666
20 5 7 664
21 7 5 664
22 7 6 663
23 8 6 662
24 10 6 660
25 11 10 655
26 12 10 654
27 16 6 654
28 18 9 649
29 21 8 647
30 24 9 643
31 25 12 639
32 26 14 636
33 28 15 633
34 30 18 628
35 37 13 626
36 45 13 618
37 47 19 610
38 50 21 605
39 53 24 599
40 59 26 591
41 65 24 587
42 67 23 586
43 69 30 577
44 74 33 569
45 82 30 564
46 89 27 560
47 92 32 552
48 102 28 546
49 105 32 539
50 108 39 529
51 119 36 521
52 122 42 512
53 128 45 503
54 135 48 493
55 145 47 484
56 157 42 477
57 166 47 463
58 174 53 449
59 177 60 439
60 184 67 425
61 196 68 412
62 214 61 401
63 230 55 391
64 239 61 376
65 247 61 368
66 259 60 357
67 263 73 340
68 272 73 331
69 279 81 316
70 294 78 304
71 309 70 297
72 323 75 278
73 330 75 271
74 347 67 262
75 360 68 248
76 367 68 241
77 383 60 233
78 389 64 223
79 408 55 213
80 426 48 202
81 435 45 196
82 446 44 186
83 453 52 171
84 460 53 163
85 465 54 157
86 469 63 144
87 481 57 138
88 493 50 133
89 506 43 127
90 518 36 122
91 0 528 148
92 0 534 142
93 0 541 135
94 0 547 129
95 0 556 120
96 0 560 116
97 0 524 152
98 0 534 142
99 0 540 136
100 0 544 132
101 0 0 676
102 0 0 676
103 0 0 676
104 0 0 676
105 0 0 676
106 0 0 676
107 0 0 676
108 0 0 676
109 0 0 676
110 0 0 676
111 0 0 676
112 0 0 676
113 0 0 676
114 0 0 676
115 0 0 676
116 0 0 676
117 0 0 676
118 0 0 676
119 0 0 676
120 0 0 676
121 0 0 676
122 0 0 676
123 0 0 676
124 0 0 676
125 0 0 676
126 0 0 676
127 0 0 676
128 0 0 676
129 0 0 676
130 0 0 676
131 0 0 676
132 0 0 676
133 0 0 676
134 0 0 676
135 0 0 676
136 0 0 676
137 0 0 676
138 0 0 676
139 0 0 676
140 0 0 676
141 0 0 676
142 0 0 676
143 0 0 676
144 0 0 676
145 0 0 676
146 0 0 676
147 0 0 676
148 0 0 676
149 0 0 676
150 0 0 676
151 0 0 676
152 0 0 676
153 0 0 676
154 0 0 676
155 0 0 676
156 0 0 676
157 0 0 676
158 0 0 676
159 0 0 676
160 0 0 676
161 0 0 676
162 0 0 676
163 0 0 676
164 0 0 676
165 0 0 676
166 0 0 676
167 0 0 676
168 0 0 676
169 0 0 676
170 0 0 676
171 0 0 676
172 0 0 676
173 0 0 676
174 0 0 676
175 0 0 676
176 0 0 676
177 0 0 676
178 0 0 676
179 0 0 676
180 0 0 676
181 0 0 676
182 0 0 676
183 0 0 676
184 0 0 676
185 0 0 676
186 0 0 676
187 0 0 676
188 0 0 676
189 0 0 676
190 0 0 676
191 0 0 676
192 0 0 676
193 0 0 676
194 0 0 676
195 0 0 676
196 0 0 676
197 0 0 676
198 0 0 676
199 0 0 676
200 0 0 676
201 0 0 676
202 0 0 676
203 0 0 676
204 0 0 676
205 0 0 676
206 0 0 676
207 0 0 676
208 0 0 676
209 0 0 676
210 0 0 676
211 0 0 676
212 0 0 676
213 0 0 676
214 0 0 676
215 0 0 676
216 0 0 676
217 0 0 676
218 0 0 676
219 0 0 676
220 0 0 676
221 0 0 676
222 0 0 676
223 0 0 676
224 0 0 676
225 0 0 676
226 0 0 676
227 0 0 676
228 0 0 676
229 0 0 676
230 0 0 676
231 0 0 676
232 0 0 676
233 0 0 676
234 0 0 676
235 0 0 676
236 0 0 676
237 0 0 676
238 0 0 676
239 0 0 676
240 0 0 676
241 0 0 676
242 0 0 676
243 0 0 676
244 0 0 676
245 0 0 676
246 0 0 676
247 0 0 676
248 0 0 676
249 0 0 676
250 0 0 676
251 0 0 676
252 0 0 676
253 0 0 676
254 0 0 676
255 0 0 676
256 0 0 676
257 0 0 676
258 0 0 676
259 0 0 676
260 0 0 676
261 0 0 676
262 0 0 676
263 0 0 676
264 0 0 676
265 0 0 676
266 0 0 676
267 0 0 676
268 0 0 676
269 0 0 676
270 0 0 676
271 0 0 676
272 0 0 676
273 0 0 676
274 0 0 676
275 0 0 676
276 0 0 676
277 0 0 676
278 0 0 676
279 0 0 676
280 0 0 676
281 0 0 676
282 0 0 676
283 0 0 676
284 0 0 676
285 0 0 676
286 0 0 676
287 0 0 676
288 0 0 676
289 0 0 676
290 0 0 676
291 0 0 676
292 0 0 676
293 0 0 676
294 0 0 676
295 0 0 676
296 0 0 676
297 0 0 676
298 0 0 676
299 0 0 676
300 0 0 676
