0 1 0 675
1 1 0 675
2 1 0 675
3 1 0 675
4 1 0 675
5 1 0 675
6 1 0 675
7 1 0 675
8 1 0 675
9 1 1 674
10 1 1 674
11 1 1 674
12 1 2 673
13 1 3 672
14 2 3 671
15 2 3 671
16 2 6 668
17 3 7 666
18 3 9 664
19 3 10 663
20 4 11 661
21 6 9 661
22 6 11 659
23 7 11 658
24 9 13 654
25 10 12 654
26 12 15 649
27 14 18 644
28 15 19 642
29 16 22 638
30 16 25 635
31 22 23 631
32 26 22 628
33 31 20 625
34 33 21 622
35 35 31 610
36 40 29 607
37 43 31 602
38 48 30 598
39 51 38 587
40 57 41 578
41 63 40 573
42 65 44 567
43 70 43 563
44 77 41 558
45 82 47 547
46 84 58 534
47 88 60 528
48 93 60 523
49 96 67 513
50 104 66 506
51 112 65 499
52 119 68 489
53 127 68 481
54 134 71 471
55 140 80 456
56 145 89 442
57 158 86 432
58 171 83 422
59 181 79 416
60 190 80 406
61 202 83 391
62 216 81 379
63 225 86 365
64 235 84 357
65 241 89 346
66 252 92 332
67 263 90 323
68 269 93 314
69 276 98 302
70 287 98 291
71 298 97 281
72 310 94 272
73 320 100 256
74 331 104 241
75 341 107 228
76 362 96 218
77 372 95 209
78 384 94 198
79 394 92 190
80 410 87 179
81 421 88 167
82 435 84 157
83 444 79 153
84 450 85 141
85 460 81 135
86 471 75 130
87 483 68 125
88 494 64 118
89 504 59 113
90 508 59 109
91 518 55 103
92 527 54 95
93 536 49 91
94 544 44 88
95 551 39 86
96 557 39 80
97 559 43 74
98 570 35 71
99 0 597 79
100 0 600 76
101 0 579 97
102 0 0 676
103 0 0 676
104 0 0 676
105 0 0 676
106 0 0 676
107 0 0 676
108 0 0 676
109 0 0 676
110 0 0 676
111 0 0 676
112 0 0 676
113 0 0 676
114 0 0 676
115 0 0 676
116 0 0 676
117 0 0 676
118 0 0 676
119 0 0 676
120 0 0 676
121 0 0 676
122 0 0 676
123 0 0 676
124 0 0 676
125 0 0 676
126 0 0 676
127 0 0 676
128 0 0 676
129 0 0 676
130 0 0 676
131 0 0 676
132 0 0 676
133 0 0 676
134 0 0 676
135 0 0 676
136 0 0 676
137 0 0 676
138 0 0 676
139 0 0 676
140 0 0 676
141 0 0 676
142 0 0 676
143 0 0 676
144 0 0 676
145 0 0 676
146 0 0 676
147 0 0 676
148 0 0 676
149 0 0 676
150 0 0 676
151 0 0 676
152 0 0 676
153 0 0 676
154 0 0 676
155 0 0 676
156 0 0 676
157 0 0 676
158 0 0 676
159 0 0 676
160 0 0 676
161 0 0 676
162 0 0 676
163 0 0 676
164 0 0 676
165 0 0 676
166 0 0 676
167 0 0 676
168 0 0 676
169 0 0 676
170 0 0 676
171 0 0 676
172 0 0 676
173 0 0 676
174 0 0 676
175 0 0 676
176 0 0 676
177 0 0 676
178 0 0 676
179 0 0 676
180 0 0 676
181 0 0 676
182 0 0 676
183 0 0 676
184 0 0 676
185 0 0 676
186 0 0 676
187 0 0 676
188 0 0 676
189 0 0 676
190 0 0 676
191 0 0 676
192 0 0 676
193 0 0 676
194 0 0 676
195 0 0 676
196 0 0 676
197 0 0 676
198 0 0 676
199 0 0 676
200 0 0 676
201 0 0 676
202 0 0 676
203 0 0 676
204 0 0 676
205 0 0 676
206 0 0 676
207 0 0 676
208 0 0 676
209 0 0 676
210 0 0 676
211 0 0 676
212 0 0 676
213 0 0 676
214 0 0 676
215 0 0 676
216 0 0 676
217 0 0 676
218 0 0 676
219 0 0 676
220 0 0 676
221 0 0 676
222 0 0 676
223 0 0 676
224 0 0 676
225 0 0 676
226 0 0 676
227 0 0 676
228 0 0 676
229 0 0 676
230 0 0 676
231 0 0 676
232 0 0 676
233 0 0 676
234 0 0 676
235 0 0 676
236 0 0 676
237 0 0 676
238 0 0 676
239 0 0 676
240 0 0 676
241 0 0 676
242 0 0 676
243 0 0 676
244 0 0 676
245 0 0 676
246 0 0 676
247 0 0 676
248 0 0 676
249 0 0 676
250 0 0 676
251 0 0 676
252 0 0 676
253 0 0 676
254 0 0 676
255 0 0 676
256 0 0 676
257 0 0 676
258 0 0 676
259 0 0 676
260 0 0 676
261 0 0 676
262 0 0 676
263 0 0 676
264 0 0 676
265 0 0 676
266 0 0 676
267 0 0 676
268 0 0 676
269 0 0 676
270 0 0 676
271 0 0 676
272 0 0 676
273 0 0 676
274 0 0 676
275 0 0 676
276 0 0 676
277 0 0 676
278 0 0 676
279 0 0 676
280 0 0 676
281 0 0 676
282 0 0 676
283 0 0 676
284 0 0 676
285 0 0 676
286 0 0 676
287 0 0 676
288 0 0 676
289 0 0 676
290 0 0 676
291 0 0 676
292 0 0 676
293 0 0 676
294 0 0 676
295 0 0 676
296 0 0 676
297 0 0 676
298 0 0 676
299 0 0 676
300 0 0 676
