0 1 0 675
1 1 0 675
2 1 0 675
3 1 1 674
4 1 2 673
5 1 2 673
6 1 6 669
7 2 7 667
8 2 9 665
9 3 9 664
10 3 10 663
11 3 14 659
12 3 16 657
13 3 19 654
14 4 22 650
15 8 20 648
16 11 25 640
17 11 28 637
18 12 32 632
19 14 35 627
20 15 36 625
21 16 39 621
22 18 38 620
23 22 38 616
24 23 39 614
25 25 41 610
26 29 38 609
27 36 37 603
28 41 37 598
29 43 42 591
30 47 45 584
31 49 51 576
32 52 57 567
33 58 54 564
34 59 61 556
35 67 62 547
36 72 62 542
37 78 62 536
38 82 75 519
39 88 77 511
40 96 72 508
41 103 82 491
42 106 91 479
43 115 94 467
44 119 105 452
45 127 106 443
46 133 115 428
47 140 113 423
48 145 113 418
49 152 119 405
50 165 113 398
51 175 113 388
52 194 110 372
53 203 114 359
54 206 120 350
55 213 128 335
56 224 127 325
57 231 132 313
58 239 137 300
59 248 137 291
60 256 149 271
61 264 151 261
62 274 153 249
63 285 152 239
64 296 155 225
65 313 144 219
66 322 145 209
67 333 145 198
68 346 141 189
69 356 144 176
70 371 134 171
71 376 141 159
72 383 143 150
73 396 142 138
74 402 141 133
75 416 133 127
76 429 127 120
77 436 126 114
78 454 113 109
79 462 110 104
80 472 103 101
81 480 99 97
82 488 99 89
83 496 101 79
84 501 104 71
85 511 97 68
86 515 95 66
87 524 86 66
88 532 81 63
89 540 73 63
90 549 65 62
91 554 61 61
92 558 58 60
93 560 56 60
94 568 49 59
95 571 46 59
96 574 43 59
97 578 40 58
98 584 36 56
99 0 587 89
100 0 592 84
101 0 594 82
102 0 596 80
103 0 597 79
104 0 600 76
105 0 604 72
106 0 608 68
107 0 608 68
108 0 611 65
109 0 0 676
110 0 0 676
111 0 0 676
112 0 0 676
113 0 0 676
114 0 0 676
115 0 0 676
116 0 0 676
117 0 0 676
118 0 0 676
119 0 0 676
120 0 0 676
121 0 0 676
122 0 0 676
123 0 0 676
124 0 0 676
125 0 0 676
126 0 0 676
127 0 0 676
128 0 0 676
129 0 0 676
130 0 0 676
131 0 0 676
132 0 0 676
133 0 0 676
134 0 0 676
135 0 0 676
136 0 0 676
137 0 0 676
138 0 0 676
139 0 0 676
140 0 0 676
141 0 0 676
142 0 0 676
143 0 0 676
144 0 0 676
145 0 0 676
146 0 0 676
147 0 0 676
148 0 0 676
149 0 0 676
150 0 0 676
151 0 0 676
152 0 0 676
153 0 0 676
154 0 0 676
155 0 0 676
156 0 0 676
157 0 0 676
158 0 0 676
159 0 0 676
160 0 0 676
161 0 0 676
162 0 0 676
163 0 0 676
164 0 0 676
165 0 0 676
166 0 0 676
167 0 0 676
168 0 0 676
169 0 0 676
170 0 0 676
171 0 0 676
172 0 0 676
173 0 0 676
174 0 0 676
175 0 0 676
176 0 0 676
177 0 0 676
178 0 0 676
179 0 0 676
180 0 0 676
181 0 0 676
182 0 0 676
183 0 0 676
184 0 0 676
185 0 0 676
186 0 0 676
187 0 0 676
188 0 0 676
189 0 0 676
190 0 0 676
191 0 0 676
192 0 0 676
193 0 0 676
194 0 0 676
195 0 0 676
196 0 0 676
197 0 0 676
198 0 0 676
199 0 0 676
200 0 0 676
201 0 0 676
202 0 0 676
203 0 0 676
204 0 0 676
205 0 0 676
206 0 0 676
207 0 0 676
208 0 0 676
209 0 0 676
210 0 0 676
211 0 0 676
212 0 0 676
213 0 0 676
214 0 0 676
215 0 0 676
216 0 0 676
217 0 0 676
218 0 0 676
219 0 0 676
220 0 0 676
221 0 0 676
222 0 0 676
223 0 0 676
224 0 0 676
225 0 0 676
226 0 0 676
227 0 0 676
228 0 0 676
229 0 0 676
230 0 0 676
231 0 0 676
232 0 0 676
233 0 0 676
234 0 0 676
235 0 0 676
236 0 0 676
237 0 0 676
238 0 0 676
239 0 0 676
240 0 0 676
241 0 0 676
242 0 0 676
243 0 0 676
244 0 0 676
245 0 0 676
246 0 0 676
247 0 0 676
248 0 0 676
249 0 0 676
250 0 0 676
251 0 0 676
252 0 0 676
253 0 0 676
254 0 0 676
255 0 0 676
256 0 0 676
257 0 0 676
258 0 0 676
259 0 0 676
260 0 0 676
261 0 0 676
262 0 0 676
263 0 0 676
264 0 0 676
265 0 0 676
266 0 0 676
267 0 0 676
268 0 0 676
269 0 0 676
270 0 0 676
271 0 0 676
272 0 0 676
273 0 0 676
274 0 0 676
275 0 0 676
276 0 0 676
277 0 0 676
278 0 0 676
279 0 0 676
280 0 0 676
281 0 0 676
282 0 0 676
283 0 0 676
284 0 0 676
285 0 0 676
286 0 0 676
287 0 0 676
288 0 0 676
289 0 0 676
290 0 0 676
291 0 0 676
292 0 0 676
293 0 0 676
294 0 0 676
295 0 0 676
296 0 0 676
297 0 0 676
298 0 0 676
299 0 0 676
300 0 0 676
