0 1 0 168
1 1 3 165
2 1 3 165
3 2 2 165
4 3 1 165
5 3 1 165
6 3 1 165
7 3 2 164
8 4 1 164
9 4 1 164
10 4 2 163
11 4 2 163
12 4 3 162
13 5 3 161
14 5 4 160
15 5 5 159
16 5 5 159
17 5 6 158
18 7 6 156
19 8 6 155
20 8 7 154
21 9 6 154
22 9 9 151
23 12 6 151
24 12 7 150
25 13 9 147
26 14 11 144
27 16 10 143
28 19 10 140
29 22 10 137
30 24 10 135
31 24 10 135
32 24 11 134
33 26 11 132
34 27 10 132
35 30 11 128
36 31 12 126
37 32 15 122
38 32 17 120
39 35 18 116
40 35 23 111
41 38 23 108
42 42 23 104
43 47 21 101
44 50 19 100
45 51 20 98
46 51 23 95
47 52 27 90
48 57 29 83
49 60 28 81
50 62 32 75
51 66 31 72
52 70 30 69
53 76 27 66
54 79 29 61
55 82 26 61
56 86 26 57
57 90 25 54
58 94 23 52
59 98 21 50
60 98 24 47
61 102 25 42
62 105 22 42
63 106 22 41
64 107 23 39
65 108 25 36
66 111 23 35
67 115 22 32
68 118 22 29
69 120 21 28
70 120 21 28
71 124 21 24
72 126 22 21
73 130 18 21
74 132 19 18
75 135 17 17
76 139 15 15
77 142 16 11
78 143 16 10
79 145 16 8
80 145 17 7
81 147 16 6
82 149 15 5
83 152 14 3
84 153 13 3
85 156 12 1
86 159 9 1
87 160 8 1
88 162 6 1
89 163 5 1
90 164 5 0
91 164 5 0
92 164 5 0
93 165 4 0
94 166 3 0
95 166 3 0
96 167 2 0
97 167 2 0
98 167 2 0
99 167 2 0
100 167 2 0
101 169 0 0
102 169 0 0
103 169 0 0
104 169 0 0
105 168 1 0
106 165 4 0
107 165 4 0
108 165 4 0
109 166 3 0
110 164 5 0
111 164 5 0
112 165 4 0
113 165 4 0
114 165 4 0
115 167 2 0
116 168 1 0
117 168 1 0
118 169 0 0
119 169 0 0
120 166 3 0
121 167 2 0
122 167 2 0
123 167 2 0
124 168 1 0
125 168 1 0
126 168 1 0
127 168 1 0
128 169 0 0
129 169 0 0
130 169 0 0
131 169 0 0
132 169 0 0
133 169 0 0
134 169 0 0
135 169 0 0
136 169 0 0
137 166 3 0
138 167 2 0
139 0 169 0
140 0 169 0
141 0 168 1
142 0 0 169
143 0 0 169
144 0 0 169
145 0 0 169
146 0 0 169
147 0 0 169
148 0 0 169
149 0 0 169
150 0 0 169
151 0 0 169
152 0 0 169
153 0 0 169
154 0 0 169
155 0 0 169
156 0 0 169
157 0 0 169
158 0 0 169
159 0 0 169
160 0 0 169
161 0 0 169
162 0 0 169
163 0 0 169
164 0 0 169
165 0 0 169
166 0 0 169
167 0 0 169
168 0 0 169
169 0 0 169
170 0 0 169
171 0 0 169
172 0 0 169
173 0 0 169
174 0 0 169
175 0 0 169
176 0 0 169
177 0 0 169
178 0 0 169
179 0 0 169
180 0 0 169
181 0 0 169
182 0 0 169
183 0 0 169
184 0 0 169
185 0 0 169
186 0 0 169
187 0 0 169
188 0 0 169
189 0 0 169
190 0 0 169
191 0 0 169
192 0 0 169
193 0 0 169
194 0 0 169
195 0 0 169
196 0 0 169
197 0 0 169
198 0 0 169
199 0 0 169
200 0 0 169
201 0 0 169
202 0 0 169
203 0 0 169
204 0 0 169
205 0 0 169
206 0 0 169
207 0 0 169
208 0 0 169
209 0 0 169
210 0 0 169
211 0 0 169
212 0 0 169
213 0 0 169
214 0 0 169
215 0 0 169
216 0 0 169
217 0 0 169
218 0 0 169
219 0 0 169
220 0 0 169
221 0 0 169
222 0 0 169
223 0 0 169
224 0 0 169
225 0 0 169
226 0 0 169
227 0 0 169
228 0 0 169
229 0 0 169
230 0 0 169
231 0 0 169
232 0 0 169
233 0 0 169
234 0 0 169
235 0 0 169
236 0 0 169
237 0 0 169
238 0 0 169
239 0 0 169
240 0 0 169
241 0 0 169
242 0 0 169
243 0 0 169
244 0 0 169
245 0 0 169
246 0 0 169
247 0 0 169
248 0 0 169
249 0 0 169
250 0 0 169
251 0 0 169
252 0 0 169
253 0 0 169
254 0 0 169
255 0 0 169
256 0 0 169
257 0 0 169
258 0 0 169
259 0 0 169
260 0 0 169
261 0 0 169
262 0 0 169
263 0 0 169
264 0 0 169
265 0 0 169
266 0 0 169
267 0 0 169
268 0 0 169
269 0 0 169
270 0 0 169
271 0 0 169
272 0 0 169
273 0 0 169
274 0 0 169
275 0 0 169
276 0 0 169
277 0 0 169
278 0 0 169
279 0 0 169
280 0 0 169
281 0 0 169
282 0 0 169
283 0 0 169
284 0 0 169
285 0 0 169
286 0 0 169
287 0 0 169
288 0 0 169
289 0 0 169
290 0 0 169
291 0 0 169
292 0 0 169
293 0 0 169
294 0 0 169
295 0 0 169
296 0 0 169
297 0 0 169
298 0 0 169
299 0 0 169
300 0 0 169
