0 1 0 168
1 1 3 165
2 2 3 164
3 2 3 164
4 4 1 164
5 4 1 164
6 5 0 164
7 5 1 163
8 5 1 163
9 5 2 162
10 5 2 162
11 5 3 161
12 6 2 161
13 6 2 161
14 7 2 160
15 7 2 160
16 8 2 159
17 9 2 158
18 9 4 156
19 9 5 155
20 9 7 153
21 10 8 151
22 12 7 150
23 13 7 149
24 17 5 147
25 19 3 147
26 19 3 147
27 20 5 144
28 20 10 139
29 21 10 138
30 22 10 137
31 24 9 136
32 25 11 133
33 27 11 131
34 31 8 130
35 32 7 130
36 35 8 126
37 35 9 125
38 35 14 120
39 36 17 116
40 38 17 114
41 41 15 113
42 45 15 109
43 48 16 105
44 53 15 101
45 54 16 99
46 55 16 98
47 58 20 91
48 60 20 89
49 63 18 88
50 66 19 84
51 68 23 78
52 69 25 75
53 75 21 73
54 79 22 68
55 84 18 67
56 87 17 65
57 91 14 64
58 91 16 62
59 95 18 56
60 100 17 52
61 104 14 51
62 105 13 51
63 108 14 47
64 113 16 40
65 116 16 37
66 117 18 34
67 118 20 31
68 122 17 30
69 125 16 28
70 128 18 23
71 132 17 20
72 134 15 20
73 136 15 18
74 138 14 17
75 141 12 16
76 143 11 15
77 146 11 12
78 149 9 11
79 152 6 11
80 154 6 9
81 156 6 7
82 156 7 6
83 158 5 6
84 159 5 5
85 159 6 4
86 159 6 4
87 162 4 3
88 163 4 2
89 164 4 1
90 164 4 1
91 164 4 1
92 165 3 1
93 165 3 1
94 167 1 1
95 165 3 1
96 167 2 0
97 168 1 0
98 168 1 0
99 168 1 0
100 168 1 0
101 168 1 0
102 168 1 0
103 168 1 0
104 168 1 0
105 168 1 0
106 168 1 0
107 168 1 0
108 169 0 0
109 168 1 0
110 168 1 0
111 169 0 0
112 169 0 0
113 169 0 0
114 169 0 0
115 169 0 0
116 169 0 0
117 169 0 0
118 169 0 0
119 169 0 0
120 169 0 0
121 168 1 0
122 168 1 0
123 169 0 0
124 169 0 0
125 169 0 0
126 168 1 0
127 168 1 0
128 167 2 0
129 167 2 0
130 166 3 0
131 165 4 0
132 165 4 0
133 166 3 0
134 166 3 0
135 166 3 0
136 166 3 0
137 0 168 1
138 0 168 1
139 0 168 1
140 0 152 17
141 0 155 14
142 0 0 169
143 0 0 169
144 0 0 169
145 0 0 169
146 0 0 169
147 0 0 169
148 0 0 169
149 0 0 169
150 0 0 169
151 0 0 169
152 0 0 169
153 0 0 169
154 0 0 169
155 0 0 169
156 0 0 169
157 0 0 169
158 0 0 169
159 0 0 169
160 0 0 169
161 0 0 169
162 0 0 169
163 0 0 169
164 0 0 169
165 0 0 169
166 0 0 169
167 0 0 169
168 0 0 169
169 0 0 169
170 0 0 169
171 0 0 169
172 0 0 169
173 0 0 169
174 0 0 169
175 0 0 169
176 0 0 169
177 0 0 169
178 0 0 169
179 0 0 169
180 0 0 169
181 0 0 169
182 0 0 169
183 0 0 169
184 0 0 169
185 0 0 169
186 0 0 169
187 0 0 169
188 0 0 169
189 0 0 169
190 0 0 169
191 0 0 169
192 0 0 169
193 0 0 169
194 0 0 169
195 0 0 169
196 0 0 169
197 0 0 169
198 0 0 169
199 0 0 169
200 0 0 169
201 0 0 169
202 0 0 169
203 0 0 169
204 0 0 169
205 0 0 169
206 0 0 169
207 0 0 169
208 0 0 169
209 0 0 169
210 0 0 169
211 0 0 169
212 0 0 169
213 0 0 169
214 0 0 169
215 0 0 169
216 0 0 169
217 0 0 169
218 0 0 169
219 0 0 169
220 0 0 169
221 0 0 169
222 0 0 169
223 0 0 169
224 0 0 169
225 0 0 169
226 0 0 169
227 0 0 169
228 0 0 169
229 0 0 169
230 0 0 169
231 0 0 169
232 0 0 169
233 0 0 169
234 0 0 169
235 0 0 169
236 0 0 169
237 0 0 169
238 0 0 169
239 0 0 169
240 0 0 169
241 0 0 169
242 0 0 169
243 0 0 169
244 0 0 169
245 0 0 169
246 0 0 169
247 0 0 169
248 0 0 169
249 0 0 169
250 0 0 169
251 0 0 169
252 0 0 169
253 0 0 169
254 0 0 169
255 0 0 169
256 0 0 169
257 0 0 169
258 0 0 169
259 0 0 169
260 0 0 169
261 0 0 169
262 0 0 169
263 0 0 169
264 0 0 169
265 0 0 169
266 0 0 169
267 0 0 169
268 0 0 169
269 0 0 169
270 0 0 169
271 0 0 169
272 0 0 169
273 0 0 169
274 0 0 169
275 0 0 169
276 0 0 169
277 0 0 169
278 0 0 169
279 0 0 169
280 0 0 169
281 0 0 169
282 0 0 169
283 0 0 169
284 0 0 169
285 0 0 169
286 0 0 169
287 0 0 169
288 0 0 169
289 0 0 169
290 0 0 169
291 0 0 169
292 0 0 169
293 0 0 169
294 0 0 169
295 0 0 169
296 0 0 169
297 0 0 169
298 0 0 169
299 0 0 169
300 0 0 169
