0 1 0 168
1 1 3 165
2 2 6 161
3 2 8 159
4 2 9 158
5 3 9 157
6 3 10 156
7 4 9 156
8 4 12 153
9 4 12 153
10 4 13 152
11 4 15 150
12 4 16 149
13 4 19 146
14 4 22 143
15 4 22 143
16 5 25 139
17 5 26 138
18 5 27 137
19 6 26 137
20 8 28 133
21 8 31 130
22 9 32 128
23 11 34 124
24 12 35 122
25 12 37 120
26 12 41 116
27 13 43 113
28 14 50 105
29 15 51 103
30 17 53 99
31 18 53 98
32 19 55 95
33 19 59 91
34 19 62 88
35 19 65 85
36 20 65 84
37 20 70 79
38 21 71 77
39 21 75 73
40 22 76 71
41 26 73 70
42 28 74 67
43 30 76 63
44 36 72 61
45 37 76 56
46 39 74 56
47 41 74 54
48 42 77 50
49 45 77 47
50 47 80 42
51 51 76 42
52 54 74 41
53 56 74 39
54 59 72 38
55 60 72 37
56 61 72 36
57 63 74 32
58 68 69 32
59 71 69 29
60 75 65 29
61 77 65 27
62 81 64 24
63 82 67 20
64 85 69 15
65 86 70 13
66 86 71 12
67 87 71 11
68 87 71 11
69 88 72 9
70 89 72 8
71 96 67 6
72 96 67 6
73 98 66 5
74 103 61 5
75 105 59 5
76 108 58 3
77 110 56 3
78 111 55 3
79 113 53 3
80 115 51 3
81 119 47 3
82 121 46 2
83 122 46 1
84 124 44 1
85 127 42 0
86 129 40 0
87 129 40 0
88 132 37 0
89 134 35 0
90 136 33 0
91 139 30 0
92 141 28 0
93 141 28 0
94 143 26 0
95 143 26 0
96 146 23 0
97 147 22 0
98 150 19 0
99 152 17 0
100 153 16 0
101 153 16 0
102 156 13 0
103 158 11 0
104 160 9 0
105 161 8 0
106 162 7 0
107 164 5 0
108 165 4 0
109 165 4 0
110 165 4 0
111 166 3 0
112 168 1 0
113 168 1 0
114 168 1 0
115 168 1 0
116 168 1 0
117 168 1 0
118 160 9 0
119 163 6 0
120 164 5 0
121 164 5 0
122 164 5 0
123 164 5 0
124 165 4 0
125 165 4 0
126 166 3 0
127 168 1 0
128 168 1 0
129 152 17 0
130 153 16 0
131 154 15 0
132 155 14 0
133 156 13 0
134 157 12 0
135 158 11 0
136 160 9 0
137 161 8 0
138 163 6 0
139 0 169 0
140 0 169 0
141 0 169 0
142 0 168 1
143 0 168 1
144 0 168 1
145 0 169 0
146 0 169 0
147 0 169 0
148 0 169 0
149 0 0 169
150 0 0 169
151 0 0 169
152 0 0 169
153 0 0 169
154 0 0 169
155 0 0 169
156 0 0 169
157 0 0 169
158 0 0 169
159 0 0 169
160 0 0 169
161 0 0 169
162 0 0 169
163 0 0 169
164 0 0 169
165 0 0 169
166 0 0 169
167 0 0 169
168 0 0 169
169 0 0 169
170 0 0 169
171 0 0 169
172 0 0 169
173 0 0 169
174 0 0 169
175 0 0 169
176 0 0 169
177 0 0 169
178 0 0 169
179 0 0 169
180 0 0 169
181 0 0 169
182 0 0 169
183 0 0 169
184 0 0 169
185 0 0 169
186 0 0 169
187 0 0 169
188 0 0 169
189 0 0 169
190 0 0 169
191 0 0 169
192 0 0 169
193 0 0 169
194 0 0 169
195 0 0 169
196 0 0 169
197 0 0 169
198 0 0 169
199 0 0 169
200 0 0 169
201 0 0 169
202 0 0 169
203 0 0 169
204 0 0 169
205 0 0 169
206 0 0 169
207 0 0 169
208 0 0 169
209 0 0 169
210 0 0 169
211 0 0 169
212 0 0 169
213 0 0 169
214 0 0 169
215 0 0 169
216 0 0 169
217 0 0 169
218 0 0 169
219 0 0 169
220 0 0 169
221 0 0 169
222 0 0 169
223 0 0 169
224 0 0 169
225 0 0 169
226 0 0 169
227 0 0 169
228 0 0 169
229 0 0 169
230 0 0 169
231 0 0 169
232 0 0 169
233 0 0 169
234 0 0 169
235 0 0 169
236 0 0 169
237 0 0 169
238 0 0 169
239 0 0 169
240 0 0 169
241 0 0 169
242 0 0 169
243 0 0 169
244 0 0 169
245 0 0 169
246 0 0 169
247 0 0 169
248 0 0 169
249 0 0 169
250 0 0 169
251 0 0 169
252 0 0 169
253 0 0 169
254 0 0 169
255 0 0 169
256 0 0 169
257 0 0 169
258 0 0 169
259 0 0 169
260 0 0 169
261 0 0 169
262 0 0 169
263 0 0 169
264 0 0 169
265 0 0 169
266 0 0 169
267 0 0 169
268 0 0 169
269 0 0 169
270 0 0 169
271 0 0 169
272 0 0 169
273 0 0 169
274 0 0 169
275 0 0 169
276 0 0 169
277 0 0 169
278 0 0 169
279 0 0 169
280 0 0 169
281 0 0 169
282 0 0 169
283 0 0 169
284 0 0 169
285 0 0 169
286 0 0 169
287 0 0 169
288 0 0 169
289 0 0 169
290 0 0 169
291 0 0 169
292 0 0 169
293 0 0 169
294 0 0 169
295 0 0 169
296 0 0 169
297 0 0 169
298 0 0 169
299 0 0 169
300 0 0 169
