0 1 0 168
1 1 2 166
2 1 3 165
3 1 4 164
4 1 4 164
5 1 4 164
6 2 3 164
7 2 3 164
8 3 3 163
9 3 3 163
10 4 3 162
11 5 3 161
12 5 4 160
13 5 6 158
14 6 6 157
15 6 7 156
16 7 7 155
17 7 11 151
18 7 12 150
19 7 12 150
20 9 10 150
21 12 8 149
22 14 7 148
23 15 11 143
24 16 11 142
25 16 12 141
26 16 12 141
27 16 16 137
28 16 17 136
29 18 17 134
30 19 17 133
31 24 12 133
32 25 13 131
33 25 15 129
34 26 21 122
35 28 22 119
36 30 23 116
37 33 23 113
38 36 22 111
39 36 24 109
40 38 24 107
41 39 24 106
42 39 26 104
43 42 25 102
44 46 26 97
45 49 26 94
46 53 26 90
47 54 25 90
48 56 30 83
49 60 28 81
50 61 31 77
51 64 31 74
52 66 29 74
53 67 32 70
54 68 35 66
55 71 34 64
56 75 31 63
57 76 31 62
58 80 30 59
59 87 26 56
60 90 25 54
61 93 26 50
62 94 26 49
63 95 28 46
64 100 23 46
65 104 25 40
66 110 21 38
67 112 24 33
68 114 26 29
69 116 27 26
70 118 27 24
71 119 27 23
72 121 27 21
73 123 26 20
74 128 25 16
75 130 25 14
76 131 26 12
77 134 23 12
78 138 22 9
79 140 20 9
80 142 19 8
81 147 15 7
82 148 16 5
83 152 14 3
84 154 12 3
85 155 11 3
86 156 10 3
87 158 9 2
88 159 9 1
89 160 8 1
90 161 7 1
91 161 7 1
92 163 5 1
93 164 4 1
94 165 3 1
95 165 3 1
96 165 3 1
97 165 3 1
98 166 2 1
99 166 3 0
100 166 3 0
101 167 2 0
102 167 2 0
103 166 3 0
104 166 3 0
105 166 3 0
106 167 2 0
107 167 2 0
108 168 1 0
109 168 1 0
110 167 2 0
111 167 2 0
112 167 2 0
113 167 2 0
114 167 2 0
115 169 0 0
116 168 1 0
117 169 0 0
118 169 0 0
119 169 0 0
120 169 0 0
121 169 0 0
122 169 0 0
123 169 0 0
124 169 0 0
125 169 0 0
126 169 0 0
127 169 0 0
128 169 0 0
129 169 0 0
130 167 2 0
131 165 4 0
132 150 19 0
133 150 19 0
134 151 18 0
135 0 169 0
136 0 166 3
137 0 168 1
138 0 163 6
139 0 164 5
140 0 165 4
141 0 158 11
142 0 160 9
143 0 162 7
144 0 162 7
145 0 164 5
146 0 164 5
147 0 0 169
148 0 0 169
149 0 0 169
150 0 0 169
151 0 0 169
152 0 0 169
153 0 0 169
154 0 0 169
155 0 0 169
156 0 0 169
157 0 0 169
158 0 0 169
159 0 0 169
160 0 0 169
161 0 0 169
162 0 0 169
163 0 0 169
164 0 0 169
165 0 0 169
166 0 0 169
167 0 0 169
168 0 0 169
169 0 0 169
170 0 0 169
171 0 0 169
172 0 0 169
173 0 0 169
174 0 0 169
175 0 0 169
176 0 0 169
177 0 0 169
178 0 0 169
179 0 0 169
180 0 0 169
181 0 0 169
182 0 0 169
183 0 0 169
184 0 0 169
185 0 0 169
186 0 0 169
187 0 0 169
188 0 0 169
189 0 0 169
190 0 0 169
191 0 0 169
192 0 0 169
193 0 0 169
194 0 0 169
195 0 0 169
196 0 0 169
197 0 0 169
198 0 0 169
199 0 0 169
200 0 0 169
201 0 0 169
202 0 0 169
203 0 0 169
204 0 0 169
205 0 0 169
206 0 0 169
207 0 0 169
208 0 0 169
209 0 0 169
210 0 0 169
211 0 0 169
212 0 0 169
213 0 0 169
214 0 0 169
215 0 0 169
216 0 0 169
217 0 0 169
218 0 0 169
219 0 0 169
220 0 0 169
221 0 0 169
222 0 0 169
223 0 0 169
224 0 0 169
225 0 0 169
226 0 0 169
227 0 0 169
228 0 0 169
229 0 0 169
230 0 0 169
231 0 0 169
232 0 0 169
233 0 0 169
234 0 0 169
235 0 0 169
236 0 0 169
237 0 0 169
238 0 0 169
239 0 0 169
240 0 0 169
241 0 0 169
242 0 0 169
243 0 0 169
244 0 0 169
245 0 0 169
246 0 0 169
247 0 0 169
248 0 0 169
249 0 0 169
250 0 0 169
251 0 0 169
252 0 0 169
253 0 0 169
254 0 0 169
255 0 0 169
256 0 0 169
257 0 0 169
258 0 0 169
259 0 0 169
260 0 0 169
261 0 0 169
262 0 0 169
263 0 0 169
264 0 0 169
265 0 0 169
266 0 0 169
267 0 0 169
268 0 0 169
269 0 0 169
270 0 0 169
271 0 0 169
272 0 0 169
273 0 0 169
274 0 0 169
275 0 0 169
276 0 0 169
277 0 0 169
278 0 0 169
279 0 0 169
280 0 0 169
281 0 0 169
282 0 0 169
283 0 0 169
284 0 0 169
285 0 0 169
286 0 0 169
287 0 0 169
288 0 0 169
289 0 0 169
290 0 0 169
291 0 0 169
292 0 0 169
293 0 0 169
294 0 0 169
295 0 0 169
296 0 0 169
297 0 0 169
298 0 0 169
299 0 0 169
300 0 0 169
