0 0.0014792899408284023 0.0 0.9985207100591716
1 0.0014792899408284023 0.004437869822485207 0.9940828402366864
2 0.0014792899408284023 0.004437869822485207 0.9940828402366864
3 0.0014792899408284023 0.004437869822485207 0.9940828402366864
4 0.0029585798816568047 0.005917159763313609 0.9911242603550295
5 0.0029585798816568047 0.0073964497041420114 0.9896449704142012
6 0.0029585798816568047 0.010355029585798817 0.9866863905325444
7 0.004437869822485207 0.010355029585798817 0.985207100591716
8 0.0073964497041420114 0.010355029585798817 0.9822485207100592
9 0.0073964497041420114 0.014792899408284023 0.977810650887574
10 0.008875739644970414 0.016272189349112426 0.9748520710059172
11 0.010355029585798817 0.016272189349112426 0.9733727810650887
12 0.013313609467455622 0.020710059171597635 0.9659763313609467
13 0.014792899408284023 0.02514792899408284 0.9600591715976331
14 0.016272189349112426 0.029585798816568046 0.9541420118343196
15 0.020710059171597635 0.026627218934911243 0.9526627218934911
16 0.020710059171597635 0.03698224852071006 0.9423076923076923
17 0.026627218934911243 0.038461538461538464 0.9349112426035503
18 0.028106508875739646 0.04142011834319527 0.9304733727810651
19 0.029585798816568046 0.04585798816568047 0.9245562130177515
20 0.03254437869822485 0.05325443786982249 0.9142011834319527
21 0.03254437869822485 0.0650887573964497 0.9023668639053254
22 0.042899408284023666 0.06360946745562131 0.893491124260355
23 0.05029585798816568 0.06656804733727811 0.8831360946745562
24 0.05325443786982249 0.07248520710059171 0.8742603550295858
25 0.057692307692307696 0.07100591715976332 0.871301775147929
26 0.0650887573964497 0.08136094674556213 0.8535502958579881
27 0.07396449704142012 0.08431952662721894 0.841715976331361
28 0.07988165680473373 0.08727810650887574 0.8328402366863905
29 0.08875739644970414 0.08284023668639054 0.8284023668639053
30 0.09615384615384616 0.09467455621301775 0.8091715976331361
31 0.10059171597633136 0.11242603550295859 0.7869822485207101
32 0.10798816568047337 0.11686390532544379 0.7751479289940828
33 0.1257396449704142 0.10946745562130178 0.764792899408284
34 0.13313609467455623 0.11390532544378698 0.7529585798816568
35 0.14053254437869822 0.11686390532544379 0.742603550295858
36 0.15532544378698224 0.11686390532544379 0.727810650887574
37 0.16863905325443787 0.1227810650887574 0.7085798816568047
38 0.1760355029585799 0.13609467455621302 0.6878698224852071
39 0.1834319526627219 0.1390532544378698 0.6775147928994083
40 0.1893491124260355 0.14644970414201183 0.6642011834319527
41 0.20266272189349113 0.14497041420118342 0.6523668639053254
42 0.22337278106508876 0.14349112426035504 0.6331360946745562
43 0.23668639053254437 0.14792899408284024 0.6153846153846154
44 0.2455621301775148 0.15828402366863906 0.5961538461538461
45 0.2603550295857988 0.15976331360946747 0.5798816568047337
46 0.27958579881656803 0.15680473372781065 0.5636094674556213
47 0.30029585798816566 0.15680473372781065 0.5428994082840237
48 0.3150887573964497 0.16124260355029585 0.5236686390532544
49 0.32988165680473375 0.16568047337278108 0.5044378698224852
50 0.34467455621301774 0.17455621301775148 0.4807692307692308
51 0.363905325443787 0.17159763313609466 0.46449704142011833
52 0.3772189349112426 0.1804733727810651 0.4423076923076923
53 0.3979289940828402 0.1804733727810651 0.42159763313609466
54 0.42159763313609466 0.1804733727810651 0.3979289940828402
55 0.4408284023668639 0.17751479289940827 0.3816568047337278
56 0.4630177514792899 0.17159763313609466 0.36538461538461536
57 0.47337278106508873 0.17159763313609466 0.35502958579881655
58 0.4896449704142012 0.16863905325443787 0.34171597633136097
59 0.5118343195266272 0.15532544378698224 0.3328402366863905
60 0.5281065088757396 0.15532544378698224 0.3165680473372781
61 0.5399408284023669 0.15976331360946747 0.30029585798816566
62 0.5517751479289941 0.15976331360946747 0.28846153846153844
63 0.5754437869822485 0.14792899408284024 0.27662721893491127
64 0.591715976331361 0.14497041420118342 0.26331360946745563
65 0.6183431952662722 0.14201183431952663 0.23964497041420119
66 0.628698224852071 0.14497041420118342 0.22633136094674555
67 0.6479289940828402 0.13609467455621302 0.21597633136094674
68 0.6627218934911243 0.1301775147928994 0.20710059171597633
69 0.6671597633136095 0.1346153846153846 0.19822485207100593
70 0.6789940828402367 0.1346153846153846 0.1863905325443787
71 0.6923076923076923 0.13313609467455623 0.17455621301775148
72 0.7085798816568047 0.1257396449704142 0.16568047337278108
73 0.7204142011834319 0.11982248520710059 0.15976331360946747
74 0.7366863905325444 0.11686390532544379 0.14644970414201183
75 0.7633136094674556 0.09467455621301775 0.14201183431952663
76 0.7751479289940828 0.09467455621301775 0.1301775147928994
77 0.7884615384615384 0.09171597633136094 0.11982248520710059
78 0.8047337278106509 0.08136094674556213 0.11390532544378698
79 0.8165680473372781 0.07544378698224852 0.10798816568047337
80 0.8254437869822485 0.07248520710059171 0.10207100591715976
81 0.8313609467455622 0.07396449704142012 0.09467455621301775
82 0.8431952662721893 0.06656804733727811 0.09023668639053255
83 0.8550295857988166 0.05621301775147929 0.08875739644970414
84 0.863905325443787 0.047337278106508875 0.08875739644970414
85 0.8698224852071006 0.04142011834319527 0.08875739644970414
86 0.8801775147928994 0.03550295857988166 0.08431952662721894
87 0.8875739644970414 0.029585798816568046 0.08284023668639054
88 0.8920118343195266 0.026627218934911243 0.08136094674556213
89 0.8949704142011834 0.023668639053254437 0.08136094674556213
90 0.8994082840236687 0.019230769230769232 0.08136094674556213
91 0.8994082840236687 0.019230769230769232 0.08136094674556213
92 0.9023668639053254 0.016272189349112426 0.08136094674556213
93 0.9053254437869822 0.013313609467455622 0.08136094674556213
94 0.9053254437869822 0.013313609467455622 0.08136094674556213
95 0.9068047337278107 0.011834319526627219 0.08136094674556213
96 0.9127218934911243 0.005917159763313609 0.08136094674556213
97 0.908284023668639 0.010355029585798817 0.08136094674556213
98 0.9097633136094675 0.008875739644970414 0.08136094674556213
99 0.9097633136094675 0.008875739644970414 0.08136094674556213
100 0.9127218934911243 0.005917159763313609 0.08136094674556213
101 0.8964497041420119 0.022189349112426034 0.08136094674556213
102 0.0 0.9186390532544378 0.08136094674556213
103 0.0 0.9186390532544378 0.08136094674556213
104 0.0 0.9186390532544378 0.08136094674556213
105 0.0 0.9053254437869822 0.09467455621301775
106 0.0 0.908284023668639 0.09171597633136094
107 0.0 0.9112426035502958 0.08875739644970414
108 0.0 0.9127218934911243 0.08727810650887574
109 0.0 0.9127218934911243 0.08727810650887574
110 0.0 0.0 1.0
111 0.0 0.0 1.0
112 0.0 0.0 1.0
113 0.0 0.0 1.0
114 0.0 0.0 1.0
115 0.0 0.0 1.0
116 0.0 0.0 1.0
117 0.0 0.0 1.0
118 0.0 0.0 1.0
119 0.0 0.0 1.0
120 0.0 0.0 1.0
121 0.0 0.0 1.0
122 0.0 0.0 1.0
123 0.0 0.0 1.0
124 0.0 0.0 1.0
125 0.0 0.0 1.0
126 0.0 0.0 1.0
127 0.0 0.0 1.0
128 0.0 0.0 1.0
129 0.0 0.0 1.0
130 0.0 0.0 1.0
131 0.0 0.0 1.0
132 0.0 0.0 1.0
133 0.0 0.0 1.0
134 0.0 0.0 1.0
135 0.0 0.0 1.0
136 0.0 0.0 1.0
137 0.0 0.0 1.0
138 0.0 0.0 1.0
139 0.0 0.0 1.0
140 0.0 0.0 1.0
141 0.0 0.0 1.0
142 0.0 0.0 1.0
143 0.0 0.0 1.0
144 0.0 0.0 1.0
145 0.0 0.0 1.0
146 0.0 0.0 1.0
147 0.0 0.0 1.0
148 0.0 0.0 1.0
149 0.0 0.0 1.0
150 0.0 0.0 1.0
151 0.0 0.0 1.0
152 0.0 0.0 1.0
153 0.0 0.0 1.0
154 0.0 0.0 1.0
155 0.0 0.0 1.0
156 0.0 0.0 1.0
157 0.0 0.0 1.0
158 0.0 0.0 1.0
159 0.0 0.0 1.0
160 0.0 0.0 1.0
161 0.0 0.0 1.0
162 0.0 0.0 1.0
163 0.0 0.0 1.0
164 0.0 0.0 1.0
165 0.0 0.0 1.0
166 0.0 0.0 1.0
167 0.0 0.0 1.0
168 0.0 0.0 1.0
169 0.0 0.0 1.0
170 0.0 0.0 1.0
171 0.0 0.0 1.0
172 0.0 0.0 1.0
173 0.0 0.0 1.0
174 0.0 0.0 1.0
175 0.0 0.0 1.0
176 0.0 0.0 1.0
177 0.0 0.0 1.0
178 0.0 0.0 1.0
179 0.0 0.0 1.0
180 0.0 0.0 1.0
181 0.0 0.0 1.0
182 0.0 0.0 1.0
183 0.0 0.0 1.0
184 0.0 0.0 1.0
185 0.0 0.0 1.0
186 0.0 0.0 1.0
187 0.0 0.0 1.0
188 0.0 0.0 1.0
189 0.0 0.0 1.0
190 0.0 0.0 1.0
191 0.0 0.0 1.0
192 0.0 0.0 1.0
193 0.0 0.0 1.0
194 0.0 0.0 1.0
195 0.0 0.0 1.0
196 0.0 0.0 1.0
197 0.0 0.0 1.0
198 0.0 0.0 1.0
199 0.0 0.0 1.0
200 0.0 0.0 1.0
201 0.0 0.0 1.0
202 0.0 0.0 1.0
203 0.0 0.0 1.0
204 0.0 0.0 1.0
205 0.0 0.0 1.0
206 0.0 0.0 1.0
207 0.0 0.0 1.0
208 0.0 0.0 1.0
209 0.0 0.0 1.0
210 0.0 0.0 1.0
211 0.0 0.0 1.0
212 0.0 0.0 1.0
213 0.0 0.0 1.0
214 0.0 0.0 1.0
215 0.0 0.0 1.0
216 0.0 0.0 1.0
217 0.0 0.0 1.0
218 0.0 0.0 1.0
219 0.0 0.0 1.0
220 0.0 0.0 1.0
221 0.0 0.0 1.0
222 0.0 0.0 1.0
223 0.0 0.0 1.0
224 0.0 0.0 1.0
225 0.0 0.0 1.0
226 0.0 0.0 1.0
227 0.0 0.0 1.0
228 0.0 0.0 1.0
229 0.0 0.0 1.0
230 0.0 0.0 1.0
231 0.0 0.0 1.0
232 0.0 0.0 1.0
233 0.0 0.0 1.0
234 0.0 0.0 1.0
235 0.0 0.0 1.0
236 0.0 0.0 1.0
237 0.0 0.0 1.0
238 0.0 0.0 1.0
239 0.0 0.0 1.0
240 0.0 0.0 1.0
241 0.0 0.0 1.0
242 0.0 0.0 1.0
243 0.0 0.0 1.0
244 0.0 0.0 1.0
245 0.0 0.0 1.0
246 0.0 0.0 1.0
247 0.0 0.0 1.0
248 0.0 0.0 1.0
249 0.0 0.0 1.0
250 0.0 0.0 1.0
251 0.0 0.0 1.0
252 0.0 0.0 1.0
253 0.0 0.0 1.0
254 0.0 0.0 1.0
255 0.0 0.0 1.0
256 0.0 0.0 1.0
257 0.0 0.0 1.0
258 0.0 0.0 1.0
259 0.0 0.0 1.0
260 0.0 0.0 1.0
261 0.0 0.0 1.0
262 0.0 0.0 1.0
263 0.0 0.0 1.0
264 0.0 0.0 1.0
265 0.0 0.0 1.0
266 0.0 0.0 1.0
267 0.0 0.0 1.0
268 0.0 0.0 1.0
269 0.0 0.0 1.0
270 0.0 0.0 1.0
271 0.0 0.0 1.0
272 0.0 0.0 1.0
273 0.0 0.0 1.0
274 0.0 0.0 1.0
275 0.0 0.0 1.0
276 0.0 0.0 1.0
277 0.0 0.0 1.0
278 0.0 0.0 1.0
279 0.0 0.0 1.0
280 0.0 0.0 1.0
281 0.0 0.0 1.0
282 0.0 0.0 1.0
283 0.0 0.0 1.0
284 0.0 0.0 1.0
285 0.0 0.0 1.0
286 0.0 0.0 1.0
287 0.0 0.0 1.0
288 0.0 0.0 1.0
289 0.0 0.0 1.0
290 0.0 0.0 1.0
291 0.0 0.0 1.0
292 0.0 0.0 1.0
293 0.0 0.0 1.0
294 0.0 0.0 1.0
295 0.0 0.0 1.0
296 0.0 0.0 1.0
297 0.0 0.0 1.0
298 0.0 0.0 1.0
299 0.0 0.0 1.0
300 0.0 0.0 1.0
