0 0.0014792899408284023 0.0 0.9985207100591716
1 0.0014792899408284023 0.0 0.9985207100591716
2 0.0014792899408284023 0.0 0.9985207100591716
3 0.0014792899408284023 0.0 0.9985207100591716
4 0.0014792899408284023 0.0014792899408284023 0.9970414201183432
5 0.0029585798816568047 0.0014792899408284023 0.9955621301775148
6 0.0029585798816568047 0.0029585798816568047 0.9940828402366864
7 0.0029585798816568047 0.0073964497041420114 0.9896449704142012
8 0.005917159763313609 0.005917159763313609 0.9881656804733728
9 0.005917159763313609 0.005917159763313609 0.9881656804733728
10 0.005917159763313609 0.0073964497041420114 0.9866863905325444
11 0.005917159763313609 0.008875739644970414 0.985207100591716
12 0.0073964497041420114 0.008875739644970414 0.9837278106508875
13 0.008875739644970414 0.010355029585798817 0.9807692307692307
14 0.010355029585798817 0.011834319526627219 0.977810650887574
15 0.010355029585798817 0.014792899408284023 0.9748520710059172
16 0.013313609467455622 0.016272189349112426 0.9704142011834319
17 0.014792899408284023 0.01775147928994083 0.9674556213017751
18 0.016272189349112426 0.016272189349112426 0.9674556213017751
19 0.019230769230769232 0.019230769230769232 0.9615384615384616
20 0.020710059171597635 0.020710059171597635 0.9585798816568047
21 0.028106508875739646 0.019230769230769232 0.9526627218934911
22 0.029585798816568046 0.026627218934911243 0.9437869822485208
23 0.03106508875739645 0.029585798816568046 0.9393491124260355
24 0.03698224852071006 0.028106508875739646 0.9349112426035503
25 0.03994082840236687 0.03254437869822485 0.9275147928994083
26 0.04585798816568047 0.03994082840236687 0.9142011834319527
27 0.05621301775147929 0.034023668639053255 0.9097633136094675
28 0.05917159763313609 0.03994082840236687 0.900887573964497
29 0.06656804733727811 0.03550295857988166 0.8979289940828402
30 0.07248520710059171 0.05325443786982249 0.8742603550295858
31 0.08284023668639054 0.047337278106508875 0.8698224852071006
32 0.09023668639053255 0.04881656804733728 0.8609467455621301
33 0.10207100591715976 0.05029585798816568 0.8476331360946746
34 0.11390532544378698 0.051775147928994084 0.834319526627219
35 0.1242603550295858 0.051775147928994084 0.8239644970414202
36 0.13165680473372782 0.05621301775147929 0.8121301775147929
37 0.14349112426035504 0.05473372781065089 0.8017751479289941
38 0.15680473372781065 0.05029585798816568 0.7928994082840237
39 0.16272189349112426 0.05325443786982249 0.7840236686390533
40 0.17011834319526628 0.05621301775147929 0.7736686390532544
41 0.1863905325443787 0.05473372781065089 0.7588757396449705
42 0.20118343195266272 0.051775147928994084 0.7470414201183432
43 0.20710059171597633 0.051775147928994084 0.7411242603550295
44 0.21597633136094674 0.0650887573964497 0.7189349112426036
45 0.22928994082840237 0.06656804733727811 0.7041420118343196
46 0.23964497041420119 0.08284023668639054 0.6775147928994083
47 0.257396449704142 0.07544378698224852 0.6671597633136095
48 0.2781065088757396 0.06656804733727811 0.6553254437869822
49 0.2958579881656805 0.06656804733727811 0.6375739644970414
50 0.3091715976331361 0.07396449704142012 0.6168639053254438
51 0.3269230769230769 0.07396449704142012 0.599112426035503
52 0.3431952662721893 0.08136094674556213 0.5754437869822485
53 0.35798816568047337 0.08727810650887574 0.5547337278106509
54 0.38461538461538464 0.08284023668639054 0.5325443786982249
55 0.3994082840236686 0.08431952662721894 0.5162721893491125
56 0.41124260355029585 0.09023668639053255 0.4985207100591716
57 0.4289940828402367 0.08579881656804733 0.48520710059171596
58 0.4408284023668639 0.09467455621301775 0.46449704142011833
59 0.46153846153846156 0.09319526627218935 0.4452662721893491
60 0.47337278106508873 0.10059171597633136 0.4260355029585799
61 0.49556213017751477 0.09319526627218935 0.41124260355029585
62 0.514792899408284 0.09171597633136094 0.39349112426035504
63 0.5310650887573964 0.09467455621301775 0.3742603550295858
64 0.5384615384615384 0.10207100591715976 0.3594674556213018
65 0.5636094674556213 0.08875739644970414 0.34763313609467456
66 0.5857988165680473 0.08136094674556213 0.3328402366863905
67 0.5976331360946746 0.08431952662721894 0.3180473372781065
68 0.6168639053254438 0.07544378698224852 0.3076923076923077
69 0.6272189349112426 0.08136094674556213 0.29142011834319526
70 0.636094674556213 0.08136094674556213 0.28254437869822485
71 0.6538461538461539 0.07692307692307693 0.2692307692307692
72 0.6715976331360947 0.07248520710059171 0.2559171597633136
73 0.6804733727810651 0.07692307692307693 0.24260355029585798
74 0.6952662721893491 0.08284023668639054 0.22189349112426035
75 0.7085798816568047 0.08579881656804733 0.20562130177514792
76 0.727810650887574 0.07396449704142012 0.19822485207100593
77 0.7381656804733728 0.08136094674556213 0.1804733727810651
78 0.7633136094674556 0.0621301775147929 0.17455621301775148
79 0.772189349112426 0.06656804733727811 0.16124260355029585
80 0.7825443786982249 0.0621301775147929 0.15532544378698224
81 0.7943786982248521 0.05917159763313609 0.14644970414201183
82 0.8076923076923077 0.05325443786982249 0.1390532544378698
83 0.8239644970414202 0.047337278106508875 0.128698224852071
84 0.834319526627219 0.042899408284023666 0.1227810650887574
85 0.8446745562130178 0.03994082840236687 0.11538461538461539
86 0.8579881656804734 0.034023668639053255 0.10798816568047337
87 0.871301775147929 0.026627218934911243 0.10207100591715976
88 0.8772189349112426 0.022189349112426034 0.10059171597633136
89 0.8831360946745562 0.01775147928994083 0.09911242603550297
90 0.8920118343195266 0.010355029585798817 0.09763313609467456
91 0.8949704142011834 0.011834319526627219 0.09319526627218935
92 0.8964497041420119 0.013313609467455622 0.09023668639053255
93 0.9023668639053254 0.0073964497041420114 0.09023668639053255
94 0.9038461538461539 0.008875739644970414 0.08727810650887574
95 0.9053254437869822 0.0073964497041420114 0.08727810650887574
96 0.9068047337278107 0.008875739644970414 0.08431952662721894
97 0.9053254437869822 0.008875739644970414 0.08579881656804733
98 0.8757396449704142 0.03698224852071006 0.08727810650887574
99 0.8875739644970414 0.028106508875739646 0.08431952662721894
100 0.8890532544378699 0.028106508875739646 0.08284023668639054
101 0.0 0.915680473372781 0.08431952662721894
102 0.0 0.8964497041420119 0.10355029585798817
103 0.0 0.0 1.0
104 0.0 0.0 1.0
105 0.0 0.0 1.0
106 0.0 0.0 1.0
107 0.0 0.0 1.0
108 0.0 0.0 1.0
109 0.0 0.0 1.0
110 0.0 0.0 1.0
111 0.0 0.0 1.0
112 0.0 0.0 1.0
113 0.0 0.0 1.0
114 0.0 0.0 1.0
115 0.0 0.0 1.0
116 0.0 0.0 1.0
117 0.0 0.0 1.0
118 0.0 0.0 1.0
119 0.0 0.0 1.0
120 0.0 0.0 1.0
121 0.0 0.0 1.0
122 0.0 0.0 1.0
123 0.0 0.0 1.0
124 0.0 0.0 1.0
125 0.0 0.0 1.0
126 0.0 0.0 1.0
127 0.0 0.0 1.0
128 0.0 0.0 1.0
129 0.0 0.0 1.0
130 0.0 0.0 1.0
131 0.0 0.0 1.0
132 0.0 0.0 1.0
133 0.0 0.0 1.0
134 0.0 0.0 1.0
135 0.0 0.0 1.0
136 0.0 0.0 1.0
137 0.0 0.0 1.0
138 0.0 0.0 1.0
139 0.0 0.0 1.0
140 0.0 0.0 1.0
141 0.0 0.0 1.0
142 0.0 0.0 1.0
143 0.0 0.0 1.0
144 0.0 0.0 1.0
145 0.0 0.0 1.0
146 0.0 0.0 1.0
147 0.0 0.0 1.0
148 0.0 0.0 1.0
149 0.0 0.0 1.0
150 0.0 0.0 1.0
151 0.0 0.0 1.0
152 0.0 0.0 1.0
153 0.0 0.0 1.0
154 0.0 0.0 1.0
155 0.0 0.0 1.0
156 0.0 0.0 1.0
157 0.0 0.0 1.0
158 0.0 0.0 1.0
159 0.0 0.0 1.0
160 0.0 0.0 1.0
161 0.0 0.0 1.0
162 0.0 0.0 1.0
163 0.0 0.0 1.0
164 0.0 0.0 1.0
165 0.0 0.0 1.0
166 0.0 0.0 1.0
167 0.0 0.0 1.0
168 0.0 0.0 1.0
169 0.0 0.0 1.0
170 0.0 0.0 1.0
171 0.0 0.0 1.0
172 0.0 0.0 1.0
173 0.0 0.0 1.0
174 0.0 0.0 1.0
175 0.0 0.0 1.0
176 0.0 0.0 1.0
177 0.0 0.0 1.0
178 0.0 0.0 1.0
179 0.0 0.0 1.0
180 0.0 0.0 1.0
181 0.0 0.0 1.0
182 0.0 0.0 1.0
183 0.0 0.0 1.0
184 0.0 0.0 1.0
185 0.0 0.0 1.0
186 0.0 0.0 1.0
187 0.0 0.0 1.0
188 0.0 0.0 1.0
189 0.0 0.0 1.0
190 0.0 0.0 1.0
191 0.0 0.0 1.0
192 0.0 0.0 1.0
193 0.0 0.0 1.0
194 0.0 0.0 1.0
195 0.0 0.0 1.0
196 0.0 0.0 1.0
197 0.0 0.0 1.0
198 0.0 0.0 1.0
199 0.0 0.0 1.0
200 0.0 0.0 1.0
201 0.0 0.0 1.0
202 0.0 0.0 1.0
203 0.0 0.0 1.0
204 0.0 0.0 1.0
205 0.0 0.0 1.0
206 0.0 0.0 1.0
207 0.0 0.0 1.0
208 0.0 0.0 1.0
209 0.0 0.0 1.0
210 0.0 0.0 1.0
211 0.0 0.0 1.0
212 0.0 0.0 1.0
213 0.0 0.0 1.0
214 0.0 0.0 1.0
215 0.0 0.0 1.0
216 0.0 0.0 1.0
217 0.0 0.0 1.0
218 0.0 0.0 1.0
219 0.0 0.0 1.0
220 0.0 0.0 1.0
221 0.0 0.0 1.0
222 0.0 0.0 1.0
223 0.0 0.0 1.0
224 0.0 0.0 1.0
225 0.0 0.0 1.0
226 0.0 0.0 1.0
227 0.0 0.0 1.0
228 0.0 0.0 1.0
229 0.0 0.0 1.0
230 0.0 0.0 1.0
231 0.0 0.0 1.0
232 0.0 0.0 1.0
233 0.0 0.0 1.0
234 0.0 0.0 1.0
235 0.0 0.0 1.0
236 0.0 0.0 1.0
237 0.0 0.0 1.0
238 0.0 0.0 1.0
239 0.0 0.0 1.0
240 0.0 0.0 1.0
241 0.0 0.0 1.0
242 0.0 0.0 1.0
243 0.0 0.0 1.0
244 0.0 0.0 1.0
245 0.0 0.0 1.0
246 0.0 0.0 1.0
247 0.0 0.0 1.0
248 0.0 0.0 1.0
249 0.0 0.0 1.0
250 0.0 0.0 1.0
251 0.0 0.0 1.0
252 0.0 0.0 1.0
253 0.0 0.0 1.0
254 0.0 0.0 1.0
255 0.0 0.0 1.0
256 0.0 0.0 1.0
257 0.0 0.0 1.0
258 0.0 0.0 1.0
259 0.0 0.0 1.0
260 0.0 0.0 1.0
261 0.0 0.0 1.0
262 0.0 0.0 1.0
263 0.0 0.0 1.0
264 0.0 0.0 1.0
265 0.0 0.0 1.0
266 0.0 0.0 1.0
267 0.0 0.0 1.0
268 0.0 0.0 1.0
269 0.0 0.0 1.0
270 0.0 0.0 1.0
271 0.0 0.0 1.0
272 0.0 0.0 1.0
273 0.0 0.0 1.0
274 0.0 0.0 1.0
275 0.0 0.0 1.0
276 0.0 0.0 1.0
277 0.0 0.0 1.0
278 0.0 0.0 1.0
279 0.0 0.0 1.0
280 0.0 0.0 1.0
281 0.0 0.0 1.0
282 0.0 0.0 1.0
283 0.0 0.0 1.0
284 0.0 0.0 1.0
285 0.0 0.0 1.0
286 0.0 0.0 1.0
287 0.0 0.0 1.0
288 0.0 0.0 1.0
289 0.0 0.0 1.0
290 0.0 0.0 1.0
291 0.0 0.0 1.0
292 0.0 0.0 1.0
293 0.0 0.0 1.0
294 0.0 0.0 1.0
295 0.0 0.0 1.0
296 0.0 0.0 1.0
297 0.0 0.0 1.0
298 0.0 0.0 1.0
299 0.0 0.0 1.0
300 0.0 0.0 1.0
