0 0.0014792899408284023 0.0 0.9985207100591716
1 0.0014792899408284023 0.0 0.9985207100591716
2 0.0014792899408284023 0.0 0.9985207100591716
3 0.0014792899408284023 0.0 0.9985207100591716
4 0.0014792899408284023 0.0 0.9985207100591716
5 0.0014792899408284023 0.0014792899408284023 0.9970414201183432
6 0.0014792899408284023 0.0014792899408284023 0.9970414201183432
7 0.0014792899408284023 0.0014792899408284023 0.9970414201183432
8 0.0014792899408284023 0.004437869822485207 0.9940828402366864
9 0.0014792899408284023 0.004437869822485207 0.9940828402366864
10 0.0014792899408284023 0.004437869822485207 0.9940828402366864
11 0.0014792899408284023 0.004437869822485207 0.9940828402366864
12 0.0014792899408284023 0.005917159763313609 0.992603550295858
13 0.0029585798816568047 0.005917159763313609 0.9911242603550295
14 0.0029585798816568047 0.0073964497041420114 0.9896449704142012
15 0.0029585798816568047 0.0073964497041420114 0.9896449704142012
16 0.0029585798816568047 0.010355029585798817 0.9866863905325444
17 0.005917159763313609 0.008875739644970414 0.985207100591716
18 0.0073964497041420114 0.008875739644970414 0.9837278106508875
19 0.008875739644970414 0.010355029585798817 0.9807692307692307
20 0.008875739644970414 0.011834319526627219 0.9792899408284024
21 0.010355029585798817 0.01775147928994083 0.9718934911242604
22 0.013313609467455622 0.016272189349112426 0.9704142011834319
23 0.013313609467455622 0.01775147928994083 0.9689349112426036
24 0.013313609467455622 0.023668639053254437 0.9630177514792899
25 0.014792899408284023 0.02514792899408284 0.9600591715976331
26 0.01775147928994083 0.028106508875739646 0.9541420118343196
27 0.020710059171597635 0.03550295857988166 0.9437869822485208
28 0.026627218934911243 0.03254437869822485 0.9408284023668639
29 0.029585798816568046 0.03698224852071006 0.9334319526627219
30 0.034023668639053255 0.038461538461538464 0.9275147928994083
31 0.03994082840236687 0.042899408284023666 0.9171597633136095
32 0.04881656804733728 0.04142011834319527 0.9097633136094675
33 0.04881656804733728 0.05325443786982249 0.8979289940828402
34 0.057692307692307696 0.05621301775147929 0.886094674556213
35 0.060650887573964495 0.06360946745562131 0.8757396449704142
36 0.07396449704142012 0.057692307692307696 0.8683431952662722
37 0.07544378698224852 0.06804733727810651 0.856508875739645
38 0.08284023668639054 0.07396449704142012 0.8431952662721893
39 0.08579881656804733 0.07692307692307693 0.8372781065088757
40 0.10059171597633136 0.0695266272189349 0.8298816568047337
41 0.10650887573964497 0.07988165680473373 0.8136094674556213
42 0.11686390532544379 0.08431952662721894 0.7988165680473372
43 0.1242603550295858 0.08284023668639054 0.7928994082840237
44 0.13313609467455623 0.08284023668639054 0.7840236686390533
45 0.13757396449704143 0.09171597633136094 0.7707100591715976
46 0.14201183431952663 0.09763313609467456 0.7603550295857988
47 0.15532544378698224 0.10207100591715976 0.742603550295858
48 0.16420118343195267 0.11390532544378698 0.7218934911242604
49 0.1804733727810651 0.11538461538461539 0.7041420118343196
50 0.1908284023668639 0.11834319526627218 0.6908284023668639
51 0.20414201183431951 0.1227810650887574 0.6730769230769231
52 0.21745562130177515 0.1257396449704142 0.6568047337278107
53 0.22633136094674555 0.13165680473372782 0.6420118343195266
54 0.2455621301775148 0.1390532544378698 0.6153846153846154
55 0.2559171597633136 0.14349112426035504 0.6005917159763313
56 0.27218934911242604 0.1390532544378698 0.5887573964497042
57 0.28254437869822485 0.14644970414201183 0.5710059171597633
58 0.30177514792899407 0.1390532544378698 0.5591715976331361
59 0.3165680473372781 0.14497041420118342 0.5384615384615384
60 0.33727810650887574 0.13609467455621302 0.5266272189349113
61 0.3520710059171598 0.14349112426035504 0.5044378698224852
62 0.3683431952662722 0.14644970414201183 0.48520710059171596
63 0.3831360946745562 0.14792899408284024 0.46893491124260356
64 0.39349112426035504 0.14497041420118342 0.46153846153846156
65 0.4156804733727811 0.14792899408284024 0.4363905325443787
66 0.4334319526627219 0.15236686390532544 0.41420118343195267
67 0.4526627218934911 0.14497041420118342 0.40236686390532544
68 0.47781065088757396 0.1390532544378698 0.3831360946745562
69 0.4911242603550296 0.13609467455621302 0.3727810650887574
70 0.5088757396449705 0.12721893491124261 0.363905325443787
71 0.5207100591715976 0.13313609467455623 0.34615384615384615
72 0.5325443786982249 0.1390532544378698 0.32840236686390534
73 0.5488165680473372 0.13165680473372782 0.31952662721893493
74 0.5650887573964497 0.1301775147928994 0.3047337278106509
75 0.5754437869822485 0.13313609467455623 0.29142011834319526
76 0.5931952662721893 0.1346153846153846 0.27218934911242604
77 0.6079881656804734 0.1301775147928994 0.2618343195266272
78 0.628698224852071 0.1346153846153846 0.23668639053254437
79 0.6405325443786982 0.13165680473372782 0.22781065088757396
80 0.6553254437869822 0.12721893491124261 0.21745562130177515
81 0.6642011834319527 0.1301775147928994 0.20562130177514792
82 0.6849112426035503 0.1227810650887574 0.19230769230769232
83 0.6967455621301775 0.12721893491124261 0.1760355029585799
84 0.7100591715976331 0.1242603550295858 0.16568047337278108
85 0.7233727810650887 0.12130177514792899 0.15532544378698224
86 0.735207100591716 0.1227810650887574 0.14201183431952663
87 0.7440828402366864 0.12721893491124261 0.128698224852071
88 0.764792899408284 0.11242603550295859 0.1227810650887574
89 0.7840236686390533 0.09911242603550297 0.11686390532544379
90 0.8032544378698225 0.08875739644970414 0.10798816568047337
91 0.8180473372781065 0.07692307692307693 0.10502958579881656
92 0.8195266272189349 0.07692307692307693 0.10355029585798817
93 0.8313609467455622 0.07100591715976332 0.09763313609467456
94 0.8431952662721893 0.060650887573964495 0.09615384615384616
95 0.8535502958579881 0.051775147928994084 0.09467455621301775
96 0.8594674556213018 0.047337278106508875 0.09319526627218935
97 0.0 0.9053254437869822 0.09467455621301775
98 0.0 0.8757396449704142 0.1242603550295858
99 0.0 0.8875739644970414 0.11242603550295859
100 0.0 0.8890532544378699 0.11094674556213018
101 0.0 0.0 1.0
102 0.0 0.0 1.0
103 0.0 0.0 1.0
104 0.0 0.0 1.0
105 0.0 0.0 1.0
106 0.0 0.0 1.0
107 0.0 0.0 1.0
108 0.0 0.0 1.0
109 0.0 0.0 1.0
110 0.0 0.0 1.0
111 0.0 0.0 1.0
112 0.0 0.0 1.0
113 0.0 0.0 1.0
114 0.0 0.0 1.0
115 0.0 0.0 1.0
116 0.0 0.0 1.0
117 0.0 0.0 1.0
118 0.0 0.0 1.0
119 0.0 0.0 1.0
120 0.0 0.0 1.0
121 0.0 0.0 1.0
122 0.0 0.0 1.0
123 0.0 0.0 1.0
124 0.0 0.0 1.0
125 0.0 0.0 1.0
126 0.0 0.0 1.0
127 0.0 0.0 1.0
128 0.0 0.0 1.0
129 0.0 0.0 1.0
130 0.0 0.0 1.0
131 0.0 0.0 1.0
132 0.0 0.0 1.0
133 0.0 0.0 1.0
134 0.0 0.0 1.0
135 0.0 0.0 1.0
136 0.0 0.0 1.0
137 0.0 0.0 1.0
138 0.0 0.0 1.0
139 0.0 0.0 1.0
140 0.0 0.0 1.0
141 0.0 0.0 1.0
142 0.0 0.0 1.0
143 0.0 0.0 1.0
144 0.0 0.0 1.0
145 0.0 0.0 1.0
146 0.0 0.0 1.0
147 0.0 0.0 1.0
148 0.0 0.0 1.0
149 0.0 0.0 1.0
150 0.0 0.0 1.0
151 0.0 0.0 1.0
152 0.0 0.0 1.0
153 0.0 0.0 1.0
154 0.0 0.0 1.0
155 0.0 0.0 1.0
156 0.0 0.0 1.0
157 0.0 0.0 1.0
158 0.0 0.0 1.0
159 0.0 0.0 1.0
160 0.0 0.0 1.0
161 0.0 0.0 1.0
162 0.0 0.0 1.0
163 0.0 0.0 1.0
164 0.0 0.0 1.0
165 0.0 0.0 1.0
166 0.0 0.0 1.0
167 0.0 0.0 1.0
168 0.0 0.0 1.0
169 0.0 0.0 1.0
170 0.0 0.0 1.0
171 0.0 0.0 1.0
172 0.0 0.0 1.0
173 0.0 0.0 1.0
174 0.0 0.0 1.0
175 0.0 0.0 1.0
176 0.0 0.0 1.0
177 0.0 0.0 1.0
178 0.0 0.0 1.0
179 0.0 0.0 1.0
180 0.0 0.0 1.0
181 0.0 0.0 1.0
182 0.0 0.0 1.0
183 0.0 0.0 1.0
184 0.0 0.0 1.0
185 0.0 0.0 1.0
186 0.0 0.0 1.0
187 0.0 0.0 1.0
188 0.0 0.0 1.0
189 0.0 0.0 1.0
190 0.0 0.0 1.0
191 0.0 0.0 1.0
192 0.0 0.0 1.0
193 0.0 0.0 1.0
194 0.0 0.0 1.0
195 0.0 0.0 1.0
196 0.0 0.0 1.0
197 0.0 0.0 1.0
198 0.0 0.0 1.0
199 0.0 0.0 1.0
200 0.0 0.0 1.0
201 0.0 0.0 1.0
202 0.0 0.0 1.0
203 0.0 0.0 1.0
204 0.0 0.0 1.0
205 0.0 0.0 1.0
206 0.0 0.0 1.0
207 0.0 0.0 1.0
208 0.0 0.0 1.0
209 0.0 0.0 1.0
210 0.0 0.0 1.0
211 0.0 0.0 1.0
212 0.0 0.0 1.0
213 0.0 0.0 1.0
214 0.0 0.0 1.0
215 0.0 0.0 1.0
216 0.0 0.0 1.0
217 0.0 0.0 1.0
218 0.0 0.0 1.0
219 0.0 0.0 1.0
220 0.0 0.0 1.0
221 0.0 0.0 1.0
222 0.0 0.0 1.0
223 0.0 0.0 1.0
224 0.0 0.0 1.0
225 0.0 0.0 1.0
226 0.0 0.0 1.0
227 0.0 0.0 1.0
228 0.0 0.0 1.0
229 0.0 0.0 1.0
230 0.0 0.0 1.0
231 0.0 0.0 1.0
232 0.0 0.0 1.0
233 0.0 0.0 1.0
234 0.0 0.0 1.0
235 0.0 0.0 1.0
236 0.0 0.0 1.0
237 0.0 0.0 1.0
238 0.0 0.0 1.0
239 0.0 0.0 1.0
240 0.0 0.0 1.0
241 0.0 0.0 1.0
242 0.0 0.0 1.0
243 0.0 0.0 1.0
244 0.0 0.0 1.0
245 0.0 0.0 1.0
246 0.0 0.0 1.0
247 0.0 0.0 1.0
248 0.0 0.0 1.0
249 0.0 0.0 1.0
250 0.0 0.0 1.0
251 0.0 0.0 1.0
252 0.0 0.0 1.0
253 0.0 0.0 1.0
254 0.0 0.0 1.0
255 0.0 0.0 1.0
256 0.0 0.0 1.0
257 0.0 0.0 1.0
258 0.0 0.0 1.0
259 0.0 0.0 1.0
260 0.0 0.0 1.0
261 0.0 0.0 1.0
262 0.0 0.0 1.0
263 0.0 0.0 1.0
264 0.0 0.0 1.0
265 0.0 0.0 1.0
266 0.0 0.0 1.0
267 0.0 0.0 1.0
268 0.0 0.0 1.0
269 0.0 0.0 1.0
270 0.0 0.0 1.0
271 0.0 0.0 1.0
272 0.0 0.0 1.0
273 0.0 0.0 1.0
274 0.0 0.0 1.0
275 0.0 0.0 1.0
276 0.0 0.0 1.0
277 0.0 0.0 1.0
278 0.0 0.0 1.0
279 0.0 0.0 1.0
280 0.0 0.0 1.0
281 0.0 0.0 1.0
282 0.0 0.0 1.0
283 0.0 0.0 1.0
284 0.0 0.0 1.0
285 0.0 0.0 1.0
286 0.0 0.0 1.0
287 0.0 0.0 1.0
288 0.0 0.0 1.0
289 0.0 0.0 1.0
290 0.0 0.0 1.0
291 0.0 0.0 1.0
292 0.0 0.0 1.0
293 0.0 0.0 1.0
294 0.0 0.0 1.0
295 0.0 0.0 1.0
296 0.0 0.0 1.0
297 0.0 0.0 1.0
298 0.0 0.0 1.0
299 0.0 0.0 1.0
300 0.0 0.0 1.0
