0 0.0014792899408284023 0.0 0.9985207100591716
1 0.0014792899408284023 0.004437869822485207 0.9940828402366864
2 0.004437869822485207 0.0029585798816568047 0.992603550295858
3 0.005917159763313609 0.0029585798816568047 0.9911242603550295
4 0.0073964497041420114 0.0029585798816568047 0.9896449704142012
5 0.008875739644970414 0.005917159763313609 0.985207100591716
6 0.011834319526627219 0.004437869822485207 0.9837278106508875
7 0.013313609467455622 0.005917159763313609 0.9807692307692307
8 0.013313609467455622 0.011834319526627219 0.9748520710059172
9 0.019230769230769232 0.010355029585798817 0.9704142011834319
10 0.020710059171597635 0.011834319526627219 0.9674556213017751
11 0.023668639053254437 0.014792899408284023 0.9615384615384616
12 0.029585798816568046 0.01775147928994083 0.9526627218934911
13 0.03254437869822485 0.016272189349112426 0.9511834319526628
14 0.038461538461538464 0.01775147928994083 0.9437869822485208
15 0.03994082840236687 0.022189349112426034 0.9378698224852071
16 0.047337278106508875 0.023668639053254437 0.9289940828402367
17 0.051775147928994084 0.023668639053254437 0.9245562130177515
18 0.05473372781065089 0.034023668639053255 0.9112426035502958
19 0.0650887573964497 0.034023668639053255 0.900887573964497
20 0.06804733727810651 0.038461538461538464 0.893491124260355
21 0.07988165680473373 0.03698224852071006 0.8831360946745562
22 0.08431952662721894 0.04142011834319527 0.8742603550295858
23 0.09171597633136094 0.04437869822485207 0.863905325443787
24 0.10207100591715976 0.04142011834319527 0.856508875739645
25 0.11538461538461539 0.03994082840236687 0.8446745562130178
26 0.12130177514792899 0.051775147928994084 0.8269230769230769
27 0.13757396449704143 0.05029585798816568 0.8121301775147929
28 0.14792899408284024 0.057692307692307696 0.7943786982248521
29 0.15236686390532544 0.0695266272189349 0.7781065088757396
30 0.15976331360946747 0.07692307692307693 0.7633136094674556
31 0.1760355029585799 0.07840236686390532 0.7455621301775148
32 0.1893491124260355 0.07248520710059171 0.7381656804733728
33 0.20266272189349113 0.0695266272189349 0.727810650887574
34 0.21301775147928995 0.07248520710059171 0.7144970414201184
35 0.22485207100591717 0.07692307692307693 0.6982248520710059
36 0.23520710059171598 0.08284023668639054 0.6819526627218935
37 0.2485207100591716 0.08284023668639054 0.6686390532544378
38 0.26331360946745563 0.08284023668639054 0.6538461538461539
39 0.27514792899408286 0.08431952662721894 0.6405325443786982
40 0.29142011834319526 0.08727810650887574 0.621301775147929
41 0.3047337278106509 0.09467455621301775 0.6005917159763313
42 0.3210059171597633 0.09023668639053255 0.5887573964497042
43 0.32988165680473375 0.09911242603550297 0.5710059171597633
44 0.3505917159763314 0.09171597633136094 0.5576923076923077
45 0.3624260355029586 0.10355029585798817 0.5340236686390533
46 0.3905325443786982 0.09467455621301775 0.514792899408284
47 0.41420118343195267 0.09171597633136094 0.4940828402366864
48 0.4289940828402367 0.10207100591715976 0.46893491124260356
49 0.4452662721893491 0.10798816568047337 0.4467455621301775
50 0.47041420118343197 0.10502958579881656 0.4245562130177515
51 0.4822485207100592 0.11094674556213018 0.4068047337278107
52 0.5088757396449705 0.10502958579881656 0.386094674556213
53 0.5295857988165681 0.10650887573964497 0.363905325443787
54 0.5473372781065089 0.09763313609467456 0.35502958579881655
55 0.5636094674556213 0.09319526627218935 0.3431952662721893
56 0.5798816568047337 0.09319526627218935 0.3269230769230769
57 0.606508875739645 0.07988165680473373 0.3136094674556213
58 0.6183431952662722 0.07840236686390532 0.3032544378698225
59 0.6390532544378699 0.0650887573964497 0.2958579881656805
60 0.6479289940828402 0.06804733727810651 0.28402366863905326
61 0.6612426035502958 0.07396449704142012 0.26479289940828404
62 0.6775147928994083 0.07248520710059171 0.25
63 0.6863905325443787 0.07692307692307693 0.23668639053254437
64 0.7100591715976331 0.06656804733727811 0.22337278106508876
65 0.7189349112426036 0.07396449704142012 0.20710059171597633
66 0.7263313609467456 0.07692307692307693 0.19674556213017752
67 0.7455621301775148 0.07248520710059171 0.1819526627218935
68 0.7559171597633136 0.06804733727810651 0.1760355029585799
69 0.7677514792899408 0.0621301775147929 0.17011834319526628
70 0.7810650887573964 0.06656804733727811 0.15236686390532544
71 0.7914201183431953 0.06656804733727811 0.14201183431952663
72 0.8091715976331361 0.05473372781065089 0.13609467455621302
73 0.8195266272189349 0.05325443786982249 0.12721893491124261
74 0.834319526627219 0.04437869822485207 0.12130177514792899
75 0.8402366863905325 0.04437869822485207 0.11538461538461539
76 0.8505917159763313 0.04142011834319527 0.10798816568047337
77 0.8609467455621301 0.03698224852071006 0.10207100591715976
78 0.8653846153846154 0.034023668639053255 0.10059171597633136
79 0.8772189349112426 0.02514792899408284 0.09763313609467456
80 0.878698224852071 0.03106508875739645 0.09023668639053255
81 0.8875739644970414 0.023668639053254437 0.08875739644970414
82 0.8994082840236687 0.016272189349112426 0.08431952662721894
83 0.9023668639053254 0.013313609467455622 0.08431952662721894
84 0.9023668639053254 0.013313609467455622 0.08431952662721894
85 0.9053254437869822 0.011834319526627219 0.08284023668639054
86 0.908284023668639 0.010355029585798817 0.08136094674556213
87 0.9142011834319527 0.004437869822485207 0.08136094674556213
88 0.9142011834319527 0.004437869822485207 0.08136094674556213
89 0.9142011834319527 0.004437869822485207 0.08136094674556213
90 0.9142011834319527 0.004437869822485207 0.08136094674556213
91 0.9171597633136095 0.0014792899408284023 0.08136094674556213
92 0.9171597633136095 0.0014792899408284023 0.08136094674556213
93 0.9186390532544378 0.0 0.08136094674556213
94 0.9186390532544378 0.0 0.08136094674556213
95 0.9186390532544378 0.0 0.08136094674556213
96 0.9186390532544378 0.0 0.08136094674556213
97 0.9186390532544378 0.0 0.08136094674556213
98 0.9186390532544378 0.0 0.08136094674556213
99 0.9186390532544378 0.0 0.08136094674556213
100 0.9186390532544378 0.0 0.08136094674556213
101 0.9186390532544378 0.0 0.08136094674556213
102 0.9186390532544378 0.0 0.08136094674556213
103 0.9186390532544378 0.0 0.08136094674556213
104 0.9023668639053254 0.016272189349112426 0.08136094674556213
105 0.0 0.9186390532544378 0.08136094674556213
106 0.0 0.9186390532544378 0.08136094674556213
107 0.0 0.9186390532544378 0.08136094674556213
108 0.0 0.9186390532544378 0.08136094674556213
109 0.0 0.9186390532544378 0.08136094674556213
110 0.0 0.9142011834319527 0.08579881656804733
111 0.0 0.0 1.0
112 0.0 0.0 1.0
113 0.0 0.0 1.0
114 0.0 0.0 1.0
115 0.0 0.0 1.0
116 0.0 0.0 1.0
117 0.0 0.0 1.0
118 0.0 0.0 1.0
119 0.0 0.0 1.0
120 0.0 0.0 1.0
121 0.0 0.0 1.0
122 0.0 0.0 1.0
123 0.0 0.0 1.0
124 0.0 0.0 1.0
125 0.0 0.0 1.0
126 0.0 0.0 1.0
127 0.0 0.0 1.0
128 0.0 0.0 1.0
129 0.0 0.0 1.0
130 0.0 0.0 1.0
131 0.0 0.0 1.0
132 0.0 0.0 1.0
133 0.0 0.0 1.0
134 0.0 0.0 1.0
135 0.0 0.0 1.0
136 0.0 0.0 1.0
137 0.0 0.0 1.0
138 0.0 0.0 1.0
139 0.0 0.0 1.0
140 0.0 0.0 1.0
141 0.0 0.0 1.0
142 0.0 0.0 1.0
143 0.0 0.0 1.0
144 0.0 0.0 1.0
145 0.0 0.0 1.0
146 0.0 0.0 1.0
147 0.0 0.0 1.0
148 0.0 0.0 1.0
149 0.0 0.0 1.0
150 0.0 0.0 1.0
151 0.0 0.0 1.0
152 0.0 0.0 1.0
153 0.0 0.0 1.0
154 0.0 0.0 1.0
155 0.0 0.0 1.0
156 0.0 0.0 1.0
157 0.0 0.0 1.0
158 0.0 0.0 1.0
159 0.0 0.0 1.0
160 0.0 0.0 1.0
161 0.0 0.0 1.0
162 0.0 0.0 1.0
163 0.0 0.0 1.0
164 0.0 0.0 1.0
165 0.0 0.0 1.0
166 0.0 0.0 1.0
167 0.0 0.0 1.0
168 0.0 0.0 1.0
169 0.0 0.0 1.0
170 0.0 0.0 1.0
171 0.0 0.0 1.0
172 0.0 0.0 1.0
173 0.0 0.0 1.0
174 0.0 0.0 1.0
175 0.0 0.0 1.0
176 0.0 0.0 1.0
177 0.0 0.0 1.0
178 0.0 0.0 1.0
179 0.0 0.0 1.0
180 0.0 0.0 1.0
181 0.0 0.0 1.0
182 0.0 0.0 1.0
183 0.0 0.0 1.0
184 0.0 0.0 1.0
185 0.0 0.0 1.0
186 0.0 0.0 1.0
187 0.0 0.0 1.0
188 0.0 0.0 1.0
189 0.0 0.0 1.0
190 0.0 0.0 1.0
191 0.0 0.0 1.0
192 0.0 0.0 1.0
193 0.0 0.0 1.0
194 0.0 0.0 1.0
195 0.0 0.0 1.0
196 0.0 0.0 1.0
197 0.0 0.0 1.0
198 0.0 0.0 1.0
199 0.0 0.0 1.0
200 0.0 0.0 1.0
201 0.0 0.0 1.0
202 0.0 0.0 1.0
203 0.0 0.0 1.0
204 0.0 0.0 1.0
205 0.0 0.0 1.0
206 0.0 0.0 1.0
207 0.0 0.0 1.0
208 0.0 0.0 1.0
209 0.0 0.0 1.0
210 0.0 0.0 1.0
211 0.0 0.0 1.0
212 0.0 0.0 1.0
213 0.0 0.0 1.0
214 0.0 0.0 1.0
215 0.0 0.0 1.0
216 0.0 0.0 1.0
217 0.0 0.0 1.0
218 0.0 0.0 1.0
219 0.0 0.0 1.0
220 0.0 0.0 1.0
221 0.0 0.0 1.0
222 0.0 0.0 1.0
223 0.0 0.0 1.0
224 0.0 0.0 1.0
225 0.0 0.0 1.0
226 0.0 0.0 1.0
227 0.0 0.0 1.0
228 0.0 0.0 1.0
229 0.0 0.0 1.0
230 0.0 0.0 1.0
231 0.0 0.0 1.0
232 0.0 0.0 1.0
233 0.0 0.0 1.0
234 0.0 0.0 1.0
235 0.0 0.0 1.0
236 0.0 0.0 1.0
237 0.0 0.0 1.0
238 0.0 0.0 1.0
239 0.0 0.0 1.0
240 0.0 0.0 1.0
241 0.0 0.0 1.0
242 0.0 0.0 1.0
243 0.0 0.0 1.0
244 0.0 0.0 1.0
245 0.0 0.0 1.0
246 0.0 0.0 1.0
247 0.0 0.0 1.0
248 0.0 0.0 1.0
249 0.0 0.0 1.0
250 0.0 0.0 1.0
251 0.0 0.0 1.0
252 0.0 0.0 1.0
253 0.0 0.0 1.0
254 0.0 0.0 1.0
255 0.0 0.0 1.0
256 0.0 0.0 1.0
257 0.0 0.0 1.0
258 0.0 0.0 1.0
259 0.0 0.0 1.0
260 0.0 0.0 1.0
261 0.0 0.0 1.0
262 0.0 0.0 1.0
263 0.0 0.0 1.0
264 0.0 0.0 1.0
265 0.0 0.0 1.0
266 0.0 0.0 1.0
267 0.0 0.0 1.0
268 0.0 0.0 1.0
269 0.0 0.0 1.0
270 0.0 0.0 1.0
271 0.0 0.0 1.0
272 0.0 0.0 1.0
273 0.0 0.0 1.0
274 0.0 0.0 1.0
275 0.0 0.0 1.0
276 0.0 0.0 1.0
277 0.0 0.0 1.0
278 0.0 0.0 1.0
279 0.0 0.0 1.0
280 0.0 0.0 1.0
281 0.0 0.0 1.0
282 0.0 0.0 1.0
283 0.0 0.0 1.0
284 0.0 0.0 1.0
285 0.0 0.0 1.0
286 0.0 0.0 1.0
287 0.0 0.0 1.0
288 0.0 0.0 1.0
289 0.0 0.0 1.0
290 0.0 0.0 1.0
291 0.0 0.0 1.0
292 0.0 0.0 1.0
293 0.0 0.0 1.0
294 0.0 0.0 1.0
295 0.0 0.0 1.0
296 0.0 0.0 1.0
297 0.0 0.0 1.0
298 0.0 0.0 1.0
299 0.0 0.0 1.0
300 0.0 0.0 1.0
