0 0.0014792899408284023 0.0 0.9985207100591716
1 0.004437869822485207 0.0029585798816568047 0.992603550295858
2 0.0073964497041420114 0.0014792899408284023 0.9911242603550295
3 0.0073964497041420114 0.0029585798816568047 0.9896449704142012
4 0.008875739644970414 0.008875739644970414 0.9822485207100592
5 0.010355029585798817 0.011834319526627219 0.977810650887574
6 0.01775147928994083 0.005917159763313609 0.9763313609467456
7 0.019230769230769232 0.0073964497041420114 0.9733727810650887
8 0.022189349112426034 0.011834319526627219 0.9659763313609467
9 0.026627218934911243 0.010355029585798817 0.9630177514792899
10 0.029585798816568046 0.010355029585798817 0.9600591715976331
11 0.03254437869822485 0.016272189349112426 0.9511834319526628
12 0.034023668639053255 0.020710059171597635 0.9452662721893491
13 0.038461538461538464 0.020710059171597635 0.9408284023668639
14 0.04142011834319527 0.029585798816568046 0.9289940828402367
15 0.04585798816568047 0.03254437869822485 0.9215976331360947
16 0.05029585798816568 0.03254437869822485 0.9171597633136095
17 0.057692307692307696 0.03698224852071006 0.9053254437869822
18 0.0695266272189349 0.03254437869822485 0.8979289940828402
19 0.08136094674556213 0.03106508875739645 0.8875739644970414
20 0.09171597633136094 0.034023668639053255 0.8742603550295858
21 0.10207100591715976 0.03994082840236687 0.8579881656804734
22 0.11242603550295859 0.038461538461538464 0.849112426035503
23 0.11834319526627218 0.03994082840236687 0.841715976331361
24 0.128698224852071 0.03994082840236687 0.8313609467455622
25 0.13609467455621302 0.03550295857988166 0.8284023668639053
26 0.14201183431952663 0.03994082840236687 0.8180473372781065
27 0.15532544378698224 0.03994082840236687 0.8047337278106509
28 0.16715976331360946 0.03254437869822485 0.8002958579881657
29 0.17751479289940827 0.029585798816568046 0.7928994082840237
30 0.1863905325443787 0.02514792899408284 0.7884615384615384
31 0.1937869822485207 0.029585798816568046 0.7766272189349113
32 0.20118343195266272 0.03106508875739645 0.7677514792899408
33 0.20857988165680474 0.034023668639053255 0.757396449704142
34 0.21449704142011836 0.03550295857988166 0.75
35 0.22485207100591717 0.029585798816568046 0.7455621301775148
36 0.23224852071005916 0.03254437869822485 0.735207100591716
37 0.24260355029585798 0.022189349112426034 0.735207100591716
38 0.2514792899408284 0.02514792899408284 0.7233727810650887
39 0.2559171597633136 0.029585798816568046 0.7144970414201184
40 0.26331360946745563 0.028106508875739646 0.7085798816568047
41 0.27218934911242604 0.028106508875739646 0.6997041420118343
42 0.27958579881656803 0.034023668639053255 0.6863905325443787
43 0.2869822485207101 0.038461538461538464 0.6745562130177515
44 0.2958579881656805 0.03994082840236687 0.6642011834319527
45 0.30177514792899407 0.04585798816568047 0.6523668639053254
46 0.3136094674556213 0.042899408284023666 0.643491124260355
47 0.3269230769230769 0.04437869822485207 0.628698224852071
48 0.34023668639053256 0.04437869822485207 0.6153846153846154
49 0.34763313609467456 0.047337278106508875 0.6050295857988166
50 0.35355029585798814 0.05325443786982249 0.5931952662721893
51 0.3698224852071006 0.04881656804733728 0.5813609467455622
52 0.378698224852071 0.05325443786982249 0.5680473372781065
53 0.39349112426035504 0.05029585798816568 0.5562130177514792
54 0.40532544378698226 0.051775147928994084 0.5428994082840237
55 0.4156804733727811 0.05621301775147929 0.5281065088757396
56 0.4289940828402367 0.05473372781065089 0.5162721893491125
57 0.4393491124260355 0.0621301775147929 0.4985207100591716
58 0.4511834319526627 0.0650887573964497 0.48372781065088755
59 0.45710059171597633 0.07396449704142012 0.46893491124260356
60 0.46893491124260356 0.07100591715976332 0.46005917159763315
61 0.48668639053254437 0.0650887573964497 0.44822485207100593
62 0.49556213017751477 0.07100591715976332 0.4334319526627219
63 0.5029585798816568 0.07692307692307693 0.42011834319526625
64 0.5162721893491125 0.07988165680473373 0.40384615384615385
65 0.5281065088757396 0.08136094674556213 0.3905325443786982
66 0.5473372781065089 0.07248520710059171 0.3801775147928994
67 0.5591715976331361 0.07396449704142012 0.3668639053254438
68 0.5739644970414202 0.07692307692307693 0.34911242603550297
69 0.5813609467455622 0.07248520710059171 0.34615384615384615
70 0.599112426035503 0.06804733727810651 0.3328402366863905
71 0.6109467455621301 0.06656804733727811 0.3224852071005917
72 0.613905325443787 0.08136094674556213 0.3047337278106509
73 0.6242603550295858 0.08284023668639054 0.29289940828402367
74 0.6331360946745562 0.09319526627218935 0.27366863905325445
75 0.650887573964497 0.08579881656804733 0.26331360946745563
76 0.6612426035502958 0.08284023668639054 0.2559171597633136
77 0.6730769230769231 0.08431952662721894 0.24260355029585798
78 0.6878698224852071 0.08431952662721894 0.22781065088757396
79 0.7011834319526628 0.07840236686390532 0.22041420118343194
80 0.7174556213017751 0.07100591715976332 0.21153846153846154
81 0.7322485207100592 0.0621301775147929 0.20562130177514792
82 0.7411242603550295 0.057692307692307696 0.20118343195266272
83 0.7485207100591716 0.057692307692307696 0.1937869822485207
84 0.7736686390532544 0.04585798816568047 0.1804733727810651
85 0.7810650887573964 0.04142011834319527 0.17751479289940827
86 0.7869822485207101 0.042899408284023666 0.17011834319526628
87 0.8017751479289941 0.034023668639053255 0.16420118343195267
88 0.8091715976331361 0.03994082840236687 0.15088757396449703
89 0.8136094674556213 0.04142011834319527 0.14497041420118342
90 0.8224852071005917 0.038461538461538464 0.1390532544378698
91 0.8387573964497042 0.028106508875739646 0.13313609467455623
92 0.8446745562130178 0.026627218934911243 0.128698224852071
93 0.8535502958579881 0.019230769230769232 0.12721893491124261
94 0.8579881656804734 0.01775147928994083 0.1242603550295858
95 0.8609467455621301 0.020710059171597635 0.11834319526627218
96 0.8653846153846154 0.01775147928994083 0.11686390532544379
97 0.8683431952662722 0.020710059171597635 0.11094674556213018
98 0.8698224852071006 0.023668639053254437 0.10650887573964497
99 0.8801775147928994 0.016272189349112426 0.10355029585798817
100 0.8816568047337278 0.014792899408284023 0.10355029585798817
101 0.8846153846153846 0.014792899408284023 0.10059171597633136
102 0.8890532544378699 0.014792899408284023 0.09615384615384616
103 0.8905325443786982 0.014792899408284023 0.09467455621301775
104 0.8920118343195266 0.014792899408284023 0.09319526627218935
105 0.8949704142011834 0.016272189349112426 0.08875739644970414
106 0.8979289940828402 0.014792899408284023 0.08727810650887574
107 0.8994082840236687 0.014792899408284023 0.08579881656804733
108 0.900887573964497 0.014792899408284023 0.08431952662721894
109 0.9053254437869822 0.011834319526627219 0.08284023668639054
110 0.9097633136094675 0.008875739644970414 0.08136094674556213
111 0.9097633136094675 0.008875739644970414 0.08136094674556213
112 0.9112426035502958 0.0073964497041420114 0.08136094674556213
113 0.9127218934911243 0.005917159763313609 0.08136094674556213
114 0.915680473372781 0.0029585798816568047 0.08136094674556213
115 0.9171597633136095 0.0014792899408284023 0.08136094674556213
116 0.9171597633136095 0.0014792899408284023 0.08136094674556213
117 0.9171597633136095 0.0014792899408284023 0.08136094674556213
118 0.9186390532544378 0.0 0.08136094674556213
119 0.9186390532544378 0.0 0.08136094674556213
120 0.9186390532544378 0.0 0.08136094674556213
121 0.9186390532544378 0.0 0.08136094674556213
122 0.9186390532544378 0.0 0.08136094674556213
123 0.9186390532544378 0.0 0.08136094674556213
124 0.9186390532544378 0.0 0.08136094674556213
125 0.9186390532544378 0.0 0.08136094674556213
126 0.9186390532544378 0.0 0.08136094674556213
127 0.9186390532544378 0.0 0.08136094674556213
128 0.9186390532544378 0.0 0.08136094674556213
129 0.9186390532544378 0.0 0.08136094674556213
130 0.9186390532544378 0.0 0.08136094674556213
131 0.9186390532544378 0.0 0.08136094674556213
132 0.9186390532544378 0.0 0.08136094674556213
133 0.9186390532544378 0.0 0.08136094674556213
134 0.9186390532544378 0.0 0.08136094674556213
135 0.9186390532544378 0.0 0.08136094674556213
136 0.9186390532544378 0.0 0.08136094674556213
137 0.9186390532544378 0.0 0.08136094674556213
138 0.9186390532544378 0.0 0.08136094674556213
139 0.9186390532544378 0.0 0.08136094674556213
140 0.9186390532544378 0.0 0.08136094674556213
141 0.9186390532544378 0.0 0.08136094674556213
142 0.9186390532544378 0.0 0.08136094674556213
143 0.9186390532544378 0.0 0.08136094674556213
144 0.9186390532544378 0.0 0.08136094674556213
145 0.9186390532544378 0.0 0.08136094674556213
146 0.9186390532544378 0.0 0.08136094674556213
147 0.9186390532544378 0.0 0.08136094674556213
148 0.9186390532544378 0.0 0.08136094674556213
149 0.9186390532544378 0.0 0.08136094674556213
150 0.9186390532544378 0.0 0.08136094674556213
151 0.9186390532544378 0.0 0.08136094674556213
152 0.9186390532544378 0.0 0.08136094674556213
153 0.9186390532544378 0.0 0.08136094674556213
154 0.9186390532544378 0.0 0.08136094674556213
155 0.9186390532544378 0.0 0.08136094674556213
156 0.9186390532544378 0.0 0.08136094674556213
157 0.9186390532544378 0.0 0.08136094674556213
158 0.9186390532544378 0.0 0.08136094674556213
159 0 0 0
160 0 0 0
161 0 0 0
162 0 0 0
163 0 0 0
164 0 0 0
165 0 0 0
166 0 0 0
167 0 0 0
168 0 0 0
169 0 0 0
170 0 0 0
171 0 0 0
172 0 0 0
173 0 0 0
174 0 0 0
175 0 0 0
176 0 0 0
177 0 0 0
178 0 0 0
179 0 0 0
180 0 0 0
181 0 0 0
182 0 0 0
183 0 0 0
184 0 0 0
185 0 0 0
186 0 0 0
187 0 0 0
188 0 0 0
189 0 0 0
190 0 0 0
191 0 0 0
192 0 0 0
193 0 0 0
194 0 0 0
195 0 0 0
196 0 0 0
197 0 0 0
198 0 0 0
199 0 0 0
200 0 0 0
201 0 0 0
202 0 0 0
203 0 0 0
204 0 0 0
205 0 0 0
206 0 0 0
207 0 0 0
208 0 0 0
209 0 0 0
210 0 0 0
211 0 0 0
212 0 0 0
213 0 0 0
214 0 0 0
215 0 0 0
216 0 0 0
217 0 0 0
218 0 0 0
219 0 0 0
220 0 0 0
221 0 0 0
222 0 0 0
223 0 0 0
224 0 0 0
225 0 0 0
226 0 0 0
227 0 0 0
228 0 0 0
229 0 0 0
230 0 0 0
231 0 0 0
232 0 0 0
233 0 0 0
234 0 0 0
235 0 0 0
236 0 0 0
237 0 0 0
238 0 0 0
239 0 0 0
240 0 0 0
241 0 0 0
242 0 0 0
243 0 0 0
244 0 0 0
245 0 0 0
246 0 0 0
247 0 0 0
248 0 0 0
249 0 0 0
250 0 0 0
251 0 0 0
252 0 0 0
253 0 0 0
254 0 0 0
255 0 0 0
256 0 0 0
257 0 0 0
258 0 0 0
259 0 0 0
260 0 0 0
261 0 0 0
262 0 0 0
263 0 0 0
264 0 0 0
265 0 0 0
266 0 0 0
267 0 0 0
268 0 0 0
269 0 0 0
270 0 0 0
271 0 0 0
272 0 0 0
273 0 0 0
274 0 0 0
275 0 0 0
276 0 0 0
277 0 0 0
278 0 0 0
279 0 0 0
280 0 0 0
281 0 0 0
282 0 0 0
283 0 0 0
284 0 0 0
285 0 0 0
286 0 0 0
287 0 0 0
288 0 0 0
289 0 0 0
290 0 0 0
291 0 0 0
292 0 0 0
293 0 0 0
294 0 0 0
295 0 0 0
296 0 0 0
297 0 0 0
298 0 0 0
299 0 0 0
300 0 0 0
