0 0.0014792899408284023 0.0 0.9985207100591716
1 0.0014792899408284023 0.0 0.9985207100591716
2 0.0014792899408284023 0.0 0.9985207100591716
3 0.0014792899408284023 0.0 0.9985207100591716
4 0.0014792899408284023 0.0 0.9985207100591716
5 0.0014792899408284023 0.0 0.9985207100591716
6 0.0014792899408284023 0.0014792899408284023 0.9970414201183432
7 0.0014792899408284023 0.0014792899408284023 0.9970414201183432
8 0.0014792899408284023 0.0014792899408284023 0.9970414201183432
9 0.0014792899408284023 0.004437869822485207 0.9940828402366864
10 0.0014792899408284023 0.008875739644970414 0.9896449704142012
11 0.0029585798816568047 0.008875739644970414 0.9881656804733728
12 0.004437869822485207 0.0073964497041420114 0.9881656804733728
13 0.005917159763313609 0.005917159763313609 0.9881656804733728
14 0.0073964497041420114 0.0073964497041420114 0.985207100591716
15 0.010355029585798817 0.004437869822485207 0.985207100591716
16 0.010355029585798817 0.0073964497041420114 0.9822485207100592
17 0.010355029585798817 0.014792899408284023 0.9748520710059172
18 0.013313609467455622 0.013313609467455622 0.9733727810650887
19 0.016272189349112426 0.010355029585798817 0.9733727810650887
20 0.019230769230769232 0.014792899408284023 0.9659763313609467
21 0.020710059171597635 0.01775147928994083 0.9615384615384616
22 0.023668639053254437 0.020710059171597635 0.9556213017751479
23 0.03106508875739645 0.014792899408284023 0.9541420118343196
24 0.03698224852071006 0.014792899408284023 0.9482248520710059
25 0.03698224852071006 0.022189349112426034 0.9408284023668639
26 0.03994082840236687 0.023668639053254437 0.9363905325443787
27 0.042899408284023666 0.029585798816568046 0.9275147928994083
28 0.047337278106508875 0.029585798816568046 0.9230769230769231
29 0.05029585798816568 0.03106508875739645 0.9186390532544378
30 0.057692307692307696 0.03106508875739645 0.9112426035502958
31 0.05917159763313609 0.03994082840236687 0.900887573964497
32 0.06804733727810651 0.038461538461538464 0.893491124260355
33 0.07544378698224852 0.03550295857988166 0.8890532544378699
34 0.07988165680473373 0.05029585798816568 0.8698224852071006
35 0.08727810650887574 0.047337278106508875 0.8653846153846154
36 0.09911242603550297 0.042899408284023666 0.8579881656804734
37 0.10355029585798817 0.04437869822485207 0.8520710059171598
38 0.11390532544378698 0.04142011834319527 0.8446745562130178
39 0.1227810650887574 0.03994082840236687 0.8372781065088757
40 0.1301775147928994 0.03994082840236687 0.8298816568047337
41 0.14053254437869822 0.03550295857988166 0.8239644970414202
42 0.14940828402366865 0.03698224852071006 0.8136094674556213
43 0.15828402366863906 0.034023668639053255 0.8076923076923077
44 0.16715976331360946 0.028106508875739646 0.8047337278106509
45 0.1760355029585799 0.029585798816568046 0.7943786982248521
46 0.1849112426035503 0.034023668639053255 0.7810650887573964
47 0.1863905325443787 0.04142011834319527 0.772189349112426
48 0.19674556213017752 0.038461538461538464 0.764792899408284
49 0.1997041420118343 0.04585798816568047 0.7544378698224852
50 0.20562130177514792 0.04585798816568047 0.7485207100591716
51 0.21301775147928995 0.042899408284023666 0.7440828402366864
52 0.22189349112426035 0.03698224852071006 0.7411242603550295
53 0.23224852071005916 0.03550295857988166 0.7322485207100592
54 0.2411242603550296 0.042899408284023666 0.7159763313609467
55 0.2470414201183432 0.04881656804733728 0.7041420118343196
56 0.25443786982248523 0.051775147928994084 0.6937869822485208
57 0.2603550295857988 0.051775147928994084 0.6878698224852071
58 0.26627218934911245 0.05325443786982249 0.6804733727810651
59 0.27958579881656803 0.047337278106508875 0.6730769230769231
60 0.29289940828402367 0.04437869822485207 0.6627218934911243
61 0.3047337278106509 0.04437869822485207 0.650887573964497
62 0.3106508875739645 0.04585798816568047 0.643491124260355
63 0.3210059171597633 0.04437869822485207 0.6346153846153846
64 0.3254437869822485 0.04585798816568047 0.628698224852071
65 0.32840236686390534 0.051775147928994084 0.6198224852071006
66 0.3431952662721893 0.047337278106508875 0.6094674556213018
67 0.34467455621301774 0.05325443786982249 0.6020710059171598
68 0.35502958579881655 0.05621301775147929 0.5887573964497042
69 0.363905325443787 0.05917159763313609 0.5769230769230769
70 0.3757396449704142 0.05621301775147929 0.5680473372781065
71 0.38461538461538464 0.05029585798816568 0.5650887573964497
72 0.39644970414201186 0.04585798816568047 0.5576923076923077
73 0.40236686390532544 0.05029585798816568 0.5473372781065089
74 0.41272189349112426 0.04585798816568047 0.5414201183431953
75 0.4171597633136095 0.057692307692307696 0.5251479289940828
76 0.43047337278106507 0.05473372781065089 0.514792899408284
77 0.4363905325443787 0.060650887573964495 0.5029585798816568
78 0.4437869822485207 0.05621301775147929 0.5
79 0.4511834319526627 0.0621301775147929 0.48668639053254437
80 0.46745562130177515 0.05621301775147929 0.47633136094674555
81 0.47337278106508873 0.06656804733727811 0.46005917159763315
82 0.48520710059171596 0.0650887573964497 0.44970414201183434
83 0.4940828402366864 0.07692307692307693 0.4289940828402367
84 0.514792899408284 0.06656804733727811 0.41863905325443784
85 0.5251479289940828 0.0695266272189349 0.40532544378698226
86 0.5310650887573964 0.06804733727810651 0.40088757396449703
87 0.5399408284023669 0.07100591715976332 0.3890532544378698
88 0.5517751479289941 0.07396449704142012 0.3742603550295858
89 0.5680473372781065 0.0695266272189349 0.3624260355029586
90 0.5769230769230769 0.07100591715976332 0.3520710059171598
91 0.5784023668639053 0.07692307692307693 0.34467455621301774
92 0.591715976331361 0.07840236686390532 0.32988165680473375
93 0.6124260355029586 0.07692307692307693 0.3106508875739645
94 0.6242603550295858 0.07544378698224852 0.30029585798816566
95 0.6449704142011834 0.0695266272189349 0.28550295857988167
96 0.6597633136094675 0.06804733727810651 0.27218934911242604
97 0.6686390532544378 0.06804733727810651 0.26331360946745563
98 0.6834319526627219 0.0650887573964497 0.2514792899408284
99 0.6908284023668639 0.07100591715976332 0.23816568047337278
100 0.6982248520710059 0.07988165680473373 0.22189349112426035
101 0.7159763313609467 0.07544378698224852 0.20857988165680474
102 0.7248520710059172 0.07840236686390532 0.19674556213017752
103 0.7396449704142012 0.07100591715976332 0.1893491124260355
104 0.75 0.07100591715976332 0.17899408284023668
105 0.764792899408284 0.06360946745562131 0.17159763313609466
106 0.7751479289940828 0.0695266272189349 0.15532544378698224
107 0.7973372781065089 0.05621301775147929 0.14644970414201183
108 0.8062130177514792 0.05029585798816568 0.14349112426035504
109 0.8121301775147929 0.051775147928994084 0.13609467455621302
110 0.8210059171597633 0.04437869822485207 0.1346153846153846
111 0.8313609467455622 0.03698224852071006 0.13165680473372782
112 0.8387573964497042 0.03550295857988166 0.1257396449704142
113 0.8476331360946746 0.03106508875739645 0.12130177514792899
114 0.8550295857988166 0.028106508875739646 0.11686390532544379
115 0.8668639053254438 0.019230769230769232 0.11390532544378698
116 0.8668639053254438 0.023668639053254437 0.10946745562130178
117 0.8757396449704142 0.022189349112426034 0.10207100591715976
118 0.8801775147928994 0.023668639053254437 0.09615384615384616
119 0.8831360946745562 0.023668639053254437 0.09319526627218935
120 0.886094674556213 0.022189349112426034 0.09171597633136094
121 0.8949704142011834 0.016272189349112426 0.08875739644970414
122 0.8979289940828402 0.013313609467455622 0.08875739644970414
123 0.9023668639053254 0.010355029585798817 0.08727810650887574
124 0.8964497041420119 0.016272189349112426 0.08727810650887574
125 0.900887573964497 0.014792899408284023 0.08431952662721894
126 0.9023668639053254 0.014792899408284023 0.08284023668639054
127 0.9053254437869822 0.011834319526627219 0.08284023668639054
128 0.9097633136094675 0.0073964497041420114 0.08284023668639054
129 0.8920118343195266 0.023668639053254437 0.08431952662721894
130 0.8949704142011834 0.020710059171597635 0.08431952662721894
131 0.8979289940828402 0.019230769230769232 0.08284023668639054
132 0.8875739644970414 0.029585798816568046 0.08284023668639054
133 0 0 0
134 0 0 0
135 0 0 0
136 0 0 0
137 0 0 0
138 0 0 0
139 0 0 0
140 0 0 0
141 0 0 0
142 0 0 0
143 0 0 0
144 0 0 0
145 0 0 0
146 0 0 0
147 0 0 0
148 0 0 0
149 0 0 0
150 0 0 0
151 0 0 0
152 0 0 0
153 0 0 0
154 0 0 0
155 0 0 0
156 0 0 0
157 0 0 0
158 0 0 0
159 0 0 0
160 0 0 0
161 0 0 0
162 0 0 0
163 0 0 0
164 0 0 0
165 0 0 0
166 0 0 0
167 0 0 0
168 0 0 0
169 0 0 0
170 0 0 0
171 0 0 0
172 0 0 0
173 0 0 0
174 0 0 0
175 0 0 0
176 0 0 0
177 0 0 0
178 0 0 0
179 0 0 0
180 0 0 0
181 0 0 0
182 0 0 0
183 0 0 0
184 0 0 0
185 0 0 0
186 0 0 0
187 0 0 0
188 0 0 0
189 0 0 0
190 0 0 0
191 0 0 0
192 0 0 0
193 0 0 0
194 0 0 0
195 0 0 0
196 0 0 0
197 0 0 0
198 0 0 0
199 0 0 0
200 0 0 0
201 0 0 0
202 0 0 0
203 0 0 0
204 0 0 0
205 0 0 0
206 0 0 0
207 0 0 0
208 0 0 0
209 0 0 0
210 0 0 0
211 0 0 0
212 0 0 0
213 0 0 0
214 0 0 0
215 0 0 0
216 0 0 0
217 0 0 0
218 0 0 0
219 0 0 0
220 0 0 0
221 0 0 0
222 0 0 0
223 0 0 0
224 0 0 0
225 0 0 0
226 0 0 0
227 0 0 0
228 0 0 0
229 0 0 0
230 0 0 0
231 0 0 0
232 0 0 0
233 0 0 0
234 0 0 0
235 0 0 0
236 0 0 0
237 0 0 0
238 0 0 0
239 0 0 0
240 0 0 0
241 0 0 0
242 0 0 0
243 0 0 0
244 0 0 0
245 0 0 0
246 0 0 0
247 0 0 0
248 0 0 0
249 0 0 0
250 0 0 0
251 0 0 0
252 0 0 0
253 0 0 0
254 0 0 0
255 0 0 0
256 0 0 0
257 0 0 0
258 0 0 0
259 0 0 0
260 0 0 0
261 0 0 0
262 0 0 0
263 0 0 0
264 0 0 0
265 0 0 0
266 0 0 0
267 0 0 0
268 0 0 0
269 0 0 0
270 0 0 0
271 0 0 0
272 0 0 0
273 0 0 0
274 0 0 0
275 0 0 0
276 0 0 0
277 0 0 0
278 0 0 0
279 0 0 0
280 0 0 0
281 0 0 0
282 0 0 0
283 0 0 0
284 0 0 0
285 0 0 0
286 0 0 0
287 0 0 0
288 0 0 0
289 0 0 0
290 0 0 0
291 0 0 0
292 0 0 0
293 0 0 0
294 0 0 0
295 0 0 0
296 0 0 0
297 0 0 0
298 0 0 0
299 0 0 0
300 0 0 0
