0 0.0014792899408284023 0.0 0.9985207100591716
1 0.0014792899408284023 0.0 0.9985207100591716
2 0.0014792899408284023 0.0 0.9985207100591716
3 0.0014792899408284023 0.0 0.9985207100591716
4 0.0014792899408284023 0.0 0.9985207100591716
5 0.0014792899408284023 0.0014792899408284023 0.9970414201183432
6 0.0029585798816568047 0.0029585798816568047 0.9940828402366864
7 0.0029585798816568047 0.004437869822485207 0.992603550295858
8 0.0029585798816568047 0.0073964497041420114 0.9896449704142012
9 0.005917159763313609 0.004437869822485207 0.9896449704142012
10 0.010355029585798817 0.0029585798816568047 0.9866863905325444
11 0.011834319526627219 0.0014792899408284023 0.9866863905325444
12 0.011834319526627219 0.004437869822485207 0.9837278106508875
13 0.011834319526627219 0.008875739644970414 0.9792899408284024
14 0.014792899408284023 0.008875739644970414 0.9763313609467456
15 0.014792899408284023 0.014792899408284023 0.9704142011834319
16 0.01775147928994083 0.014792899408284023 0.9674556213017751
17 0.02514792899408284 0.008875739644970414 0.9659763313609467
18 0.026627218934911243 0.010355029585798817 0.9630177514792899
19 0.026627218934911243 0.013313609467455622 0.9600591715976331
20 0.034023668639053255 0.01775147928994083 0.9482248520710059
21 0.038461538461538464 0.023668639053254437 0.9378698224852071
22 0.04437869822485207 0.026627218934911243 0.9289940828402367
23 0.04585798816568047 0.029585798816568046 0.9245562130177515
24 0.051775147928994084 0.03106508875739645 0.9171597633136095
25 0.05917159763313609 0.03550295857988166 0.9053254437869822
26 0.06360946745562131 0.03550295857988166 0.900887573964497
27 0.07248520710059171 0.03550295857988166 0.8920118343195266
28 0.07692307692307693 0.03550295857988166 0.8875739644970414
29 0.08136094674556213 0.03698224852071006 0.8816568047337278
30 0.08875739644970414 0.03698224852071006 0.8742603550295858
31 0.09911242603550297 0.038461538461538464 0.8624260355029586
32 0.10650887573964497 0.038461538461538464 0.8550295857988166
33 0.11094674556213018 0.04142011834319527 0.8476331360946746
34 0.1301775147928994 0.03106508875739645 0.8387573964497042
35 0.1346153846153846 0.038461538461538464 0.8269230769230769
36 0.14201183431952663 0.042899408284023666 0.8150887573964497
37 0.14792899408284024 0.042899408284023666 0.8091715976331361
38 0.15532544378698224 0.04437869822485207 0.8002958579881657
39 0.16272189349112426 0.042899408284023666 0.7943786982248521
40 0.17011834319526628 0.042899408284023666 0.7869822485207101
41 0.1760355029585799 0.04585798816568047 0.7781065088757396
42 0.1863905325443787 0.03994082840236687 0.7736686390532544
43 0.19230769230769232 0.03994082840236687 0.7677514792899408
44 0.1952662721893491 0.03994082840236687 0.764792899408284
45 0.20562130177514792 0.03698224852071006 0.757396449704142
46 0.21893491124260356 0.029585798816568046 0.7514792899408284
47 0.22781065088757396 0.03254437869822485 0.7396449704142012
48 0.23520710059171598 0.038461538461538464 0.7263313609467456
49 0.2455621301775148 0.034023668639053255 0.7204142011834319
50 0.2514792899408284 0.03698224852071006 0.7115384615384616
51 0.2559171597633136 0.04142011834319527 0.7026627218934911
52 0.2588757396449704 0.047337278106508875 0.6937869822485208
53 0.2677514792899408 0.04881656804733728 0.6834319526627219
54 0.28402366863905326 0.03994082840236687 0.6760355029585798
55 0.2958579881656805 0.03550295857988166 0.6686390532544378
56 0.3062130177514793 0.03698224852071006 0.6568047337278107
57 0.3121301775147929 0.038461538461538464 0.6494082840236687
58 0.31952662721893493 0.03994082840236687 0.6405325443786982
59 0.3269230769230769 0.04585798816568047 0.6272189349112426
60 0.33727810650887574 0.042899408284023666 0.6198224852071006
61 0.34911242603550297 0.042899408284023666 0.6079881656804734
62 0.35650887573964496 0.04585798816568047 0.5976331360946746
63 0.36538461538461536 0.047337278106508875 0.5872781065088757
64 0.371301775147929 0.04881656804733728 0.5798816568047337
65 0.3801775147928994 0.05029585798816568 0.5695266272189349
66 0.3905325443786982 0.04881656804733728 0.5606508875739645
67 0.3979289940828402 0.057692307692307696 0.5443786982248521
68 0.41124260355029585 0.05621301775147929 0.5325443786982249
69 0.4230769230769231 0.051775147928994084 0.5251479289940828
70 0.4319526627218935 0.05473372781065089 0.5133136094674556
71 0.4349112426035503 0.06360946745562131 0.5014792899408284
72 0.4423076923076923 0.06360946745562131 0.4940828402366864
73 0.4526627218934911 0.05917159763313609 0.4881656804733728
74 0.45857988165680474 0.06360946745562131 0.47781065088757396
75 0.47485207100591714 0.06360946745562131 0.46153846153846156
76 0.48520710059171596 0.06804733727810651 0.4467455621301775
77 0.4970414201183432 0.06804733727810651 0.4349112426035503
78 0.5 0.07544378698224852 0.4245562130177515
79 0.5133136094674556 0.07692307692307693 0.40976331360946744
80 0.5236686390532544 0.07396449704142012 0.40236686390532544
81 0.5399408284023669 0.0650887573964497 0.39497041420118345
82 0.5502958579881657 0.07248520710059171 0.3772189349112426
83 0.5710059171597633 0.060650887573964495 0.3683431952662722
84 0.5813609467455622 0.06360946745562131 0.35502958579881655
85 0.5946745562130178 0.0650887573964497 0.34023668639053256
86 0.599112426035503 0.07248520710059171 0.32840236686390534
87 0.6109467455621301 0.07248520710059171 0.3165680473372781
88 0.6257396449704142 0.06804733727810651 0.3062130177514793
89 0.6375739644970414 0.06656804733727811 0.2958579881656805
90 0.6479289940828402 0.07396449704142012 0.2781065088757396
91 0.6553254437869822 0.07988165680473373 0.26479289940828404
92 0.6701183431952663 0.08431952662721894 0.2455621301775148
93 0.6893491124260355 0.07544378698224852 0.23520710059171598
94 0.6997041420118343 0.07248520710059171 0.22781065088757396
95 0.7144970414201184 0.07100591715976332 0.21449704142011836
96 0.727810650887574 0.06656804733727811 0.20562130177514792
97 0.7366863905325444 0.0621301775147929 0.20118343195266272
98 0.7485207100591716 0.0650887573964497 0.1863905325443787
99 0.7618343195266272 0.06360946745562131 0.17455621301775148
100 0.7781065088757396 0.05473372781065089 0.16715976331360946
101 0.7914201183431953 0.05473372781065089 0.15384615384615385
102 0.8032544378698225 0.051775147928994084 0.14497041420118342
103 0.8106508875739645 0.051775147928994084 0.13757396449704143
104 0.8210059171597633 0.042899408284023666 0.13609467455621302
105 0.8284023668639053 0.03994082840236687 0.13165680473372782
106 0.8446745562130178 0.026627218934911243 0.128698224852071
107 0.8535502958579881 0.02514792899408284 0.12130177514792899
108 0.856508875739645 0.02514792899408284 0.11834319526627218
109 0.863905325443787 0.020710059171597635 0.11538461538461539
110 0.8653846153846154 0.020710059171597635 0.11390532544378698
111 0.8683431952662722 0.020710059171597635 0.11094674556213018
112 0.8742603550295858 0.020710059171597635 0.10502958579881656
113 0.878698224852071 0.019230769230769232 0.10207100591715976
114 0.8831360946745562 0.019230769230769232 0.09763313609467456
115 0.886094674556213 0.020710059171597635 0.09319526627218935
116 0.8905325443786982 0.01775147928994083 0.09171597633136094
117 0.8979289940828402 0.010355029585798817 0.09171597633136094
118 0.9038461538461539 0.008875739644970414 0.08727810650887574
119 0.9068047337278107 0.0073964497041420114 0.08579881656804733
120 0.908284023668639 0.005917159763313609 0.08579881656804733
121 0.9112426035502958 0.0029585798816568047 0.08579881656804733
122 0.9112426035502958 0.0029585798816568047 0.08579881656804733
123 0.9127218934911243 0.004437869822485207 0.08284023668639054
124 0.9127218934911243 0.005917159763313609 0.08136094674556213
125 0.915680473372781 0.0029585798816568047 0.08136094674556213
126 0.9171597633136095 0.0014792899408284023 0.08136094674556213
127 0.9171597633136095 0.0014792899408284023 0.08136094674556213
128 0.9171597633136095 0.0014792899408284023 0.08136094674556213
129 0.915680473372781 0.0014792899408284023 0.08284023668639054
130 0.915680473372781 0.0029585798816568047 0.08136094674556213
131 0.9171597633136095 0.0014792899408284023 0.08136094674556213
132 0.9171597633136095 0.0014792899408284023 0.08136094674556213
133 0.9142011834319527 0.004437869822485207 0.08136094674556213
134 0.9186390532544378 0.0 0.08136094674556213
135 0.915680473372781 0.0029585798816568047 0.08136094674556213
136 0.9186390532544378 0.0 0.08136094674556213
137 0.9186390532544378 0.0 0.08136094674556213
138 0.9186390532544378 0.0 0.08136094674556213
139 0.9186390532544378 0.0 0.08136094674556213
140 0.9186390532544378 0.0 0.08136094674556213
141 0 0 0
142 0 0 0
143 0 0 0
144 0 0 0
145 0 0 0
146 0 0 0
147 0 0 0
148 0 0 0
149 0 0 0
150 0 0 0
151 0 0 0
152 0 0 0
153 0 0 0
154 0 0 0
155 0 0 0
156 0 0 0
157 0 0 0
158 0 0 0
159 0 0 0
160 0 0 0
161 0 0 0
162 0 0 0
163 0 0 0
164 0 0 0
165 0 0 0
166 0 0 0
167 0 0 0
168 0 0 0
169 0 0 0
170 0 0 0
171 0 0 0
172 0 0 0
173 0 0 0
174 0 0 0
175 0 0 0
176 0 0 0
177 0 0 0
178 0 0 0
179 0 0 0
180 0 0 0
181 0 0 0
182 0 0 0
183 0 0 0
184 0 0 0
185 0 0 0
186 0 0 0
187 0 0 0
188 0 0 0
189 0 0 0
190 0 0 0
191 0 0 0
192 0 0 0
193 0 0 0
194 0 0 0
195 0 0 0
196 0 0 0
197 0 0 0
198 0 0 0
199 0 0 0
200 0 0 0
201 0 0 0
202 0 0 0
203 0 0 0
204 0 0 0
205 0 0 0
206 0 0 0
207 0 0 0
208 0 0 0
209 0 0 0
210 0 0 0
211 0 0 0
212 0 0 0
213 0 0 0
214 0 0 0
215 0 0 0
216 0 0 0
217 0 0 0
218 0 0 0
219 0 0 0
220 0 0 0
221 0 0 0
222 0 0 0
223 0 0 0
224 0 0 0
225 0 0 0
226 0 0 0
227 0 0 0
228 0 0 0
229 0 0 0
230 0 0 0
231 0 0 0
232 0 0 0
233 0 0 0
234 0 0 0
235 0 0 0
236 0 0 0
237 0 0 0
238 0 0 0
239 0 0 0
240 0 0 0
241 0 0 0
242 0 0 0
243 0 0 0
244 0 0 0
245 0 0 0
246 0 0 0
247 0 0 0
248 0 0 0
249 0 0 0
250 0 0 0
251 0 0 0
252 0 0 0
253 0 0 0
254 0 0 0
255 0 0 0
256 0 0 0
257 0 0 0
258 0 0 0
259 0 0 0
260 0 0 0
261 0 0 0
262 0 0 0
263 0 0 0
264 0 0 0
265 0 0 0
266 0 0 0
267 0 0 0
268 0 0 0
269 0 0 0
270 0 0 0
271 0 0 0
272 0 0 0
273 0 0 0
274 0 0 0
275 0 0 0
276 0 0 0
277 0 0 0
278 0 0 0
279 0 0 0
280 0 0 0
281 0 0 0
282 0 0 0
283 0 0 0
284 0 0 0
285 0 0 0
286 0 0 0
287 0 0 0
288 0 0 0
289 0 0 0
290 0 0 0
291 0 0 0
292 0 0 0
293 0 0 0
294 0 0 0
295 0 0 0
296 0 0 0
297 0 0 0
298 0 0 0
299 0 0 0
300 0 0 0
