0 0.0014792899408284023 0.0 0.9985207100591716
1 0.0014792899408284023 0.0 0.9985207100591716
2 0.0014792899408284023 0.004437869822485207 0.9940828402366864
3 0.0014792899408284023 0.005917159763313609 0.992603550295858
4 0.0014792899408284023 0.005917159763313609 0.992603550295858
5 0.0029585798816568047 0.005917159763313609 0.9911242603550295
6 0.005917159763313609 0.0073964497041420114 0.9866863905325444
7 0.0073964497041420114 0.010355029585798817 0.9822485207100592
8 0.010355029585798817 0.008875739644970414 0.9807692307692307
9 0.010355029585798817 0.014792899408284023 0.9748520710059172
10 0.013313609467455622 0.011834319526627219 0.9748520710059172
11 0.013313609467455622 0.014792899408284023 0.9718934911242604
12 0.016272189349112426 0.016272189349112426 0.9674556213017751
13 0.020710059171597635 0.013313609467455622 0.9659763313609467
14 0.023668639053254437 0.010355029585798817 0.9659763313609467
15 0.029585798816568046 0.013313609467455622 0.9571005917159763
16 0.03254437869822485 0.011834319526627219 0.9556213017751479
17 0.034023668639053255 0.013313609467455622 0.9526627218934911
18 0.03698224852071006 0.023668639053254437 0.9393491124260355
19 0.03994082840236687 0.03550295857988166 0.9245562130177515
20 0.051775147928994084 0.03106508875739645 0.9171597633136095
21 0.0621301775147929 0.03106508875739645 0.9068047337278107
22 0.07100591715976332 0.029585798816568046 0.8994082840236687
23 0.07544378698224852 0.03254437869822485 0.8920118343195266
24 0.08284023668639054 0.034023668639053255 0.8831360946745562
25 0.09467455621301775 0.03698224852071006 0.8683431952662722
26 0.09911242603550297 0.03994082840236687 0.8609467455621301
27 0.10798816568047337 0.03994082840236687 0.8520710059171598
28 0.11242603550295859 0.042899408284023666 0.8446745562130178
29 0.11834319526627218 0.042899408284023666 0.8387573964497042
30 0.1257396449704142 0.04142011834319527 0.8328402366863905
31 0.13757396449704143 0.04142011834319527 0.8210059171597633
32 0.14497041420118342 0.04437869822485207 0.8106508875739645
33 0.15236686390532544 0.042899408284023666 0.8047337278106509
34 0.16124260355029585 0.042899408284023666 0.7958579881656804
35 0.17307692307692307 0.03550295857988166 0.7914201183431953
36 0.1849112426035503 0.028106508875739646 0.7869822485207101
37 0.1908284023668639 0.038461538461538464 0.7707100591715976
38 0.1997041420118343 0.034023668639053255 0.7662721893491125
39 0.20562130177514792 0.03994082840236687 0.7544378698224852
40 0.21301775147928995 0.03994082840236687 0.7470414201183432
41 0.22189349112426035 0.038461538461538464 0.7396449704142012
42 0.22633136094674555 0.03994082840236687 0.7337278106508875
43 0.23224852071005916 0.038461538461538464 0.7292899408284024
44 0.23520710059171598 0.05029585798816568 0.7144970414201184
45 0.24260355029585798 0.051775147928994084 0.7056213017751479
46 0.2485207100591716 0.05029585798816568 0.7011834319526628
47 0.2603550295857988 0.04585798816568047 0.6937869822485208
48 0.27366863905325445 0.047337278106508875 0.6789940828402367
49 0.27958579881656803 0.05029585798816568 0.6701183431952663
50 0.28846153846153844 0.05325443786982249 0.658284023668639
51 0.2973372781065089 0.05029585798816568 0.6523668639053254
52 0.3062130177514793 0.057692307692307696 0.636094674556213
53 0.3165680473372781 0.057692307692307696 0.6257396449704142
54 0.3239644970414201 0.060650887573964495 0.6153846153846154
55 0.33136094674556216 0.06804733727810651 0.6005917159763313
56 0.3431952662721893 0.06656804733727811 0.5902366863905325
57 0.3505917159763314 0.0621301775147929 0.5872781065088757
58 0.3594674556213018 0.07100591715976332 0.5695266272189349
59 0.3727810650887574 0.0650887573964497 0.5621301775147929
60 0.3801775147928994 0.0650887573964497 0.5547337278106509
61 0.39201183431952663 0.06360946745562131 0.5443786982248521
62 0.40236686390532544 0.06656804733727811 0.5310650887573964
63 0.41272189349112426 0.07100591715976332 0.5162721893491125
64 0.42011834319526625 0.07396449704142012 0.5059171597633136
65 0.43047337278106507 0.06804733727810651 0.5014792899408284
66 0.4393491124260355 0.07248520710059171 0.4881656804733728
67 0.4556213017751479 0.07248520710059171 0.4718934911242604
68 0.46745562130177515 0.07248520710059171 0.46005917159763315
69 0.47485207100591714 0.07100591715976332 0.4541420118343195
70 0.48668639053254437 0.08136094674556213 0.4319526627218935
71 0.4985207100591716 0.07988165680473373 0.42159763313609466
72 0.5059171597633136 0.08579881656804733 0.40828402366863903
73 0.5118343195266272 0.08875739644970414 0.3994082840236686
74 0.522189349112426 0.09171597633136094 0.386094674556213
75 0.5384615384615384 0.09171597633136094 0.3698224852071006
76 0.5532544378698225 0.08284023668639054 0.363905325443787
77 0.5650887573964497 0.08136094674556213 0.35355029585798814
78 0.5754437869822485 0.08579881656804733 0.33875739644970415
79 0.5902366863905325 0.07988165680473373 0.32988165680473375
80 0.5976331360946746 0.08431952662721894 0.3180473372781065
81 0.6050295857988166 0.08875739644970414 0.3062130177514793
82 0.6227810650887574 0.08579881656804733 0.29142011834319526
83 0.6316568047337278 0.09763313609467456 0.27071005917159763
84 0.6449704142011834 0.09171597633136094 0.26331360946745563
85 0.6597633136094675 0.08727810650887574 0.2529585798816568
86 0.6715976331360947 0.08875739644970414 0.23964497041420119
87 0.6834319526627219 0.09023668639053255 0.22633136094674555
88 0.6937869822485208 0.08727810650887574 0.21893491124260356
89 0.7041420118343196 0.09023668639053255 0.20562130177514792
90 0.7218934911242604 0.07988165680473373 0.19822485207100593
91 0.735207100591716 0.07988165680473373 0.1849112426035503
92 0.7544378698224852 0.07100591715976332 0.17455621301775148
93 0.764792899408284 0.06360946745562131 0.17159763313609466
94 0.772189349112426 0.0650887573964497 0.16272189349112426
95 0.7855029585798816 0.06360946745562131 0.15088757396449703
96 0.7943786982248521 0.0621301775147929 0.14349112426035504
97 0.7988165680473372 0.060650887573964495 0.14053254437869822
98 0.8136094674556213 0.04881656804733728 0.13757396449704143
99 0.8254437869822485 0.04585798816568047 0.128698224852071
100 0.8328402366863905 0.04437869822485207 0.1227810650887574
101 0.8461538461538461 0.03550295857988166 0.11834319526627218
102 0.8550295857988166 0.029585798816568046 0.11538461538461539
103 0.8624260355029586 0.023668639053254437 0.11390532544378698
104 0.863905325443787 0.022189349112426034 0.11390532544378698
105 0.8683431952662722 0.019230769230769232 0.11242603550295859
106 0.871301775147929 0.020710059171597635 0.10798816568047337
107 0.878698224852071 0.01775147928994083 0.10355029585798817
108 0.8816568047337278 0.016272189349112426 0.10207100591715976
109 0.8846153846153846 0.014792899408284023 0.10059171597633136
110 0.886094674556213 0.016272189349112426 0.09763313609467456
111 0.8890532544378699 0.019230769230769232 0.09171597633136094
112 0.8949704142011834 0.013313609467455622 0.09171597633136094
113 0.8979289940828402 0.010355029585798817 0.09171597633136094
114 0.9023668639053254 0.010355029585798817 0.08727810650887574
115 0.9068047337278107 0.0073964497041420114 0.08579881656804733
116 0.908284023668639 0.0073964497041420114 0.08431952662721894
117 0.908284023668639 0.008875739644970414 0.08284023668639054
118 0.9127218934911243 0.004437869822485207 0.08284023668639054
119 0.9142011834319527 0.0029585798816568047 0.08284023668639054
120 0.9142011834319527 0.004437869822485207 0.08136094674556213
121 0.9142011834319527 0.004437869822485207 0.08136094674556213
122 0.9142011834319527 0.004437869822485207 0.08136094674556213
123 0.9171597633136095 0.0014792899408284023 0.08136094674556213
124 0.9186390532544378 0.0 0.08136094674556213
125 0.9186390532544378 0.0 0.08136094674556213
126 0.9186390532544378 0.0 0.08136094674556213
127 0.9186390532544378 0.0 0.08136094674556213
128 0.9186390532544378 0.0 0.08136094674556213
129 0.9171597633136095 0.0014792899408284023 0.08136094674556213
130 0.9186390532544378 0.0 0.08136094674556213
131 0.9186390532544378 0.0 0.08136094674556213
132 0.9186390532544378 0.0 0.08136094674556213
133 0.9186390532544378 0.0 0.08136094674556213
134 0.9186390532544378 0.0 0.08136094674556213
135 0.9186390532544378 0.0 0.08136094674556213
136 0.9186390532544378 0.0 0.08136094674556213
137 0.9186390532544378 0.0 0.08136094674556213
138 0.9186390532544378 0.0 0.08136094674556213
139 0.9186390532544378 0.0 0.08136094674556213
140 0.9186390532544378 0.0 0.08136094674556213
141 0.9186390532544378 0.0 0.08136094674556213
142 0.9186390532544378 0.0 0.08136094674556213
143 0.9186390532544378 0.0 0.08136094674556213
144 0.9186390532544378 0.0 0.08136094674556213
145 0.9186390532544378 0.0 0.08136094674556213
146 0.9186390532544378 0.0 0.08136094674556213
147 0.9186390532544378 0.0 0.08136094674556213
148 0.9186390532544378 0.0 0.08136094674556213
149 0.915680473372781 0.0029585798816568047 0.08136094674556213
150 0.915680473372781 0.0029585798816568047 0.08136094674556213
151 0.9186390532544378 0.0 0.08136094674556213
152 0.9186390532544378 0.0 0.08136094674556213
153 0 0 0
154 0 0 0
155 0 0 0
156 0 0 0
157 0 0 0
158 0 0 0
159 0 0 0
160 0 0 0
161 0 0 0
162 0 0 0
163 0 0 0
164 0 0 0
165 0 0 0
166 0 0 0
167 0 0 0
168 0 0 0
169 0 0 0
170 0 0 0
171 0 0 0
172 0 0 0
173 0 0 0
174 0 0 0
175 0 0 0
176 0 0 0
177 0 0 0
178 0 0 0
179 0 0 0
180 0 0 0
181 0 0 0
182 0 0 0
183 0 0 0
184 0 0 0
185 0 0 0
186 0 0 0
187 0 0 0
188 0 0 0
189 0 0 0
190 0 0 0
191 0 0 0
192 0 0 0
193 0 0 0
194 0 0 0
195 0 0 0
196 0 0 0
197 0 0 0
198 0 0 0
199 0 0 0
200 0 0 0
201 0 0 0
202 0 0 0
203 0 0 0
204 0 0 0
205 0 0 0
206 0 0 0
207 0 0 0
208 0 0 0
209 0 0 0
210 0 0 0
211 0 0 0
212 0 0 0
213 0 0 0
214 0 0 0
215 0 0 0
216 0 0 0
217 0 0 0
218 0 0 0
219 0 0 0
220 0 0 0
221 0 0 0
222 0 0 0
223 0 0 0
224 0 0 0
225 0 0 0
226 0 0 0
227 0 0 0
228 0 0 0
229 0 0 0
230 0 0 0
231 0 0 0
232 0 0 0
233 0 0 0
234 0 0 0
235 0 0 0
236 0 0 0
237 0 0 0
238 0 0 0
239 0 0 0
240 0 0 0
241 0 0 0
242 0 0 0
243 0 0 0
244 0 0 0
245 0 0 0
246 0 0 0
247 0 0 0
248 0 0 0
249 0 0 0
250 0 0 0
251 0 0 0
252 0 0 0
253 0 0 0
254 0 0 0
255 0 0 0
256 0 0 0
257 0 0 0
258 0 0 0
259 0 0 0
260 0 0 0
261 0 0 0
262 0 0 0
263 0 0 0
264 0 0 0
265 0 0 0
266 0 0 0
267 0 0 0
268 0 0 0
269 0 0 0
270 0 0 0
271 0 0 0
272 0 0 0
273 0 0 0
274 0 0 0
275 0 0 0
276 0 0 0
277 0 0 0
278 0 0 0
279 0 0 0
280 0 0 0
281 0 0 0
282 0 0 0
283 0 0 0
284 0 0 0
285 0 0 0
286 0 0 0
287 0 0 0
288 0 0 0
289 0 0 0
290 0 0 0
291 0 0 0
292 0 0 0
293 0 0 0
294 0 0 0
295 0 0 0
296 0 0 0
297 0 0 0
298 0 0 0
299 0 0 0
300 0 0 0
