0 0.0014792899408284023 0.0 0.9985207100591716
1 0.0014792899408284023 0.0029585798816568047 0.9955621301775148
2 0.0014792899408284023 0.0073964497041420114 0.9911242603550295
3 0.0029585798816568047 0.0073964497041420114 0.9896449704142012
4 0.005917159763313609 0.004437869822485207 0.9896449704142012
5 0.0073964497041420114 0.004437869822485207 0.9881656804733728
6 0.010355029585798817 0.0073964497041420114 0.9822485207100592
7 0.011834319526627219 0.008875739644970414 0.9792899408284024
8 0.014792899408284023 0.011834319526627219 0.9733727810650887
9 0.016272189349112426 0.013313609467455622 0.9704142011834319
10 0.019230769230769232 0.013313609467455622 0.9674556213017751
11 0.023668639053254437 0.013313609467455622 0.9630177514792899
12 0.028106508875739646 0.016272189349112426 0.9556213017751479
13 0.03254437869822485 0.016272189349112426 0.9511834319526628
14 0.038461538461538464 0.016272189349112426 0.9452662721893491
15 0.03994082840236687 0.020710059171597635 0.9393491124260355
16 0.047337278106508875 0.019230769230769232 0.9334319526627219
17 0.051775147928994084 0.019230769230769232 0.9289940828402367
18 0.057692307692307696 0.020710059171597635 0.9215976331360947
19 0.06656804733727811 0.023668639053254437 0.9097633136094675
20 0.07396449704142012 0.02514792899408284 0.900887573964497
21 0.07840236686390532 0.04437869822485207 0.8772189349112426
22 0.08431952662721894 0.047337278106508875 0.8683431952662722
23 0.09467455621301775 0.03994082840236687 0.8653846153846154
24 0.10502958579881656 0.04142011834319527 0.8535502958579881
25 0.10650887573964497 0.047337278106508875 0.8461538461538461
26 0.10946745562130178 0.05029585798816568 0.8402366863905325
27 0.1227810650887574 0.04142011834319527 0.8357988165680473
28 0.13313609467455623 0.042899408284023666 0.8239644970414202
29 0.14053254437869822 0.04437869822485207 0.8150887573964497
30 0.14644970414201183 0.05029585798816568 0.8032544378698225
31 0.15532544378698224 0.04585798816568047 0.7988165680473372
32 0.16420118343195267 0.03994082840236687 0.7958579881656804
33 0.17455621301775148 0.04142011834319527 0.7840236686390533
34 0.1819526627218935 0.038461538461538464 0.7795857988165681
35 0.1937869822485207 0.034023668639053255 0.772189349112426
36 0.20414201183431951 0.03550295857988166 0.7603550295857988
37 0.21301775147928995 0.03106508875739645 0.7559171597633136
38 0.22041420118343194 0.03550295857988166 0.7440828402366864
39 0.22928994082840237 0.03698224852071006 0.7337278106508875
40 0.24260355029585798 0.03994082840236687 0.7174556213017751
41 0.2485207100591716 0.05029585798816568 0.7011834319526628
42 0.25443786982248523 0.05473372781065089 0.6908284023668639
43 0.2618343195266272 0.05473372781065089 0.6834319526627219
44 0.2677514792899408 0.0621301775147929 0.6701183431952663
45 0.27958579881656803 0.05621301775147929 0.6642011834319527
46 0.29289940828402367 0.05473372781065089 0.6523668639053254
47 0.3047337278106509 0.05325443786982249 0.6420118343195266
48 0.3121301775147929 0.05029585798816568 0.6375739644970414
49 0.3224852071005917 0.04585798816568047 0.6316568047337278
50 0.3328402366863905 0.04142011834319527 0.6257396449704142
51 0.33727810650887574 0.04881656804733728 0.613905325443787
52 0.34467455621301774 0.05473372781065089 0.6005917159763313
53 0.35355029585798814 0.0650887573964497 0.5813609467455622
54 0.363905325443787 0.057692307692307696 0.5784023668639053
55 0.3772189349112426 0.057692307692307696 0.5650887573964497
56 0.386094674556213 0.0650887573964497 0.5488165680473372
57 0.3979289940828402 0.05917159763313609 0.5428994082840237
58 0.40384615384615385 0.06360946745562131 0.5325443786982249
59 0.42011834319526625 0.05621301775147929 0.5236686390532544
60 0.4275147928994083 0.06360946745562131 0.5088757396449705
61 0.4437869822485207 0.06360946745562131 0.492603550295858
62 0.4511834319526627 0.06804733727810651 0.4807692307692308
63 0.4556213017751479 0.06804733727810651 0.47633136094674555
64 0.46449704142011833 0.07248520710059171 0.4630177514792899
65 0.47928994082840237 0.07100591715976332 0.44970414201183434
66 0.48520710059171596 0.07544378698224852 0.4393491124260355
67 0.5029585798816568 0.0695266272189349 0.4275147928994083
68 0.5192307692307693 0.060650887573964495 0.42011834319526625
69 0.5281065088757396 0.05917159763313609 0.41272189349112426
70 0.5355029585798816 0.06360946745562131 0.40088757396449703
71 0.5502958579881657 0.06804733727810651 0.3816568047337278
72 0.5636094674556213 0.0695266272189349 0.3668639053254438
73 0.5739644970414202 0.07544378698224852 0.3505917159763314
74 0.5857988165680473 0.07544378698224852 0.33875739644970415
75 0.5976331360946746 0.06804733727810651 0.3343195266272189
76 0.6079881656804734 0.08284023668639054 0.3091715976331361
77 0.6183431952662722 0.08284023668639054 0.2988165680473373
78 0.6331360946745562 0.07988165680473373 0.2869822485207101
79 0.6464497041420119 0.07544378698224852 0.2781065088757396
80 0.6568047337278107 0.08579881656804733 0.257396449704142
81 0.6760355029585798 0.07248520710059171 0.2514792899408284
82 0.6908284023668639 0.07100591715976332 0.23816568047337278
83 0.6997041420118343 0.07988165680473373 0.22041420118343194
84 0.7130177514792899 0.07988165680473373 0.20710059171597633
85 0.727810650887574 0.08284023668639054 0.1893491124260355
86 0.7440828402366864 0.07100591715976332 0.1849112426035503
87 0.7633136094674556 0.057692307692307696 0.17899408284023668
88 0.7692307692307693 0.05621301775147929 0.17455621301775148
89 0.7766272189349113 0.05473372781065089 0.16863905325443787
90 0.7795857988165681 0.057692307692307696 0.16272189349112426
91 0.7855029585798816 0.05621301775147929 0.15828402366863906
92 0.7988165680473372 0.047337278106508875 0.15384615384615385
93 0.8076923076923077 0.042899408284023666 0.14940828402366865
94 0.8195266272189349 0.038461538461538464 0.14201183431952663
95 0.8254437869822485 0.04437869822485207 0.1301775147928994
96 0.834319526627219 0.04142011834319527 0.1242603550295858
97 0.8402366863905325 0.038461538461538464 0.12130177514792899
98 0.8476331360946746 0.03550295857988166 0.11686390532544379
99 0.8505917159763313 0.03698224852071006 0.11242603550295859
100 0.8579881656804734 0.03254437869822485 0.10946745562130178
101 0.8668639053254438 0.02514792899408284 0.10798816568047337
102 0.8698224852071006 0.023668639053254437 0.10650887573964497
103 0.8727810650887574 0.022189349112426034 0.10502958579881656
104 0.8772189349112426 0.019230769230769232 0.10355029585798817
105 0.8801775147928994 0.019230769230769232 0.10059171597633136
106 0.8831360946745562 0.01775147928994083 0.09911242603550297
107 0.8846153846153846 0.020710059171597635 0.09467455621301775
108 0.8890532544378699 0.016272189349112426 0.09467455621301775
109 0.8920118343195266 0.014792899408284023 0.09319526627218935
110 0.8964497041420119 0.010355029585798817 0.09319526627218935
111 0.8979289940828402 0.010355029585798817 0.09171597633136094
112 0.900887573964497 0.010355029585798817 0.08875739644970414
113 0.9023668639053254 0.008875739644970414 0.08875739644970414
114 0.9023668639053254 0.010355029585798817 0.08727810650887574
115 0.9053254437869822 0.008875739644970414 0.08579881656804733
116 0.9097633136094675 0.005917159763313609 0.08431952662721894
117 0.9112426035502958 0.005917159763313609 0.08284023668639054
118 0.9142011834319527 0.004437869822485207 0.08136094674556213
119 0.9171597633136095 0.0014792899408284023 0.08136094674556213
120 0.9171597633136095 0.0014792899408284023 0.08136094674556213
121 0.9171597633136095 0.0014792899408284023 0.08136094674556213
122 0.9171597633136095 0.0014792899408284023 0.08136094674556213
123 0.9171597633136095 0.0014792899408284023 0.08136094674556213
124 0.9171597633136095 0.0014792899408284023 0.08136094674556213
125 0.915680473372781 0.0029585798816568047 0.08136094674556213
126 0.9171597633136095 0.0014792899408284023 0.08136094674556213
127 0.9186390532544378 0.0 0.08136094674556213
128 0.9186390532544378 0.0 0.08136094674556213
129 0.9186390532544378 0.0 0.08136094674556213
130 0.9186390532544378 0.0 0.08136094674556213
131 0.9186390532544378 0.0 0.08136094674556213
132 0.9186390532544378 0.0 0.08136094674556213
133 0.9186390532544378 0.0 0.08136094674556213
134 0.9186390532544378 0.0 0.08136094674556213
135 0.9186390532544378 0.0 0.08136094674556213
136 0.9186390532544378 0.0 0.08136094674556213
137 0.9186390532544378 0.0 0.08136094674556213
138 0.9186390532544378 0.0 0.08136094674556213
139 0.9186390532544378 0.0 0.08136094674556213
140 0.9186390532544378 0.0 0.08136094674556213
141 0.9171597633136095 0.0014792899408284023 0.08136094674556213
142 0.9171597633136095 0.0014792899408284023 0.08136094674556213
143 0.9171597633136095 0.0014792899408284023 0.08136094674556213
144 0.900887573964497 0.01775147928994083 0.08136094674556213
145 0 0 0
146 0 0 0
147 0 0 0
148 0 0 0
149 0 0 0
150 0 0 0
151 0 0 0
152 0 0 0
153 0 0 0
154 0 0 0
155 0 0 0
156 0 0 0
157 0 0 0
158 0 0 0
159 0 0 0
160 0 0 0
161 0 0 0
162 0 0 0
163 0 0 0
164 0 0 0
165 0 0 0
166 0 0 0
167 0 0 0
168 0 0 0
169 0 0 0
170 0 0 0
171 0 0 0
172 0 0 0
173 0 0 0
174 0 0 0
175 0 0 0
176 0 0 0
177 0 0 0
178 0 0 0
179 0 0 0
180 0 0 0
181 0 0 0
182 0 0 0
183 0 0 0
184 0 0 0
185 0 0 0
186 0 0 0
187 0 0 0
188 0 0 0
189 0 0 0
190 0 0 0
191 0 0 0
192 0 0 0
193 0 0 0
194 0 0 0
195 0 0 0
196 0 0 0
197 0 0 0
198 0 0 0
199 0 0 0
200 0 0 0
201 0 0 0
202 0 0 0
203 0 0 0
204 0 0 0
205 0 0 0
206 0 0 0
207 0 0 0
208 0 0 0
209 0 0 0
210 0 0 0
211 0 0 0
212 0 0 0
213 0 0 0
214 0 0 0
215 0 0 0
216 0 0 0
217 0 0 0
218 0 0 0
219 0 0 0
220 0 0 0
221 0 0 0
222 0 0 0
223 0 0 0
224 0 0 0
225 0 0 0
226 0 0 0
227 0 0 0
228 0 0 0
229 0 0 0
230 0 0 0
231 0 0 0
232 0 0 0
233 0 0 0
234 0 0 0
235 0 0 0
236 0 0 0
237 0 0 0
238 0 0 0
239 0 0 0
240 0 0 0
241 0 0 0
242 0 0 0
243 0 0 0
244 0 0 0
245 0 0 0
246 0 0 0
247 0 0 0
248 0 0 0
249 0 0 0
250 0 0 0
251 0 0 0
252 0 0 0
253 0 0 0
254 0 0 0
255 0 0 0
256 0 0 0
257 0 0 0
258 0 0 0
259 0 0 0
260 0 0 0
261 0 0 0
262 0 0 0
263 0 0 0
264 0 0 0
265 0 0 0
266 0 0 0
267 0 0 0
268 0 0 0
269 0 0 0
270 0 0 0
271 0 0 0
272 0 0 0
273 0 0 0
274 0 0 0
275 0 0 0
276 0 0 0
277 0 0 0
278 0 0 0
279 0 0 0
280 0 0 0
281 0 0 0
282 0 0 0
283 0 0 0
284 0 0 0
285 0 0 0
286 0 0 0
287 0 0 0
288 0 0 0
289 0 0 0
290 0 0 0
291 0 0 0
292 0 0 0
293 0 0 0
294 0 0 0
295 0 0 0
296 0 0 0
297 0 0 0
298 0 0 0
299 0 0 0
300 0 0 0
