0 0.0014792899408284023 0.0 0.9985207100591716
1 0.0014792899408284023 0.0 0.9985207100591716
2 0.0014792899408284023 0.0 0.9985207100591716
3 0.0014792899408284023 0.0 0.9985207100591716
4 0.0014792899408284023 0.0 0.9985207100591716
5 0.0014792899408284023 0.0014792899408284023 0.9970414201183432
6 0.0014792899408284023 0.0014792899408284023 0.9970414201183432
7 0.0014792899408284023 0.004437869822485207 0.9940828402366864
8 0.0029585798816568047 0.0029585798816568047 0.9940828402366864
9 0.005917159763313609 0.0029585798816568047 0.9911242603550295
10 0.005917159763313609 0.004437869822485207 0.9896449704142012
11 0.005917159763313609 0.0073964497041420114 0.9866863905325444
12 0.005917159763313609 0.008875739644970414 0.985207100591716
13 0.008875739644970414 0.008875739644970414 0.9822485207100592
14 0.011834319526627219 0.0073964497041420114 0.9807692307692307
15 0.011834319526627219 0.014792899408284023 0.9733727810650887
16 0.014792899408284023 0.019230769230769232 0.9659763313609467
17 0.014792899408284023 0.020710059171597635 0.9644970414201184
18 0.022189349112426034 0.01775147928994083 0.9600591715976331
19 0.029585798816568046 0.016272189349112426 0.9541420118343196
20 0.029585798816568046 0.020710059171597635 0.9497041420118343
21 0.03698224852071006 0.020710059171597635 0.9423076923076923
22 0.03994082840236687 0.023668639053254437 0.9363905325443787
23 0.04437869822485207 0.02514792899408284 0.9304733727810651
24 0.05029585798816568 0.028106508875739646 0.9215976331360947
25 0.05917159763313609 0.022189349112426034 0.9186390532544378
26 0.0621301775147929 0.03106508875739645 0.9068047337278107
27 0.07100591715976332 0.028106508875739646 0.900887573964497
28 0.07396449704142012 0.03106508875739645 0.8949704142011834
29 0.07840236686390532 0.03106508875739645 0.8905325443786982
30 0.08727810650887574 0.029585798816568046 0.8831360946745562
31 0.09023668639053255 0.03550295857988166 0.8742603550295858
32 0.10207100591715976 0.03106508875739645 0.8668639053254438
33 0.11242603550295859 0.028106508875739646 0.8594674556213018
34 0.11834319526627218 0.034023668639053255 0.8476331360946746
35 0.1227810650887574 0.03698224852071006 0.8402366863905325
36 0.1301775147928994 0.042899408284023666 0.8269230769230769
37 0.1390532544378698 0.04142011834319527 0.8195266272189349
38 0.15088757396449703 0.04142011834319527 0.8076923076923077
39 0.15976331360946747 0.042899408284023666 0.7973372781065089
40 0.16272189349112426 0.047337278106508875 0.7899408284023669
41 0.17159763313609466 0.047337278106508875 0.7810650887573964
42 0.1819526627218935 0.04585798816568047 0.772189349112426
43 0.1952662721893491 0.038461538461538464 0.7662721893491125
44 0.20266272189349113 0.03550295857988166 0.7618343195266272
45 0.20857988165680474 0.03550295857988166 0.7559171597633136
46 0.21745562130177515 0.03550295857988166 0.7470414201183432
47 0.22041420118343194 0.038461538461538464 0.7411242603550295
48 0.22337278106508876 0.042899408284023666 0.7337278106508875
49 0.23520710059171598 0.04142011834319527 0.7233727810650887
50 0.2411242603550296 0.03994082840236687 0.7189349112426036
51 0.2440828402366864 0.042899408284023666 0.7130177514792899
52 0.2485207100591716 0.04437869822485207 0.7071005917159763
53 0.2529585798816568 0.04437869822485207 0.7026627218934911
54 0.2603550295857988 0.047337278106508875 0.6923076923076923
55 0.26479289940828404 0.05029585798816568 0.6849112426035503
56 0.2781065088757396 0.04881656804733728 0.6730769230769231
57 0.28254437869822485 0.05029585798816568 0.6671597633136095
58 0.29142011834319526 0.051775147928994084 0.6568047337278107
59 0.30029585798816566 0.05917159763313609 0.6405325443786982
60 0.3076923076923077 0.0621301775147929 0.6301775147928994
61 0.3165680473372781 0.0650887573964497 0.6183431952662722
62 0.3239644970414201 0.07248520710059171 0.6035502958579881
63 0.3269230769230769 0.07840236686390532 0.5946745562130178
64 0.33727810650887574 0.07544378698224852 0.5872781065088757
65 0.35502958579881655 0.06360946745562131 0.5813609467455622
66 0.3609467455621302 0.07544378698224852 0.5636094674556213
67 0.36538461538461536 0.07840236686390532 0.5562130177514792
68 0.3742603550295858 0.07988165680473373 0.5458579881656804
69 0.386094674556213 0.08136094674556213 0.5325443786982249
70 0.39497041420118345 0.07840236686390532 0.5266272189349113
71 0.40828402366863903 0.07840236686390532 0.5133136094674556
72 0.4156804733727811 0.08284023668639054 0.5014792899408284
73 0.4275147928994083 0.08284023668639054 0.4896449704142012
74 0.4319526627218935 0.08579881656804733 0.4822485207100592
75 0.4467455621301775 0.08284023668639054 0.47041420118343197
76 0.45857988165680474 0.08136094674556213 0.46005917159763315
77 0.47781065088757396 0.07544378698224852 0.4467455621301775
78 0.4881656804733728 0.07988165680473373 0.4319526627218935
79 0.4985207100591716 0.07544378698224852 0.4260355029585799
80 0.5103550295857988 0.0695266272189349 0.42011834319526625
81 0.522189349112426 0.0695266272189349 0.40828402366863903
82 0.5266272189349113 0.07840236686390532 0.39497041420118345
83 0.5355029585798816 0.08284023668639054 0.3816568047337278
84 0.5473372781065089 0.08136094674556213 0.371301775147929
85 0.5591715976331361 0.07988165680473373 0.3609467455621302
86 0.5710059171597633 0.08431952662721894 0.34467455621301774
87 0.5828402366863905 0.09171597633136094 0.3254437869822485
88 0.5931952662721893 0.09319526627218935 0.3136094674556213
89 0.6050295857988166 0.10650887573964497 0.28846153846153844
90 0.6153846153846154 0.10650887573964497 0.2781065088757396
91 0.6198224852071006 0.11094674556213018 0.2692307692307692
92 0.6375739644970414 0.10798816568047337 0.25443786982248523
93 0.6553254437869822 0.09763313609467456 0.2470414201183432
94 0.6715976331360947 0.09319526627218935 0.23520710059171598
95 0.6849112426035503 0.08875739644970414 0.22633136094674555
96 0.6952662721893491 0.08875739644970414 0.21597633136094674
97 0.7100591715976331 0.08579881656804733 0.20414201183431951
98 0.7233727810650887 0.07840236686390532 0.19822485207100593
99 0.7381656804733728 0.07100591715976332 0.1908284023668639
100 0.7514792899408284 0.0650887573964497 0.1834319526627219
101 0.7633136094674556 0.06360946745562131 0.17307692307692307
102 0.772189349112426 0.0650887573964497 0.16272189349112426
103 0.7855029585798816 0.060650887573964495 0.15384615384615385
104 0.7943786982248521 0.05473372781065089 0.15088757396449703
105 0.8017751479289941 0.05029585798816568 0.14792899408284024
106 0.8076923076923077 0.05029585798816568 0.14201183431952663
107 0.8254437869822485 0.034023668639053255 0.14053254437869822
108 0.8269230769230769 0.042899408284023666 0.1301775147928994
109 0.8328402366863905 0.03994082840236687 0.12721893491124261
110 0.8372781065088757 0.03994082840236687 0.1227810650887574
111 0.8402366863905325 0.04142011834319527 0.11834319526627218
112 0.8476331360946746 0.03994082840236687 0.11242603550295859
113 0.8505917159763313 0.03994082840236687 0.10946745562130178
114 0.8550295857988166 0.038461538461538464 0.10650887573964497
115 0.8579881656804734 0.038461538461538464 0.10355029585798817
116 0.8609467455621301 0.03698224852071006 0.10207100591715976
117 0.8653846153846154 0.03698224852071006 0.09763313609467456
118 0.871301775147929 0.03550295857988166 0.09319526627218935
119 0.8727810650887574 0.034023668639053255 0.09319526627218935
120 0.8772189349112426 0.034023668639053255 0.08875739644970414
121 0.878698224852071 0.034023668639053255 0.08727810650887574
122 0.8846153846153846 0.028106508875739646 0.08727810650887574
123 0.8653846153846154 0.03550295857988166 0.09911242603550297
124 0.8668639053254438 0.034023668639053255 0.09911242603550297
125 0.8269230769230769 0.06656804733727811 0.10650887573964497
126 0.834319526627219 0.0650887573964497 0.10059171597633136
127 0.8402366863905325 0.06360946745562131 0.09615384615384616
128 0.8461538461538461 0.05917159763313609 0.09467455621301775
129 0.8520710059171598 0.05325443786982249 0.09467455621301775
130 0.8550295857988166 0.05325443786982249 0.09171597633136094
131 0.8579881656804734 0.051775147928994084 0.09023668639053255
132 0.8594674556213018 0.051775147928994084 0.08875739644970414
133 0.8624260355029586 0.05325443786982249 0.08431952662721894
134 0.8653846153846154 0.051775147928994084 0.08284023668639054
135 0.8772189349112426 0.03994082840236687 0.08284023668639054
136 0.8801775147928994 0.038461538461538464 0.08136094674556213
137 0.8831360946745562 0.03550295857988166 0.08136094674556213
138 0.8831360946745562 0.03550295857988166 0.08136094674556213
139 0.886094674556213 0.03254437869822485 0.08136094674556213
140 0 0 0
141 0 0 0
142 0 0 0
143 0 0 0
144 0 0 0
145 0 0 0
146 0 0 0
147 0 0 0
148 0 0 0
149 0 0 0
150 0 0 0
151 0 0 0
152 0 0 0
153 0 0 0
154 0 0 0
155 0 0 0
156 0 0 0
157 0 0 0
158 0 0 0
159 0 0 0
160 0 0 0
161 0 0 0
162 0 0 0
163 0 0 0
164 0 0 0
165 0 0 0
166 0 0 0
167 0 0 0
168 0 0 0
169 0 0 0
170 0 0 0
171 0 0 0
172 0 0 0
173 0 0 0
174 0 0 0
175 0 0 0
176 0 0 0
177 0 0 0
178 0 0 0
179 0 0 0
180 0 0 0
181 0 0 0
182 0 0 0
183 0 0 0
184 0 0 0
185 0 0 0
186 0 0 0
187 0 0 0
188 0 0 0
189 0 0 0
190 0 0 0
191 0 0 0
192 0 0 0
193 0 0 0
194 0 0 0
195 0 0 0
196 0 0 0
197 0 0 0
198 0 0 0
199 0 0 0
200 0 0 0
201 0 0 0
202 0 0 0
203 0 0 0
204 0 0 0
205 0 0 0
206 0 0 0
207 0 0 0
208 0 0 0
209 0 0 0
210 0 0 0
211 0 0 0
212 0 0 0
213 0 0 0
214 0 0 0
215 0 0 0
216 0 0 0
217 0 0 0
218 0 0 0
219 0 0 0
220 0 0 0
221 0 0 0
222 0 0 0
223 0 0 0
224 0 0 0
225 0 0 0
226 0 0 0
227 0 0 0
228 0 0 0
229 0 0 0
230 0 0 0
231 0 0 0
232 0 0 0
233 0 0 0
234 0 0 0
235 0 0 0
236 0 0 0
237 0 0 0
238 0 0 0
239 0 0 0
240 0 0 0
241 0 0 0
242 0 0 0
243 0 0 0
244 0 0 0
245 0 0 0
246 0 0 0
247 0 0 0
248 0 0 0
249 0 0 0
250 0 0 0
251 0 0 0
252 0 0 0
253 0 0 0
254 0 0 0
255 0 0 0
256 0 0 0
257 0 0 0
258 0 0 0
259 0 0 0
260 0 0 0
261 0 0 0
262 0 0 0
263 0 0 0
264 0 0 0
265 0 0 0
266 0 0 0
267 0 0 0
268 0 0 0
269 0 0 0
270 0 0 0
271 0 0 0
272 0 0 0
273 0 0 0
274 0 0 0
275 0 0 0
276 0 0 0
277 0 0 0
278 0 0 0
279 0 0 0
280 0 0 0
281 0 0 0
282 0 0 0
283 0 0 0
284 0 0 0
285 0 0 0
286 0 0 0
287 0 0 0
288 0 0 0
289 0 0 0
290 0 0 0
291 0 0 0
292 0 0 0
293 0 0 0
294 0 0 0
295 0 0 0
296 0 0 0
297 0 0 0
298 0 0 0
299 0 0 0
300 0 0 0
