0 0.0014792899408284023 0.0 0.9985207100591716
1 0.0014792899408284023 0.0 0.9985207100591716
2 0.0014792899408284023 0.0014792899408284023 0.9970414201183432
3 0.0014792899408284023 0.005917159763313609 0.992603550295858
4 0.0014792899408284023 0.005917159763313609 0.992603550295858
5 0.0014792899408284023 0.005917159763313609 0.992603550295858
6 0.0014792899408284023 0.008875739644970414 0.9896449704142012
7 0.0029585798816568047 0.011834319526627219 0.985207100591716
8 0.005917159763313609 0.011834319526627219 0.9822485207100592
9 0.005917159763313609 0.016272189349112426 0.977810650887574
10 0.0073964497041420114 0.020710059171597635 0.9718934911242604
11 0.010355029585798817 0.020710059171597635 0.9689349112426036
12 0.010355029585798817 0.023668639053254437 0.9659763313609467
13 0.014792899408284023 0.023668639053254437 0.9615384615384616
14 0.016272189349112426 0.026627218934911243 0.9571005917159763
15 0.019230769230769232 0.03106508875739645 0.9497041420118343
16 0.02514792899408284 0.03106508875739645 0.9437869822485208
17 0.028106508875739646 0.03698224852071006 0.9349112426035503
18 0.034023668639053255 0.03698224852071006 0.9289940828402367
19 0.038461538461538464 0.04142011834319527 0.9201183431952663
20 0.042899408284023666 0.038461538461538464 0.9186390532544378
21 0.04881656804733728 0.04437869822485207 0.9068047337278107
22 0.05325443786982249 0.05473372781065089 0.8920118343195266
23 0.057692307692307696 0.05917159763313609 0.8831360946745562
24 0.060650887573964495 0.060650887573964495 0.878698224852071
25 0.0695266272189349 0.05917159763313609 0.871301775147929
26 0.07988165680473373 0.06360946745562131 0.856508875739645
27 0.08431952662721894 0.06656804733727811 0.849112426035503
28 0.09023668639053255 0.06360946745562131 0.8461538461538461
29 0.09319526627218935 0.06804733727810651 0.8387573964497042
30 0.09763313609467456 0.0695266272189349 0.8328402366863905
31 0.10502958579881656 0.06804733727810651 0.8269230769230769
32 0.12130177514792899 0.05917159763313609 0.8195266272189349
33 0.12721893491124261 0.06360946745562131 0.8091715976331361
34 0.1346153846153846 0.0650887573964497 0.8002958579881657
35 0.14349112426035504 0.06656804733727811 0.7899408284023669
36 0.14792899408284024 0.07100591715976332 0.7810650887573964
37 0.15976331360946747 0.0650887573964497 0.7751479289940828
38 0.16568047337278108 0.0695266272189349 0.764792899408284
39 0.17307692307692307 0.07248520710059171 0.7544378698224852
40 0.1849112426035503 0.0695266272189349 0.7455621301775148
41 0.1878698224852071 0.07396449704142012 0.7381656804733728
42 0.21153846153846154 0.0650887573964497 0.7233727810650887
43 0.22189349112426035 0.06360946745562131 0.7144970414201184
44 0.22337278106508876 0.07840236686390532 0.6982248520710059
45 0.22928994082840237 0.07692307692307693 0.6937869822485208
46 0.23816568047337278 0.07692307692307693 0.6849112426035503
47 0.24260355029585798 0.07840236686390532 0.6789940828402367
48 0.2485207100591716 0.08727810650887574 0.6642011834319527
49 0.257396449704142 0.09023668639053255 0.6523668639053254
50 0.26479289940828404 0.08727810650887574 0.6479289940828402
51 0.2692307692307692 0.09171597633136094 0.6390532544378699
52 0.27071005917159763 0.09911242603550297 0.6301775147928994
53 0.2781065088757396 0.10355029585798817 0.6183431952662722
54 0.28106508875739644 0.11390532544378698 0.6050295857988166
55 0.29142011834319526 0.10798816568047337 0.6005917159763313
56 0.2973372781065089 0.11390532544378698 0.5887573964497042
57 0.3047337278106509 0.1242603550295858 0.5710059171597633
58 0.3106508875739645 0.128698224852071 0.5606508875739645
59 0.31952662721893493 0.1301775147928994 0.5502958579881657
60 0.33136094674556216 0.1227810650887574 0.5458579881656804
61 0.3431952662721893 0.13165680473372782 0.5251479289940828
62 0.35502958579881655 0.1257396449704142 0.5192307692307693
63 0.363905325443787 0.128698224852071 0.507396449704142
64 0.3757396449704142 0.1242603550295858 0.5
65 0.3875739644970414 0.1227810650887574 0.4896449704142012
66 0.40236686390532544 0.1227810650887574 0.47485207100591714
67 0.40828402366863903 0.13165680473372782 0.46005917159763315
68 0.4230769230769231 0.12130177514792899 0.4556213017751479
69 0.4260355029585799 0.128698224852071 0.4452662721893491
70 0.43047337278106507 0.13313609467455623 0.4363905325443787
71 0.4423076923076923 0.13757396449704143 0.42011834319526625
72 0.4526627218934911 0.1390532544378698 0.40828402366863903
73 0.46893491124260356 0.1390532544378698 0.39201183431952663
74 0.48372781065088755 0.14201183431952663 0.3742603550295858
75 0.492603550295858 0.14349112426035504 0.363905325443787
76 0.5044378698224852 0.14053254437869822 0.35502958579881655
77 0.5118343195266272 0.14497041420118342 0.3431952662721893
78 0.5281065088757396 0.14792899408284024 0.3239644970414201
79 0.5428994082840237 0.14940828402366865 0.3076923076923077
80 0.5517751479289941 0.15236686390532544 0.2958579881656805
81 0.5621301775147929 0.15532544378698224 0.28254437869822485
82 0.5724852071005917 0.15384615384615385 0.27366863905325445
83 0.5828402366863905 0.15976331360946747 0.257396449704142
84 0.5961538461538461 0.16568047337278108 0.23816568047337278
85 0.6035502958579881 0.16863905325443787 0.22781065088757396
86 0.613905325443787 0.16420118343195267 0.22189349112426035
87 0.6257396449704142 0.16420118343195267 0.21005917159763313
88 0.6331360946745562 0.16715976331360946 0.1997041420118343
89 0.643491124260355 0.16272189349112426 0.1937869822485207
90 0.6642011834319527 0.15236686390532544 0.1834319526627219
91 0.6834319526627219 0.1390532544378698 0.17751479289940827
92 0.6997041420118343 0.1346153846153846 0.16568047337278108
93 0.7174556213017751 0.11834319526627218 0.16420118343195267
94 0.7233727810650887 0.11982248520710059 0.15680473372781065
95 0.735207100591716 0.11390532544378698 0.15088757396449703
96 0.7485207100591716 0.10355029585798817 0.14792899408284024
97 0.7633136094674556 0.09319526627218935 0.14349112426035504
98 0.7766272189349113 0.08579881656804733 0.13757396449704143
99 0.7884615384615384 0.08284023668639054 0.128698224852071
100 0.7928994082840237 0.07988165680473373 0.12721893491124261
101 0.8032544378698225 0.07396449704142012 0.1227810650887574
102 0.8121301775147929 0.06804733727810651 0.11982248520710059
103 0.8165680473372781 0.0695266272189349 0.11390532544378698
104 0.8239644970414202 0.06656804733727811 0.10946745562130178
105 0.8298816568047337 0.0621301775147929 0.10798816568047337
106 0.8372781065088757 0.05917159763313609 0.10355029585798817
107 0.8431952662721893 0.05325443786982249 0.10355029585798817
108 0.8461538461538461 0.05621301775147929 0.09763313609467456
109 0.849112426035503 0.05473372781065089 0.09615384615384616
110 0.8520710059171598 0.051775147928994084 0.09615384615384616
111 0.8609467455621301 0.04437869822485207 0.09467455621301775
112 0.8683431952662722 0.038461538461538464 0.09319526627218935
113 0.8683431952662722 0.038461538461538464 0.09319526627218935
114 0.871301775147929 0.03550295857988166 0.09319526627218935
115 0.8801775147928994 0.03106508875739645 0.08875739644970414
116 0.8831360946745562 0.029585798816568046 0.08727810650887574
117 0.886094674556213 0.029585798816568046 0.08431952662721894
118 0.8890532544378699 0.028106508875739646 0.08284023668639054
119 0.8920118343195266 0.026627218934911243 0.08136094674556213
120 0.8920118343195266 0.026627218934911243 0.08136094674556213
121 0.8994082840236687 0.019230769230769232 0.08136094674556213
122 0.900887573964497 0.01775147928994083 0.08136094674556213
123 0.8875739644970414 0.029585798816568046 0.08284023668639054
124 0.8905325443786982 0.028106508875739646 0.08136094674556213
125 0.8698224852071006 0.047337278106508875 0.08284023668639054
126 0.8757396449704142 0.042899408284023666 0.08136094674556213
127 0.8801775147928994 0.038461538461538464 0.08136094674556213
128 0.8831360946745562 0.03550295857988166 0.08136094674556213
129 0.8875739644970414 0.03106508875739645 0.08136094674556213
130 0.8905325443786982 0.028106508875739646 0.08136094674556213
131 0.8905325443786982 0.028106508875739646 0.08136094674556213
132 0.8905325443786982 0.028106508875739646 0.08136094674556213
133 0.9023668639053254 0.016272189349112426 0.08136094674556213
134 0.908284023668639 0.010355029585798817 0.08136094674556213
135 0.9142011834319527 0.004437869822485207 0.08136094674556213
136 0.9142011834319527 0.004437869822485207 0.08136094674556213
137 0.915680473372781 0.0029585798816568047 0.08136094674556213
138 0.915680473372781 0.0029585798816568047 0.08136094674556213
139 0.9171597633136095 0.0014792899408284023 0.08136094674556213
140 0 0 0
141 0 0 0
142 0 0 0
143 0 0 0
144 0 0 0
145 0 0 0
146 0 0 0
147 0 0 0
148 0 0 0
149 0 0 0
150 0 0 0
151 0 0 0
152 0 0 0
153 0 0 0
154 0 0 0
155 0 0 0
156 0 0 0
157 0 0 0
158 0 0 0
159 0 0 0
160 0 0 0
161 0 0 0
162 0 0 0
163 0 0 0
164 0 0 0
165 0 0 0
166 0 0 0
167 0 0 0
168 0 0 0
169 0 0 0
170 0 0 0
171 0 0 0
172 0 0 0
173 0 0 0
174 0 0 0
175 0 0 0
176 0 0 0
177 0 0 0
178 0 0 0
179 0 0 0
180 0 0 0
181 0 0 0
182 0 0 0
183 0 0 0
184 0 0 0
185 0 0 0
186 0 0 0
187 0 0 0
188 0 0 0
189 0 0 0
190 0 0 0
191 0 0 0
192 0 0 0
193 0 0 0
194 0 0 0
195 0 0 0
196 0 0 0
197 0 0 0
198 0 0 0
199 0 0 0
200 0 0 0
201 0 0 0
202 0 0 0
203 0 0 0
204 0 0 0
205 0 0 0
206 0 0 0
207 0 0 0
208 0 0 0
209 0 0 0
210 0 0 0
211 0 0 0
212 0 0 0
213 0 0 0
214 0 0 0
215 0 0 0
216 0 0 0
217 0 0 0
218 0 0 0
219 0 0 0
220 0 0 0
221 0 0 0
222 0 0 0
223 0 0 0
224 0 0 0
225 0 0 0
226 0 0 0
227 0 0 0
228 0 0 0
229 0 0 0
230 0 0 0
231 0 0 0
232 0 0 0
233 0 0 0
234 0 0 0
235 0 0 0
236 0 0 0
237 0 0 0
238 0 0 0
239 0 0 0
240 0 0 0
241 0 0 0
242 0 0 0
243 0 0 0
244 0 0 0
245 0 0 0
246 0 0 0
247 0 0 0
248 0 0 0
249 0 0 0
250 0 0 0
251 0 0 0
252 0 0 0
253 0 0 0
254 0 0 0
255 0 0 0
256 0 0 0
257 0 0 0
258 0 0 0
259 0 0 0
260 0 0 0
261 0 0 0
262 0 0 0
263 0 0 0
264 0 0 0
265 0 0 0
266 0 0 0
267 0 0 0
268 0 0 0
269 0 0 0
270 0 0 0
271 0 0 0
272 0 0 0
273 0 0 0
274 0 0 0
275 0 0 0
276 0 0 0
277 0 0 0
278 0 0 0
279 0 0 0
280 0 0 0
281 0 0 0
282 0 0 0
283 0 0 0
284 0 0 0
285 0 0 0
286 0 0 0
287 0 0 0
288 0 0 0
289 0 0 0
290 0 0 0
291 0 0 0
292 0 0 0
293 0 0 0
294 0 0 0
295 0 0 0
296 0 0 0
297 0 0 0
298 0 0 0
299 0 0 0
300 0 0 0
