0 0.0014792899408284023 0.0 0.9985207100591716
1 0.0014792899408284023 0.0 0.9985207100591716
2 0.0014792899408284023 0.0014792899408284023 0.9970414201183432
3 0.0014792899408284023 0.0014792899408284023 0.9970414201183432
4 0.0014792899408284023 0.0029585798816568047 0.9955621301775148
5 0.0014792899408284023 0.004437869822485207 0.9940828402366864
6 0.0014792899408284023 0.005917159763313609 0.992603550295858
7 0.0014792899408284023 0.0073964497041420114 0.9911242603550295
8 0.0014792899408284023 0.0073964497041420114 0.9911242603550295
9 0.0014792899408284023 0.010355029585798817 0.9881656804733728
10 0.0029585798816568047 0.010355029585798817 0.9866863905325444
11 0.0029585798816568047 0.011834319526627219 0.985207100591716
12 0.0029585798816568047 0.014792899408284023 0.9822485207100592
13 0.0029585798816568047 0.016272189349112426 0.9807692307692307
14 0.004437869822485207 0.01775147928994083 0.977810650887574
15 0.004437869822485207 0.022189349112426034 0.9733727810650887
16 0.005917159763313609 0.026627218934911243 0.9674556213017751
17 0.005917159763313609 0.03550295857988166 0.9585798816568047
18 0.0073964497041420114 0.03698224852071006 0.9556213017751479
19 0.0073964497041420114 0.04142011834319527 0.9511834319526628
20 0.008875739644970414 0.047337278106508875 0.9437869822485208
21 0.011834319526627219 0.05029585798816568 0.9378698224852071
22 0.013313609467455622 0.051775147928994084 0.9349112426035503
23 0.01775147928994083 0.060650887573964495 0.9215976331360947
24 0.023668639053254437 0.05621301775147929 0.9201183431952663
25 0.02514792899408284 0.060650887573964495 0.9142011834319527
26 0.02514792899408284 0.06360946745562131 0.9112426035502958
27 0.029585798816568046 0.0621301775147929 0.908284023668639
28 0.034023668639053255 0.0650887573964497 0.900887573964497
29 0.03550295857988166 0.07100591715976332 0.893491124260355
30 0.042899408284023666 0.0650887573964497 0.8920118343195266
31 0.04585798816568047 0.06656804733727811 0.8875739644970414
32 0.05029585798816568 0.07100591715976332 0.878698224852071
33 0.060650887573964495 0.06804733727810651 0.871301775147929
34 0.06360946745562131 0.07248520710059171 0.863905325443787
35 0.06656804733727811 0.07544378698224852 0.8579881656804734
36 0.07544378698224852 0.0695266272189349 0.8550295857988166
37 0.07840236686390532 0.07248520710059171 0.849112426035503
38 0.08284023668639054 0.07248520710059171 0.8446745562130178
39 0.08875739644970414 0.07396449704142012 0.8372781065088757
40 0.09171597633136094 0.07396449704142012 0.834319526627219
41 0.09763313609467456 0.07100591715976332 0.8313609467455622
42 0.10355029585798817 0.0695266272189349 0.8269230769230769
43 0.10798816568047337 0.07840236686390532 0.8136094674556213
44 0.11686390532544379 0.08136094674556213 0.8017751479289941
45 0.1242603550295858 0.07840236686390532 0.7973372781065089
46 0.13313609467455623 0.07988165680473373 0.7869822485207101
47 0.13757396449704143 0.07988165680473373 0.7825443786982249
48 0.14201183431952663 0.08284023668639054 0.7751479289940828
49 0.14644970414201183 0.09171597633136094 0.7618343195266272
50 0.15976331360946747 0.08727810650887574 0.7529585798816568
51 0.16715976331360946 0.08431952662721894 0.7485207100591716
52 0.17455621301775148 0.08875739644970414 0.7366863905325444
53 0.1834319526627219 0.08431952662721894 0.7322485207100592
54 0.1863905325443787 0.09023668639053255 0.7233727810650887
55 0.19674556213017752 0.09467455621301775 0.7085798816568047
56 0.20266272189349113 0.09911242603550297 0.6982248520710059
57 0.21153846153846154 0.10502958579881656 0.6834319526627219
58 0.22041420118343194 0.10207100591715976 0.6775147928994083
59 0.22189349112426035 0.10798816568047337 0.6701183431952663
60 0.22928994082840237 0.11242603550295859 0.658284023668639
61 0.23372781065088757 0.11982248520710059 0.6464497041420119
62 0.24260355029585798 0.1242603550295858 0.6331360946745562
63 0.2485207100591716 0.1227810650887574 0.628698224852071
64 0.257396449704142 0.11686390532544379 0.6257396449704142
65 0.26331360946745563 0.11982248520710059 0.6168639053254438
66 0.26627218934911245 0.1227810650887574 0.6109467455621301
67 0.28106508875739644 0.11686390532544379 0.6020710059171598
68 0.29142011834319526 0.11834319526627218 0.5902366863905325
69 0.2958579881656805 0.1227810650887574 0.5813609467455622
70 0.3032544378698225 0.1242603550295858 0.5724852071005917
71 0.3106508875739645 0.1242603550295858 0.5650887573964497
72 0.31952662721893493 0.1257396449704142 0.5547337278106509
73 0.3269230769230769 0.128698224852071 0.5443786982248521
74 0.33727810650887574 0.128698224852071 0.5340236686390533
75 0.3431952662721893 0.1346153846153846 0.522189349112426
76 0.35650887573964496 0.12721893491124261 0.5162721893491125
77 0.3683431952662722 0.1301775147928994 0.5014792899408284
78 0.3757396449704142 0.13313609467455623 0.4911242603550296
79 0.3875739644970414 0.1390532544378698 0.47337278106508873
80 0.39644970414201186 0.1390532544378698 0.46449704142011833
81 0.40384615384615385 0.14497041420118342 0.4511834319526627
82 0.4156804733727811 0.13757396449704143 0.4467455621301775
83 0.4260355029585799 0.14201183431952663 0.4319526627218935
84 0.4423076923076923 0.14053254437869822 0.4171597633136095
85 0.4511834319526627 0.14792899408284024 0.40088757396449703
86 0.46449704142011833 0.14940828402366865 0.386094674556213
87 0.47337278106508873 0.15088757396449703 0.3757396449704142
88 0.48372781065088755 0.15236686390532544 0.363905325443787
89 0.492603550295858 0.15088757396449703 0.35650887573964496
90 0.5088757396449705 0.14792899408284024 0.3431952662721893
91 0.5251479289940828 0.1390532544378698 0.33579881656804733
92 0.5355029585798816 0.14349112426035504 0.3210059171597633
93 0.5488165680473372 0.1390532544378698 0.3121301775147929
94 0.5680473372781065 0.1301775147928994 0.30177514792899407
95 0.5828402366863905 0.128698224852071 0.28846153846153844
96 0.5931952662721893 0.12721893491124261 0.27958579881656803
97 0.6079881656804734 0.1242603550295858 0.2677514792899408
98 0.6183431952662722 0.1227810650887574 0.2588757396449704
99 0.636094674556213 0.11686390532544379 0.2470414201183432
100 0.6390532544378699 0.11834319526627218 0.24260355029585798
101 0.6420118343195266 0.1257396449704142 0.23224852071005916
102 0.6568047337278107 0.11982248520710059 0.22337278106508876
103 0.665680473372781 0.11982248520710059 0.21449704142011836
104 0.6804733727810651 0.11834319526627218 0.20118343195266272
105 0.6908284023668639 0.11390532544378698 0.1952662721893491
106 0.6982248520710059 0.11390532544378698 0.1878698224852071
107 0.7026627218934911 0.11982248520710059 0.17751479289940827
108 0.7100591715976331 0.11538461538461539 0.17455621301775148
109 0.7204142011834319 0.10946745562130178 0.17011834319526628
110 0.7263313609467456 0.10798816568047337 0.16568047337278108
111 0.7322485207100592 0.11094674556213018 0.15680473372781065
112 0.7440828402366864 0.10650887573964497 0.14940828402366865
113 0.7588757396449705 0.09911242603550297 0.14201183431952663
114 0.7751479289940828 0.09171597633136094 0.13313609467455623
115 0.7810650887573964 0.09023668639053255 0.128698224852071
116 0.7899408284023669 0.09171597633136094 0.11834319526627218
117 0.8062130177514792 0.07988165680473373 0.11390532544378698
118 0.8136094674556213 0.08284023668639054 0.10355029585798817
119 0.8195266272189349 0.08136094674556213 0.09911242603550297
120 0.8254437869822485 0.07840236686390532 0.09615384615384616
121 0.8328402366863905 0.07692307692307693 0.09023668639053255
122 0.8357988165680473 0.07396449704142012 0.09023668639053255
123 0.8431952662721893 0.06804733727810651 0.08875739644970414
124 0.8505917159763313 0.060650887573964495 0.08875739644970414
125 0.8550295857988166 0.05917159763313609 0.08579881656804733
126 0.8594674556213018 0.05621301775147929 0.08431952662721894
127 0.8668639053254438 0.04881656804733728 0.08431952662721894
128 0.8698224852071006 0.04585798816568047 0.08431952662721894
129 0.8742603550295858 0.04142011834319527 0.08431952662721894
130 0.8831360946745562 0.03254437869822485 0.08431952662721894
131 0.8890532544378699 0.026627218934911243 0.08431952662721894
132 0.8920118343195266 0.02514792899408284 0.08284023668639054
133 0.9023668639053254 0.016272189349112426 0.08136094674556213
134 0.9023668639053254 0.016272189349112426 0.08136094674556213
135 0.9068047337278107 0.011834319526627219 0.08136094674556213
136 0.908284023668639 0.010355029585798817 0.08136094674556213
137 0.9112426035502958 0.0073964497041420114 0.08136094674556213
138 0.9142011834319527 0.004437869822485207 0.08136094674556213
139 0 0 0
140 0 0 0
141 0 0 0
142 0 0 0
143 0 0 0
144 0 0 0
145 0 0 0
146 0 0 0
147 0 0 0
148 0 0 0
149 0 0 0
150 0 0 0
151 0 0 0
152 0 0 0
153 0 0 0
154 0 0 0
155 0 0 0
156 0 0 0
157 0 0 0
158 0 0 0
159 0 0 0
160 0 0 0
161 0 0 0
162 0 0 0
163 0 0 0
164 0 0 0
165 0 0 0
166 0 0 0
167 0 0 0
168 0 0 0
169 0 0 0
170 0 0 0
171 0 0 0
172 0 0 0
173 0 0 0
174 0 0 0
175 0 0 0
176 0 0 0
177 0 0 0
178 0 0 0
179 0 0 0
180 0 0 0
181 0 0 0
182 0 0 0
183 0 0 0
184 0 0 0
185 0 0 0
186 0 0 0
187 0 0 0
188 0 0 0
189 0 0 0
190 0 0 0
191 0 0 0
192 0 0 0
193 0 0 0
194 0 0 0
195 0 0 0
196 0 0 0
197 0 0 0
198 0 0 0
199 0 0 0
200 0 0 0
201 0 0 0
202 0 0 0
203 0 0 0
204 0 0 0
205 0 0 0
206 0 0 0
207 0 0 0
208 0 0 0
209 0 0 0
210 0 0 0
211 0 0 0
212 0 0 0
213 0 0 0
214 0 0 0
215 0 0 0
216 0 0 0
217 0 0 0
218 0 0 0
219 0 0 0
220 0 0 0
221 0 0 0
222 0 0 0
223 0 0 0
224 0 0 0
225 0 0 0
226 0 0 0
227 0 0 0
228 0 0 0
229 0 0 0
230 0 0 0
231 0 0 0
232 0 0 0
233 0 0 0
234 0 0 0
235 0 0 0
236 0 0 0
237 0 0 0
238 0 0 0
239 0 0 0
240 0 0 0
241 0 0 0
242 0 0 0
243 0 0 0
244 0 0 0
245 0 0 0
246 0 0 0
247 0 0 0
248 0 0 0
249 0 0 0
250 0 0 0
251 0 0 0
252 0 0 0
253 0 0 0
254 0 0 0
255 0 0 0
256 0 0 0
257 0 0 0
258 0 0 0
259 0 0 0
260 0 0 0
261 0 0 0
262 0 0 0
263 0 0 0
264 0 0 0
265 0 0 0
266 0 0 0
267 0 0 0
268 0 0 0
269 0 0 0
270 0 0 0
271 0 0 0
272 0 0 0
273 0 0 0
274 0 0 0
275 0 0 0
276 0 0 0
277 0 0 0
278 0 0 0
279 0 0 0
280 0 0 0
281 0 0 0
282 0 0 0
283 0 0 0
284 0 0 0
285 0 0 0
286 0 0 0
287 0 0 0
288 0 0 0
289 0 0 0
290 0 0 0
291 0 0 0
292 0 0 0
293 0 0 0
294 0 0 0
295 0 0 0
296 0 0 0
297 0 0 0
298 0 0 0
299 0 0 0
300 0 0 0
