0 0.0014792899408284023 0.0 0.9985207100591716
1 0.0014792899408284023 0.004437869822485207 0.9940828402366864
2 0.0029585798816568047 0.004437869822485207 0.992603550295858
3 0.0029585798816568047 0.0073964497041420114 0.9896449704142012
4 0.004437869822485207 0.011834319526627219 0.9837278106508875
5 0.005917159763313609 0.013313609467455622 0.9807692307692307
6 0.0073964497041420114 0.013313609467455622 0.9792899408284024
7 0.008875739644970414 0.014792899408284023 0.9763313609467456
8 0.008875739644970414 0.016272189349112426 0.9748520710059172
9 0.011834319526627219 0.020710059171597635 0.9674556213017751
10 0.013313609467455622 0.022189349112426034 0.9644970414201184
11 0.014792899408284023 0.022189349112426034 0.9630177514792899
12 0.01775147928994083 0.029585798816568046 0.9526627218934911
13 0.019230769230769232 0.04142011834319527 0.9393491124260355
14 0.022189349112426034 0.042899408284023666 0.9349112426035503
15 0.026627218934911243 0.042899408284023666 0.9304733727810651
16 0.03254437869822485 0.04437869822485207 0.9230769230769231
17 0.04142011834319527 0.038461538461538464 0.9201183431952663
18 0.04437869822485207 0.05029585798816568 0.9053254437869822
19 0.04881656804733728 0.051775147928994084 0.8994082840236687
20 0.05621301775147929 0.04881656804733728 0.8949704142011834
21 0.0621301775147929 0.05325443786982249 0.8846153846153846
22 0.0650887573964497 0.07100591715976332 0.863905325443787
23 0.07840236686390532 0.0621301775147929 0.8594674556213018
24 0.07988165680473373 0.06656804733727811 0.8535502958579881
25 0.08579881656804733 0.0695266272189349 0.8446745562130178
26 0.08875739644970414 0.06656804733727811 0.8446745562130178
27 0.09171597633136094 0.06656804733727811 0.841715976331361
28 0.09911242603550297 0.06656804733727811 0.834319526627219
29 0.10650887573964497 0.06656804733727811 0.8269230769230769
30 0.10798816568047337 0.0695266272189349 0.8224852071005917
31 0.11242603550295859 0.07248520710059171 0.8150887573964497
32 0.12130177514792899 0.07396449704142012 0.8047337278106509
33 0.128698224852071 0.07248520710059171 0.7988165680473372
34 0.13609467455621302 0.0695266272189349 0.7943786982248521
35 0.14201183431952663 0.07100591715976332 0.7869822485207101
36 0.14497041420118342 0.07396449704142012 0.7810650887573964
37 0.15088757396449703 0.07100591715976332 0.7781065088757396
38 0.15532544378698224 0.07988165680473373 0.764792899408284
39 0.16272189349112426 0.07988165680473373 0.757396449704142
40 0.16568047337278108 0.07988165680473373 0.7544378698224852
41 0.16863905325443787 0.07840236686390532 0.7529585798816568
42 0.17307692307692307 0.08284023668639054 0.7440828402366864
43 0.1863905325443787 0.08284023668639054 0.7307692307692307
44 0.19822485207100593 0.07988165680473373 0.7218934911242604
45 0.20266272189349113 0.08284023668639054 0.7144970414201184
46 0.21301775147928995 0.08136094674556213 0.7056213017751479
47 0.21745562130177515 0.08431952662721894 0.6982248520710059
48 0.22485207100591717 0.08136094674556213 0.6937869822485208
49 0.23816568047337278 0.07692307692307693 0.6849112426035503
50 0.2470414201183432 0.07988165680473373 0.6730769230769231
51 0.2514792899408284 0.08875739644970414 0.6597633136094675
52 0.26331360946745563 0.08284023668639054 0.6538461538461539
53 0.2677514792899408 0.08431952662721894 0.6479289940828402
54 0.27662721893491127 0.08136094674556213 0.6420118343195266
55 0.29142011834319526 0.07544378698224852 0.6331360946745562
56 0.30177514792899407 0.07692307692307693 0.621301775147929
57 0.3165680473372781 0.06804733727810651 0.6153846153846154
58 0.3224852071005917 0.07396449704142012 0.6035502958579881
59 0.32988165680473375 0.07396449704142012 0.5961538461538461
60 0.34171597633136097 0.07544378698224852 0.5828402366863905
61 0.35355029585798814 0.07840236686390532 0.5680473372781065
62 0.3668639053254438 0.07100591715976332 0.5621301775147929
63 0.371301775147929 0.07840236686390532 0.5502958579881657
64 0.3742603550295858 0.08431952662721894 0.5414201183431953
65 0.3831360946745562 0.08284023668639054 0.5340236686390533
66 0.3890532544378698 0.09171597633136094 0.5192307692307693
67 0.3979289940828402 0.10355029585798817 0.4985207100591716
68 0.40976331360946744 0.10946745562130178 0.4807692307692308
69 0.41863905325443784 0.11390532544378698 0.46745562130177515
70 0.4275147928994083 0.11834319526627218 0.4541420118343195
71 0.4349112426035503 0.1227810650887574 0.4423076923076923
72 0.4452662721893491 0.1242603550295858 0.43047337278106507
73 0.4556213017751479 0.1242603550295858 0.42011834319526625
74 0.46597633136094674 0.128698224852071 0.40532544378698226
75 0.47781065088757396 0.1257396449704142 0.39644970414201186
76 0.48372781065088755 0.13313609467455623 0.3831360946745562
77 0.4985207100591716 0.1242603550295858 0.3772189349112426
78 0.5088757396449705 0.12721893491124261 0.363905325443787
79 0.5266272189349113 0.11390532544378698 0.3594674556213018
80 0.5355029585798816 0.11686390532544379 0.34763313609467456
81 0.5488165680473372 0.11538461538461539 0.33579881656804733
82 0.5532544378698225 0.11982248520710059 0.3269230769230769
83 0.5680473372781065 0.11686390532544379 0.3150887573964497
84 0.5828402366863905 0.11242603550295859 0.3047337278106509
85 0.599112426035503 0.11538461538461539 0.28550295857988167
86 0.613905325443787 0.11242603550295859 0.27366863905325445
87 0.6242603550295858 0.10946745562130178 0.26627218934911245
88 0.636094674556213 0.10946745562130178 0.25443786982248523
89 0.643491124260355 0.10946745562130178 0.2470414201183432
90 0.6568047337278107 0.10502958579881656 0.23816568047337278
91 0.6642011834319527 0.10502958579881656 0.23076923076923078
92 0.6789940828402367 0.11094674556213018 0.21005917159763313
93 0.6878698224852071 0.10502958579881656 0.20710059171597633
94 0.6982248520710059 0.09763313609467456 0.20414201183431951
95 0.7115384615384616 0.09615384615384616 0.19230769230769232
96 0.7204142011834319 0.09467455621301775 0.1849112426035503
97 0.7322485207100592 0.08579881656804733 0.1819526627218935
98 0.7411242603550295 0.08136094674556213 0.17751479289940827
99 0.7529585798816568 0.08579881656804733 0.16124260355029585
100 0.757396449704142 0.08431952662721894 0.15828402366863906
101 0.7677514792899408 0.07988165680473373 0.15236686390532544
102 0.7766272189349113 0.07100591715976332 0.15236686390532544
103 0.7855029585798816 0.06656804733727811 0.14792899408284024
104 0.7988165680473372 0.05917159763313609 0.14201183431952663
105 0.8047337278106509 0.060650887573964495 0.1346153846153846
106 0.8121301775147929 0.05621301775147929 0.13165680473372782
107 0.8224852071005917 0.05029585798816568 0.12721893491124261
108 0.8254437869822485 0.051775147928994084 0.1227810650887574
109 0.8298816568047337 0.05325443786982249 0.11686390532544379
110 0.834319526627219 0.05325443786982249 0.11242603550295859
111 0.8431952662721893 0.04881656804733728 0.10798816568047337
112 0.8505917159763313 0.04437869822485207 0.10502958579881656
113 0.8579881656804734 0.04437869822485207 0.09763313609467456
114 0.8668639053254438 0.04142011834319527 0.09171597633136094
115 0.871301775147929 0.038461538461538464 0.09023668639053255
116 0.8816568047337278 0.029585798816568046 0.08875739644970414
117 0.886094674556213 0.028106508875739646 0.08579881656804733
118 0.8964497041420119 0.020710059171597635 0.08284023668639054
119 0.900887573964497 0.01775147928994083 0.08136094674556213
120 0.9038461538461539 0.014792899408284023 0.08136094674556213
121 0.9097633136094675 0.008875739644970414 0.08136094674556213
122 0.9097633136094675 0.008875739644970414 0.08136094674556213
123 0.9112426035502958 0.0073964497041420114 0.08136094674556213
124 0.9112426035502958 0.0073964497041420114 0.08136094674556213
125 0.9142011834319527 0.004437869822485207 0.08136094674556213
126 0.915680473372781 0.0029585798816568047 0.08136094674556213
127 0.915680473372781 0.0029585798816568047 0.08136094674556213
128 0.915680473372781 0.0029585798816568047 0.08136094674556213
129 0.915680473372781 0.0029585798816568047 0.08136094674556213
130 0.915680473372781 0.0029585798816568047 0.08136094674556213
131 0.915680473372781 0.0029585798816568047 0.08136094674556213
132 0.9171597633136095 0.0014792899408284023 0.08136094674556213
133 0.9186390532544378 0.0 0.08136094674556213
134 0.9186390532544378 0.0 0.08136094674556213
135 0.9186390532544378 0.0 0.08136094674556213
136 0.9186390532544378 0.0 0.08136094674556213
137 0.9186390532544378 0.0 0.08136094674556213
138 0.9186390532544378 0.0 0.08136094674556213
139 0.9171597633136095 0.0014792899408284023 0.08136094674556213
140 0 0 0
141 0 0 0
142 0 0 0
143 0 0 0
144 0 0 0
145 0 0 0
146 0 0 0
147 0 0 0
148 0 0 0
149 0 0 0
150 0 0 0
151 0 0 0
152 0 0 0
153 0 0 0
154 0 0 0
155 0 0 0
156 0 0 0
157 0 0 0
158 0 0 0
159 0 0 0
160 0 0 0
161 0 0 0
162 0 0 0
163 0 0 0
164 0 0 0
165 0 0 0
166 0 0 0
167 0 0 0
168 0 0 0
169 0 0 0
170 0 0 0
171 0 0 0
172 0 0 0
173 0 0 0
174 0 0 0
175 0 0 0
176 0 0 0
177 0 0 0
178 0 0 0
179 0 0 0
180 0 0 0
181 0 0 0
182 0 0 0
183 0 0 0
184 0 0 0
185 0 0 0
186 0 0 0
187 0 0 0
188 0 0 0
189 0 0 0
190 0 0 0
191 0 0 0
192 0 0 0
193 0 0 0
194 0 0 0
195 0 0 0
196 0 0 0
197 0 0 0
198 0 0 0
199 0 0 0
200 0 0 0
201 0 0 0
202 0 0 0
203 0 0 0
204 0 0 0
205 0 0 0
206 0 0 0
207 0 0 0
208 0 0 0
209 0 0 0
210 0 0 0
211 0 0 0
212 0 0 0
213 0 0 0
214 0 0 0
215 0 0 0
216 0 0 0
217 0 0 0
218 0 0 0
219 0 0 0
220 0 0 0
221 0 0 0
222 0 0 0
223 0 0 0
224 0 0 0
225 0 0 0
226 0 0 0
227 0 0 0
228 0 0 0
229 0 0 0
230 0 0 0
231 0 0 0
232 0 0 0
233 0 0 0
234 0 0 0
235 0 0 0
236 0 0 0
237 0 0 0
238 0 0 0
239 0 0 0
240 0 0 0
241 0 0 0
242 0 0 0
243 0 0 0
244 0 0 0
245 0 0 0
246 0 0 0
247 0 0 0
248 0 0 0
249 0 0 0
250 0 0 0
251 0 0 0
252 0 0 0
253 0 0 0
254 0 0 0
255 0 0 0
256 0 0 0
257 0 0 0
258 0 0 0
259 0 0 0
260 0 0 0
261 0 0 0
262 0 0 0
263 0 0 0
264 0 0 0
265 0 0 0
266 0 0 0
267 0 0 0
268 0 0 0
269 0 0 0
270 0 0 0
271 0 0 0
272 0 0 0
273 0 0 0
274 0 0 0
275 0 0 0
276 0 0 0
277 0 0 0
278 0 0 0
279 0 0 0
280 0 0 0
281 0 0 0
282 0 0 0
283 0 0 0
284 0 0 0
285 0 0 0
286 0 0 0
287 0 0 0
288 0 0 0
289 0 0 0
290 0 0 0
291 0 0 0
292 0 0 0
293 0 0 0
294 0 0 0
295 0 0 0
296 0 0 0
297 0 0 0
298 0 0 0
299 0 0 0
300 0 0 0
