0 0.0014792899408284023 0.0 0.9985207100591716
1 0.0073964497041420114 0.0014792899408284023 0.9911242603550295
2 0.0073964497041420114 0.0029585798816568047 0.9896449704142012
3 0.010355029585798817 0.004437869822485207 0.985207100591716
4 0.011834319526627219 0.004437869822485207 0.9837278106508875
5 0.014792899408284023 0.0073964497041420114 0.977810650887574
6 0.01775147928994083 0.011834319526627219 0.9704142011834319
7 0.02514792899408284 0.005917159763313609 0.9689349112426036
8 0.028106508875739646 0.005917159763313609 0.9659763313609467
9 0.029585798816568046 0.010355029585798817 0.9600591715976331
10 0.034023668639053255 0.013313609467455622 0.9526627218934911
11 0.04142011834319527 0.01775147928994083 0.9408284023668639
12 0.04585798816568047 0.023668639053254437 0.9304733727810651
13 0.051775147928994084 0.02514792899408284 0.9230769230769231
14 0.05917159763313609 0.01775147928994083 0.9230769230769231
15 0.0650887573964497 0.019230769230769232 0.915680473372781
16 0.07100591715976332 0.020710059171597635 0.908284023668639
17 0.08136094674556213 0.01775147928994083 0.900887573964497
18 0.08875739644970414 0.026627218934911243 0.8846153846153846
19 0.09911242603550297 0.02514792899408284 0.8757396449704142
20 0.10207100591715976 0.038461538461538464 0.8594674556213018
21 0.11094674556213018 0.038461538461538464 0.8505917159763313
22 0.1257396449704142 0.03994082840236687 0.834319526627219
23 0.1346153846153846 0.04585798816568047 0.8195266272189349
24 0.14201183431952663 0.04881656804733728 0.8091715976331361
25 0.15088757396449703 0.051775147928994084 0.7973372781065089
26 0.16124260355029585 0.04881656804733728 0.7899408284023669
27 0.1760355029585799 0.047337278106508875 0.7766272189349113
28 0.1908284023668639 0.05029585798816568 0.7588757396449705
29 0.20414201183431951 0.05473372781065089 0.7411242603550295
30 0.21597633136094674 0.0650887573964497 0.7189349112426036
31 0.23520710059171598 0.05917159763313609 0.7056213017751479
32 0.2514792899408284 0.057692307692307696 0.6908284023668639
33 0.2692307692307692 0.07100591715976332 0.6597633136094675
34 0.28254437869822485 0.07544378698224852 0.6420118343195266
35 0.3091715976331361 0.06360946745562131 0.6272189349112426
36 0.3239644970414201 0.07692307692307693 0.599112426035503
37 0.34023668639053256 0.08136094674556213 0.5784023668639053
38 0.3505917159763314 0.08875739644970414 0.5606508875739645
39 0.371301775147929 0.08431952662721894 0.5443786982248521
40 0.39201183431952663 0.08136094674556213 0.5266272189349113
41 0.40976331360946744 0.09171597633136094 0.4985207100591716
42 0.4334319526627219 0.08579881656804733 0.4807692307692308
43 0.45710059171597633 0.07692307692307693 0.46597633136094674
44 0.47633136094674555 0.08727810650887574 0.4363905325443787
45 0.4985207100591716 0.08136094674556213 0.42011834319526625
46 0.5251479289940828 0.07100591715976332 0.40384615384615385
47 0.5473372781065089 0.07988165680473373 0.3727810650887574
48 0.5650887573964497 0.08136094674556213 0.35355029585798814
49 0.5754437869822485 0.08579881656804733 0.33875739644970415
50 0.5931952662721893 0.08431952662721894 0.3224852071005917
51 0.6124260355029586 0.07988165680473373 0.3076923076923077
52 0.628698224852071 0.08284023668639054 0.28846153846153844
53 0.6523668639053254 0.07248520710059171 0.27514792899408286
54 0.6715976331360947 0.07544378698224852 0.2529585798816568
55 0.6937869822485208 0.0650887573964497 0.2411242603550296
56 0.7026627218934911 0.07396449704142012 0.22337278106508876
57 0.7144970414201184 0.07544378698224852 0.21005917159763313
58 0.7337278106508875 0.06656804733727811 0.1997041420118343
59 0.7470414201183432 0.0650887573964497 0.1878698224852071
60 0.7588757396449705 0.0695266272189349 0.17159763313609466
61 0.772189349112426 0.06360946745562131 0.16420118343195267
62 0.7928994082840237 0.057692307692307696 0.14940828402366865
63 0.8032544378698225 0.05473372781065089 0.14201183431952663
64 0.8165680473372781 0.05325443786982249 0.1301775147928994
65 0.8298816568047337 0.047337278106508875 0.1227810650887574
66 0.8461538461538461 0.038461538461538464 0.11538461538461539
67 0.8550295857988166 0.03994082840236687 0.10502958579881656
68 0.8594674556213018 0.03698224852071006 0.10355029585798817
69 0.8668639053254438 0.03106508875739645 0.10207100591715976
70 0.8742603550295858 0.02514792899408284 0.10059171597633136
71 0.886094674556213 0.01775147928994083 0.09615384615384616
72 0.893491124260355 0.016272189349112426 0.09023668639053255
73 0.8994082840236687 0.010355029585798817 0.09023668639053255
74 0.9023668639053254 0.013313609467455622 0.08431952662721894
75 0.9038461538461539 0.013313609467455622 0.08284023668639054
76 0.9068047337278107 0.011834319526627219 0.08136094674556213
77 0.9142011834319527 0.004437869822485207 0.08136094674556213
78 0.915680473372781 0.0029585798816568047 0.08136094674556213
79 0.915680473372781 0.0029585798816568047 0.08136094674556213
80 0.9171597633136095 0.0014792899408284023 0.08136094674556213
81 0.9171597633136095 0.0014792899408284023 0.08136094674556213
82 0.9186390532544378 0.0 0.08136094674556213
83 0.9186390532544378 0.0 0.08136094674556213
84 0.9186390532544378 0.0 0.08136094674556213
85 0.9186390532544378 0.0 0.08136094674556213
86 0.9186390532544378 0.0 0.08136094674556213
87 0.9186390532544378 0.0 0.08136094674556213
88 0.9186390532544378 0.0 0.08136094674556213
89 0.9186390532544378 0.0 0.08136094674556213
90 0.9186390532544378 0.0 0.08136094674556213
91 0.9186390532544378 0.0 0.08136094674556213
92 0.9186390532544378 0.0 0.08136094674556213
93 0.9186390532544378 0.0 0.08136094674556213
94 0.9186390532544378 0.0 0.08136094674556213
95 0.9186390532544378 0.0 0.08136094674556213
96 0.9186390532544378 0.0 0.08136094674556213
97 0.9186390532544378 0.0 0.08136094674556213
98 0.9186390532544378 0.0 0.08136094674556213
99 0.9186390532544378 0.0 0.08136094674556213
100 0.9186390532544378 0.0 0.08136094674556213
101 0.9186390532544378 0.0 0.08136094674556213
102 0.9186390532544378 0.0 0.08136094674556213
103 0.9186390532544378 0.0 0.08136094674556213
104 0.9186390532544378 0.0 0.08136094674556213
105 0.9186390532544378 0.0 0.08136094674556213
106 0.9186390532544378 0.0 0.08136094674556213
107 0.9186390532544378 0.0 0.08136094674556213
108 0.9186390532544378 0.0 0.08136094674556213
109 0.9186390532544378 0.0 0.08136094674556213
110 0.9186390532544378 0.0 0.08136094674556213
111 0.9186390532544378 0.0 0.08136094674556213
112 0.9186390532544378 0.0 0.08136094674556213
113 0.9186390532544378 0.0 0.08136094674556213
114 0.9186390532544378 0.0 0.08136094674556213
115 0.9186390532544378 0.0 0.08136094674556213
116 0.9186390532544378 0.0 0.08136094674556213
117 0.9186390532544378 0.0 0.08136094674556213
118 0.915680473372781 0.0029585798816568047 0.08136094674556213
119 0.9142011834319527 0.004437869822485207 0.08136094674556213
120 0.9142011834319527 0.004437869822485207 0.08136094674556213
121 0.9112426035502958 0.0073964497041420114 0.08136094674556213
122 0.9127218934911243 0.005917159763313609 0.08136094674556213
123 0.0 0.9186390532544378 0.08136094674556213
124 0.0 0.9186390532544378 0.08136094674556213
125 0.0 0.9186390532544378 0.08136094674556213
126 0.0 0.9186390532544378 0.08136094674556213
127 0.0 0.9186390532544378 0.08136094674556213
128 0.0 0.9186390532544378 0.08136094674556213
129 0.0 0.9186390532544378 0.08136094674556213
130 0.0 0.0 1.0
131 0.0 0.0 1.0
132 0.0 0.0 1.0
133 0.0 0.0 1.0
134 0.0 0.0 1.0
135 0.0 0.0 1.0
136 0.0 0.0 1.0
137 0.0 0.0 1.0
138 0.0 0.0 1.0
139 0.0 0.0 1.0
140 0.0 0.0 1.0
141 0.0 0.0 1.0
142 0.0 0.0 1.0
143 0.0 0.0 1.0
144 0.0 0.0 1.0
145 0.0 0.0 1.0
146 0.0 0.0 1.0
147 0.0 0.0 1.0
148 0.0 0.0 1.0
149 0.0 0.0 1.0
150 0.0 0.0 1.0
151 0.0 0.0 1.0
152 0.0 0.0 1.0
153 0.0 0.0 1.0
154 0.0 0.0 1.0
155 0.0 0.0 1.0
156 0.0 0.0 1.0
157 0.0 0.0 1.0
158 0.0 0.0 1.0
159 0.0 0.0 1.0
160 0.0 0.0 1.0
161 0.0 0.0 1.0
162 0.0 0.0 1.0
163 0.0 0.0 1.0
164 0.0 0.0 1.0
165 0.0 0.0 1.0
166 0.0 0.0 1.0
167 0.0 0.0 1.0
168 0.0 0.0 1.0
169 0.0 0.0 1.0
170 0.0 0.0 1.0
171 0.0 0.0 1.0
172 0.0 0.0 1.0
173 0.0 0.0 1.0
174 0.0 0.0 1.0
175 0.0 0.0 1.0
176 0.0 0.0 1.0
177 0.0 0.0 1.0
178 0.0 0.0 1.0
179 0.0 0.0 1.0
180 0.0 0.0 1.0
181 0.0 0.0 1.0
182 0.0 0.0 1.0
183 0.0 0.0 1.0
184 0.0 0.0 1.0
185 0.0 0.0 1.0
186 0.0 0.0 1.0
187 0.0 0.0 1.0
188 0.0 0.0 1.0
189 0.0 0.0 1.0
190 0.0 0.0 1.0
191 0.0 0.0 1.0
192 0.0 0.0 1.0
193 0.0 0.0 1.0
194 0.0 0.0 1.0
195 0.0 0.0 1.0
196 0.0 0.0 1.0
197 0.0 0.0 1.0
198 0.0 0.0 1.0
199 0.0 0.0 1.0
200 0.0 0.0 1.0
201 0.0 0.0 1.0
202 0.0 0.0 1.0
203 0.0 0.0 1.0
204 0.0 0.0 1.0
205 0.0 0.0 1.0
206 0.0 0.0 1.0
207 0.0 0.0 1.0
208 0.0 0.0 1.0
209 0.0 0.0 1.0
210 0.0 0.0 1.0
211 0.0 0.0 1.0
212 0.0 0.0 1.0
213 0.0 0.0 1.0
214 0.0 0.0 1.0
215 0.0 0.0 1.0
216 0.0 0.0 1.0
217 0.0 0.0 1.0
218 0.0 0.0 1.0
219 0.0 0.0 1.0
220 0.0 0.0 1.0
221 0.0 0.0 1.0
222 0.0 0.0 1.0
223 0.0 0.0 1.0
224 0.0 0.0 1.0
225 0.0 0.0 1.0
226 0.0 0.0 1.0
227 0.0 0.0 1.0
228 0.0 0.0 1.0
229 0.0 0.0 1.0
230 0.0 0.0 1.0
231 0.0 0.0 1.0
232 0.0 0.0 1.0
233 0.0 0.0 1.0
234 0.0 0.0 1.0
235 0.0 0.0 1.0
236 0.0 0.0 1.0
237 0.0 0.0 1.0
238 0.0 0.0 1.0
239 0.0 0.0 1.0
240 0.0 0.0 1.0
241 0.0 0.0 1.0
242 0.0 0.0 1.0
243 0.0 0.0 1.0
244 0.0 0.0 1.0
245 0.0 0.0 1.0
246 0.0 0.0 1.0
247 0.0 0.0 1.0
248 0.0 0.0 1.0
249 0.0 0.0 1.0
250 0.0 0.0 1.0
251 0.0 0.0 1.0
252 0.0 0.0 1.0
253 0.0 0.0 1.0
254 0.0 0.0 1.0
255 0.0 0.0 1.0
256 0.0 0.0 1.0
257 0.0 0.0 1.0
258 0.0 0.0 1.0
259 0.0 0.0 1.0
260 0.0 0.0 1.0
261 0.0 0.0 1.0
262 0.0 0.0 1.0
263 0.0 0.0 1.0
264 0.0 0.0 1.0
265 0.0 0.0 1.0
266 0.0 0.0 1.0
267 0.0 0.0 1.0
268 0.0 0.0 1.0
269 0.0 0.0 1.0
270 0.0 0.0 1.0
271 0.0 0.0 1.0
272 0.0 0.0 1.0
273 0.0 0.0 1.0
274 0.0 0.0 1.0
275 0.0 0.0 1.0
276 0.0 0.0 1.0
277 0.0 0.0 1.0
278 0.0 0.0 1.0
279 0.0 0.0 1.0
280 0.0 0.0 1.0
281 0.0 0.0 1.0
282 0.0 0.0 1.0
283 0.0 0.0 1.0
284 0.0 0.0 1.0
285 0.0 0.0 1.0
286 0.0 0.0 1.0
287 0.0 0.0 1.0
288 0.0 0.0 1.0
289 0.0 0.0 1.0
290 0.0 0.0 1.0
291 0.0 0.0 1.0
292 0.0 0.0 1.0
293 0.0 0.0 1.0
294 0.0 0.0 1.0
295 0.0 0.0 1.0
296 0.0 0.0 1.0
297 0.0 0.0 1.0
298 0.0 0.0 1.0
299 0.0 0.0 1.0
300 0.0 0.0 1.0
