0 0.0014792899408284023 0.0 0.9985207100591716
1 0.005917159763313609 0.004437869822485207 0.9896449704142012
2 0.0073964497041420114 0.0073964497041420114 0.985207100591716
3 0.008875739644970414 0.010355029585798817 0.9807692307692307
4 0.010355029585798817 0.016272189349112426 0.9733727810650887
5 0.014792899408284023 0.019230769230769232 0.9659763313609467
6 0.016272189349112426 0.023668639053254437 0.9600591715976331
7 0.019230769230769232 0.03106508875739645 0.9497041420118343
8 0.02514792899408284 0.03106508875739645 0.9437869822485208
9 0.029585798816568046 0.03106508875739645 0.9393491124260355
10 0.03254437869822485 0.03254437869822485 0.9349112426035503
11 0.038461538461538464 0.03254437869822485 0.9289940828402367
12 0.047337278106508875 0.028106508875739646 0.9245562130177515
13 0.04881656804733728 0.03994082840236687 0.9112426035502958
14 0.05621301775147929 0.04437869822485207 0.8994082840236687
15 0.0621301775147929 0.05473372781065089 0.8831360946745562
16 0.07100591715976332 0.051775147928994084 0.8772189349112426
17 0.07544378698224852 0.06656804733727811 0.8579881656804734
18 0.08875739644970414 0.06360946745562131 0.8476331360946746
19 0.09911242603550297 0.07248520710059171 0.8284023668639053
20 0.10650887573964497 0.07840236686390532 0.8150887573964497
21 0.11686390532544379 0.07544378698224852 0.8076923076923077
22 0.1257396449704142 0.09023668639053255 0.7840236686390533
23 0.13609467455621302 0.09171597633136094 0.772189349112426
24 0.14349112426035504 0.10355029585798817 0.7529585798816568
25 0.15532544378698224 0.10798816568047337 0.7366863905325444
26 0.17307692307692307 0.09763313609467456 0.7292899408284024
27 0.1878698224852071 0.09467455621301775 0.7174556213017751
28 0.20562130177514792 0.09319526627218935 0.7011834319526628
29 0.22189349112426035 0.09763313609467456 0.6804733727810651
30 0.23668639053254437 0.09911242603550297 0.6642011834319527
31 0.25443786982248523 0.10946745562130178 0.636094674556213
32 0.2618343195266272 0.12130177514792899 0.6168639053254438
33 0.27218934911242604 0.128698224852071 0.599112426035503
34 0.28550295857988167 0.128698224852071 0.5857988165680473
35 0.30177514792899407 0.13609467455621302 0.5621301775147929
36 0.3180473372781065 0.12721893491124261 0.5547337278106509
37 0.33136094674556216 0.13313609467455623 0.5355029585798816
38 0.34615384615384615 0.13757396449704143 0.5162721893491125
39 0.3594674556213018 0.14792899408284024 0.492603550295858
40 0.378698224852071 0.14792899408284024 0.47337278106508873
41 0.3994082840236686 0.14940828402366865 0.4511834319526627
42 0.41124260355029585 0.15976331360946747 0.4289940828402367
43 0.4289940828402367 0.15976331360946747 0.41124260355029585
44 0.4423076923076923 0.16272189349112426 0.39497041420118345
45 0.46597633136094674 0.15680473372781065 0.3772189349112426
46 0.48520710059171596 0.14792899408284024 0.3668639053254438
47 0.5059171597633136 0.15236686390532544 0.34171597633136097
48 0.5310650887573964 0.15680473372781065 0.3121301775147929
49 0.5532544378698225 0.15384615384615385 0.29289940828402367
50 0.5754437869822485 0.14644970414201183 0.2781065088757396
51 0.5931952662721893 0.14497041420118342 0.2618343195266272
52 0.613905325443787 0.13757396449704143 0.2485207100591716
53 0.636094674556213 0.12721893491124261 0.23668639053254437
54 0.6449704142011834 0.1301775147928994 0.22485207100591717
55 0.6568047337278107 0.13609467455621302 0.20710059171597633
56 0.6730769230769231 0.1346153846153846 0.19230769230769232
57 0.6863905325443787 0.13165680473372782 0.1819526627218935
58 0.6967455621301775 0.13165680473372782 0.17159763313609466
59 0.7041420118343196 0.13757396449704143 0.15828402366863906
60 0.7159763313609467 0.1301775147928994 0.15384615384615385
61 0.735207100591716 0.11982248520710059 0.14497041420118342
62 0.75 0.11686390532544379 0.13313609467455623
63 0.7633136094674556 0.10798816568047337 0.128698224852071
64 0.7766272189349113 0.10355029585798817 0.11982248520710059
65 0.7928994082840237 0.08875739644970414 0.11834319526627218
66 0.8032544378698225 0.08431952662721894 0.11242603550295859
67 0.8180473372781065 0.07544378698224852 0.10650887573964497
68 0.8239644970414202 0.07248520710059171 0.10355029585798817
69 0.8298816568047337 0.07100591715976332 0.09911242603550297
70 0.8476331360946746 0.05325443786982249 0.09911242603550297
71 0.8579881656804734 0.04585798816568047 0.09615384615384616
72 0.863905325443787 0.04585798816568047 0.09023668639053255
73 0.8727810650887574 0.03994082840236687 0.08727810650887574
74 0.878698224852071 0.034023668639053255 0.08727810650887574
75 0.8846153846153846 0.029585798816568046 0.08579881656804733
76 0.8920118343195266 0.02514792899408284 0.08284023668639054
77 0.8979289940828402 0.019230769230769232 0.08284023668639054
78 0.8994082840236687 0.01775147928994083 0.08284023668639054
79 0.9023668639053254 0.014792899408284023 0.08284023668639054
80 0.9097633136094675 0.008875739644970414 0.08136094674556213
81 0.9112426035502958 0.0073964497041420114 0.08136094674556213
82 0.915680473372781 0.0029585798816568047 0.08136094674556213
83 0.915680473372781 0.0029585798816568047 0.08136094674556213
84 0.915680473372781 0.0029585798816568047 0.08136094674556213
85 0.9171597633136095 0.0014792899408284023 0.08136094674556213
86 0.9186390532544378 0.0 0.08136094674556213
87 0.9186390532544378 0.0 0.08136094674556213
88 0.9186390532544378 0.0 0.08136094674556213
89 0.9186390532544378 0.0 0.08136094674556213
90 0.9186390532544378 0.0 0.08136094674556213
91 0.9186390532544378 0.0 0.08136094674556213
92 0.9186390532544378 0.0 0.08136094674556213
93 0.9186390532544378 0.0 0.08136094674556213
94 0.9186390532544378 0.0 0.08136094674556213
95 0.9186390532544378 0.0 0.08136094674556213
96 0.9186390532544378 0.0 0.08136094674556213
97 0.9186390532544378 0.0 0.08136094674556213
98 0.9186390532544378 0.0 0.08136094674556213
99 0.9186390532544378 0.0 0.08136094674556213
100 0.9186390532544378 0.0 0.08136094674556213
101 0.9186390532544378 0.0 0.08136094674556213
102 0.9186390532544378 0.0 0.08136094674556213
103 0.9186390532544378 0.0 0.08136094674556213
104 0.9186390532544378 0.0 0.08136094674556213
105 0.9186390532544378 0.0 0.08136094674556213
106 0.9186390532544378 0.0 0.08136094674556213
107 0.9186390532544378 0.0 0.08136094674556213
108 0.9186390532544378 0.0 0.08136094674556213
109 0.9186390532544378 0.0 0.08136094674556213
110 0.9142011834319527 0.004437869822485207 0.08136094674556213
111 0.0 0.9186390532544378 0.08136094674556213
112 0.0 0.9186390532544378 0.08136094674556213
113 0.0 0.9186390532544378 0.08136094674556213
114 0.0 0.0 1.0
115 0.0 0.0 1.0
116 0.0 0.0 1.0
117 0.0 0.0 1.0
118 0.0 0.0 1.0
119 0.0 0.0 1.0
120 0.0 0.0 1.0
121 0.0 0.0 1.0
122 0.0 0.0 1.0
123 0.0 0.0 1.0
124 0.0 0.0 1.0
125 0.0 0.0 1.0
126 0.0 0.0 1.0
127 0.0 0.0 1.0
128 0.0 0.0 1.0
129 0.0 0.0 1.0
130 0.0 0.0 1.0
131 0.0 0.0 1.0
132 0.0 0.0 1.0
133 0.0 0.0 1.0
134 0.0 0.0 1.0
135 0.0 0.0 1.0
136 0.0 0.0 1.0
137 0.0 0.0 1.0
138 0.0 0.0 1.0
139 0.0 0.0 1.0
140 0.0 0.0 1.0
141 0.0 0.0 1.0
142 0.0 0.0 1.0
143 0.0 0.0 1.0
144 0.0 0.0 1.0
145 0.0 0.0 1.0
146 0.0 0.0 1.0
147 0.0 0.0 1.0
148 0.0 0.0 1.0
149 0.0 0.0 1.0
150 0.0 0.0 1.0
151 0.0 0.0 1.0
152 0.0 0.0 1.0
153 0.0 0.0 1.0
154 0.0 0.0 1.0
155 0.0 0.0 1.0
156 0.0 0.0 1.0
157 0.0 0.0 1.0
158 0.0 0.0 1.0
159 0.0 0.0 1.0
160 0.0 0.0 1.0
161 0.0 0.0 1.0
162 0.0 0.0 1.0
163 0.0 0.0 1.0
164 0.0 0.0 1.0
165 0.0 0.0 1.0
166 0.0 0.0 1.0
167 0.0 0.0 1.0
168 0.0 0.0 1.0
169 0.0 0.0 1.0
170 0.0 0.0 1.0
171 0.0 0.0 1.0
172 0.0 0.0 1.0
173 0.0 0.0 1.0
174 0.0 0.0 1.0
175 0.0 0.0 1.0
176 0.0 0.0 1.0
177 0.0 0.0 1.0
178 0.0 0.0 1.0
179 0.0 0.0 1.0
180 0.0 0.0 1.0
181 0.0 0.0 1.0
182 0.0 0.0 1.0
183 0.0 0.0 1.0
184 0.0 0.0 1.0
185 0.0 0.0 1.0
186 0.0 0.0 1.0
187 0.0 0.0 1.0
188 0.0 0.0 1.0
189 0.0 0.0 1.0
190 0.0 0.0 1.0
191 0.0 0.0 1.0
192 0.0 0.0 1.0
193 0.0 0.0 1.0
194 0.0 0.0 1.0
195 0.0 0.0 1.0
196 0.0 0.0 1.0
197 0.0 0.0 1.0
198 0.0 0.0 1.0
199 0.0 0.0 1.0
200 0.0 0.0 1.0
201 0.0 0.0 1.0
202 0.0 0.0 1.0
203 0.0 0.0 1.0
204 0.0 0.0 1.0
205 0.0 0.0 1.0
206 0.0 0.0 1.0
207 0.0 0.0 1.0
208 0.0 0.0 1.0
209 0.0 0.0 1.0
210 0.0 0.0 1.0
211 0.0 0.0 1.0
212 0.0 0.0 1.0
213 0.0 0.0 1.0
214 0.0 0.0 1.0
215 0.0 0.0 1.0
216 0.0 0.0 1.0
217 0.0 0.0 1.0
218 0.0 0.0 1.0
219 0.0 0.0 1.0
220 0.0 0.0 1.0
221 0.0 0.0 1.0
222 0.0 0.0 1.0
223 0.0 0.0 1.0
224 0.0 0.0 1.0
225 0.0 0.0 1.0
226 0.0 0.0 1.0
227 0.0 0.0 1.0
228 0.0 0.0 1.0
229 0.0 0.0 1.0
230 0.0 0.0 1.0
231 0.0 0.0 1.0
232 0.0 0.0 1.0
233 0.0 0.0 1.0
234 0.0 0.0 1.0
235 0.0 0.0 1.0
236 0.0 0.0 1.0
237 0.0 0.0 1.0
238 0.0 0.0 1.0
239 0.0 0.0 1.0
240 0.0 0.0 1.0
241 0.0 0.0 1.0
242 0.0 0.0 1.0
243 0.0 0.0 1.0
244 0.0 0.0 1.0
245 0.0 0.0 1.0
246 0.0 0.0 1.0
247 0.0 0.0 1.0
248 0.0 0.0 1.0
249 0.0 0.0 1.0
250 0.0 0.0 1.0
251 0.0 0.0 1.0
252 0.0 0.0 1.0
253 0.0 0.0 1.0
254 0.0 0.0 1.0
255 0.0 0.0 1.0
256 0.0 0.0 1.0
257 0.0 0.0 1.0
258 0.0 0.0 1.0
259 0.0 0.0 1.0
260 0.0 0.0 1.0
261 0.0 0.0 1.0
262 0.0 0.0 1.0
263 0.0 0.0 1.0
264 0.0 0.0 1.0
265 0.0 0.0 1.0
266 0.0 0.0 1.0
267 0.0 0.0 1.0
268 0.0 0.0 1.0
269 0.0 0.0 1.0
270 0.0 0.0 1.0
271 0.0 0.0 1.0
272 0.0 0.0 1.0
273 0.0 0.0 1.0
274 0.0 0.0 1.0
275 0.0 0.0 1.0
276 0.0 0.0 1.0
277 0.0 0.0 1.0
278 0.0 0.0 1.0
279 0.0 0.0 1.0
280 0.0 0.0 1.0
281 0.0 0.0 1.0
282 0.0 0.0 1.0
283 0.0 0.0 1.0
284 0.0 0.0 1.0
285 0.0 0.0 1.0
286 0.0 0.0 1.0
287 0.0 0.0 1.0
288 0.0 0.0 1.0
289 0.0 0.0 1.0
290 0.0 0.0 1.0
291 0.0 0.0 1.0
292 0.0 0.0 1.0
293 0.0 0.0 1.0
294 0.0 0.0 1.0
295 0.0 0.0 1.0
296 0.0 0.0 1.0
297 0.0 0.0 1.0
298 0.0 0.0 1.0
299 0.0 0.0 1.0
300 0.0 0.0 1.0
