0 0.0014792899408284023 0.0 0.9985207100591716
1 0.0014792899408284023 0.0 0.9985207100591716
2 0.0014792899408284023 0.004437869822485207 0.9940828402366864
3 0.0014792899408284023 0.005917159763313609 0.992603550295858
4 0.0014792899408284023 0.005917159763313609 0.992603550295858
5 0.0014792899408284023 0.010355029585798817 0.9881656804733728
6 0.0029585798816568047 0.013313609467455622 0.9837278106508875
7 0.004437869822485207 0.014792899408284023 0.9807692307692307
8 0.004437869822485207 0.016272189349112426 0.9792899408284024
9 0.004437869822485207 0.020710059171597635 0.9748520710059172
10 0.0073964497041420114 0.019230769230769232 0.9733727810650887
11 0.0073964497041420114 0.028106508875739646 0.9644970414201184
12 0.0073964497041420114 0.03106508875739645 0.9615384615384616
13 0.008875739644970414 0.03106508875739645 0.9600591715976331
14 0.008875739644970414 0.03550295857988166 0.9556213017751479
15 0.008875739644970414 0.038461538461538464 0.9526627218934911
16 0.013313609467455622 0.04142011834319527 0.9452662721893491
17 0.013313609467455622 0.047337278106508875 0.9393491124260355
18 0.014792899408284023 0.057692307692307696 0.9275147928994083
19 0.019230769230769232 0.0650887573964497 0.915680473372781
20 0.023668639053254437 0.06360946745562131 0.9127218934911243
21 0.023668639053254437 0.07100591715976332 0.9053254437869822
22 0.026627218934911243 0.07544378698224852 0.8979289940828402
23 0.029585798816568046 0.07988165680473373 0.8905325443786982
24 0.03550295857988166 0.07988165680473373 0.8846153846153846
25 0.03994082840236687 0.07840236686390532 0.8816568047337278
26 0.042899408284023666 0.07840236686390532 0.878698224852071
27 0.04585798816568047 0.08727810650887574 0.8668639053254438
28 0.05029585798816568 0.08875739644970414 0.8609467455621301
29 0.05325443786982249 0.09615384615384616 0.8505917159763313
30 0.057692307692307696 0.10207100591715976 0.8402366863905325
31 0.07100591715976332 0.09911242603550297 0.8298816568047337
32 0.07840236686390532 0.09615384615384616 0.8254437869822485
33 0.08431952662721894 0.10355029585798817 0.8121301775147929
34 0.09171597633136094 0.10798816568047337 0.8002958579881657
35 0.09911242603550297 0.10207100591715976 0.7988165680473372
36 0.10650887573964497 0.09911242603550297 0.7943786982248521
37 0.10946745562130178 0.10207100591715976 0.7884615384615384
38 0.12130177514792899 0.10207100591715976 0.7766272189349113
39 0.1301775147928994 0.09319526627218935 0.7766272189349113
40 0.1346153846153846 0.09615384615384616 0.7692307692307693
41 0.1390532544378698 0.09615384615384616 0.764792899408284
42 0.14053254437869822 0.10355029585798817 0.7559171597633136
43 0.14940828402366865 0.10207100591715976 0.7485207100591716
44 0.15236686390532544 0.10798816568047337 0.7396449704142012
45 0.15976331360946747 0.11094674556213018 0.7292899408284024
46 0.16863905325443787 0.11242603550295859 0.7189349112426036
47 0.17751479289940827 0.10946745562130178 0.7130177514792899
48 0.1849112426035503 0.11242603550295859 0.7026627218934911
49 0.19230769230769232 0.11538461538461539 0.6923076923076923
50 0.20118343195266272 0.10946745562130178 0.6893491124260355
51 0.20414201183431951 0.11686390532544379 0.6789940828402367
52 0.21597633136094674 0.11686390532544379 0.6671597633136095
53 0.22337278106508876 0.11982248520710059 0.6568047337278107
54 0.23076923076923078 0.12130177514792899 0.6479289940828402
55 0.23816568047337278 0.1227810650887574 0.6390532544378699
56 0.24260355029585798 0.13165680473372782 0.6257396449704142
57 0.2485207100591716 0.13757396449704143 0.613905325443787
58 0.2588757396449704 0.13165680473372782 0.6094674556213018
59 0.26479289940828404 0.1346153846153846 0.6005917159763313
60 0.2781065088757396 0.1301775147928994 0.591715976331361
61 0.2869822485207101 0.14201183431952663 0.5710059171597633
62 0.2943786982248521 0.14053254437869822 0.5650887573964497
63 0.30177514792899407 0.14497041420118342 0.5532544378698225
64 0.3121301775147929 0.15532544378698224 0.5325443786982249
65 0.3165680473372781 0.17011834319526628 0.5133136094674556
66 0.3269230769230769 0.16863905325443787 0.5044378698224852
67 0.33579881656804733 0.17011834319526628 0.4940828402366864
68 0.35502958579881655 0.16124260355029585 0.48372781065088755
69 0.3609467455621302 0.16568047337278108 0.47337278106508873
70 0.3727810650887574 0.16124260355029585 0.46597633136094674
71 0.3801775147928994 0.16124260355029585 0.45857988165680474
72 0.386094674556213 0.1760355029585799 0.4378698224852071
73 0.39349112426035504 0.17751479289940827 0.4289940828402367
74 0.40384615384615385 0.1804733727810651 0.4156804733727811
75 0.4156804733727811 0.17751479289940827 0.4068047337278107
76 0.42011834319526625 0.17455621301775148 0.40532544378698226
77 0.43047337278106507 0.17751479289940827 0.39201183431952663
78 0.4452662721893491 0.17307692307692307 0.3816568047337278
79 0.4556213017751479 0.1849112426035503 0.3594674556213018
80 0.46597633136094674 0.19230769230769232 0.34171597633136097
81 0.47485207100591714 0.1908284023668639 0.3343195266272189
82 0.4911242603550296 0.19230769230769232 0.3165680473372781
83 0.5014792899408284 0.1952662721893491 0.3032544378698225
84 0.5044378698224852 0.20414201183431951 0.29142011834319526
85 0.5251479289940828 0.19822485207100593 0.27662721893491127
86 0.5340236686390533 0.20266272189349113 0.26331360946745563
87 0.5399408284023669 0.20710059171597633 0.2529585798816568
88 0.5532544378698225 0.20562130177514792 0.2411242603550296
89 0.5724852071005917 0.1908284023668639 0.23668639053254437
90 0.591715976331361 0.1878698224852071 0.22041420118343194
91 0.5931952662721893 0.19822485207100593 0.20857988165680474
92 0.6035502958579881 0.1952662721893491 0.20118343195266272
93 0.6124260355029586 0.1893491124260355 0.19822485207100593
94 0.6257396449704142 0.17899408284023668 0.1952662721893491
95 0.6390532544378699 0.1819526627218935 0.17899408284023668
96 0.658284023668639 0.17011834319526628 0.17159763313609466
97 0.6686390532544378 0.17011834319526628 0.16124260355029585
98 0.6804733727810651 0.16420118343195267 0.15532544378698224
99 0.6863905325443787 0.16568047337278108 0.14792899408284024
100 0.6952662721893491 0.17455621301775148 0.1301775147928994
101 0.7115384615384616 0.16568047337278108 0.1227810650887574
102 0.7248520710059172 0.15680473372781065 0.11834319526627218
103 0.7322485207100592 0.15088757396449703 0.11686390532544379
104 0.7396449704142012 0.15236686390532544 0.10798816568047337
105 0.7514792899408284 0.14497041420118342 0.10355029585798817
106 0.7692307692307693 0.128698224852071 0.10207100591715976
107 0.7810650887573964 0.1227810650887574 0.09615384615384616
108 0.7855029585798816 0.1227810650887574 0.09171597633136094
109 0.7958579881656804 0.11242603550295859 0.09171597633136094
110 0.8062130177514792 0.10502958579881656 0.08875739644970414
111 0.8210059171597633 0.09171597633136094 0.08727810650887574
112 0.8269230769230769 0.08727810650887574 0.08579881656804733
113 0.8313609467455622 0.08284023668639054 0.08579881656804733
114 0.841715976331361 0.07396449704142012 0.08431952662721894
115 0.8461538461538461 0.07100591715976332 0.08284023668639054
116 0.8520710059171598 0.0650887573964497 0.08284023668639054
117 0.8535502958579881 0.06360946745562131 0.08284023668639054
118 0.8579881656804734 0.05917159763313609 0.08284023668639054
119 0.863905325443787 0.05325443786982249 0.08284023668639054
120 0.8727810650887574 0.04585798816568047 0.08136094674556213
121 0.8772189349112426 0.04142011834319527 0.08136094674556213
122 0.8801775147928994 0.038461538461538464 0.08136094674556213
123 0.8875739644970414 0.03106508875739645 0.08136094674556213
124 0.8920118343195266 0.026627218934911243 0.08136094674556213
125 0.8920118343195266 0.026627218934911243 0.08136094674556213
126 0.893491124260355 0.02514792899408284 0.08136094674556213
127 0.8979289940828402 0.020710059171597635 0.08136094674556213
128 0.900887573964497 0.01775147928994083 0.08136094674556213
129 0.9038461538461539 0.014792899408284023 0.08136094674556213
130 0.9038461538461539 0.014792899408284023 0.08136094674556213
131 0.9038461538461539 0.014792899408284023 0.08136094674556213
132 0.9053254437869822 0.013313609467455622 0.08136094674556213
133 0.908284023668639 0.010355029585798817 0.08136094674556213
134 0.908284023668639 0.010355029585798817 0.08136094674556213
135 0.908284023668639 0.010355029585798817 0.08136094674556213
136 0.908284023668639 0.010355029585798817 0.08136094674556213
137 0.908284023668639 0.010355029585798817 0.08136094674556213
138 0.900887573964497 0.01775147928994083 0.08136094674556213
139 0.9023668639053254 0.016272189349112426 0.08136094674556213
140 0.9023668639053254 0.016272189349112426 0.08136094674556213
141 0.9053254437869822 0.013313609467455622 0.08136094674556213
142 0.908284023668639 0.010355029585798817 0.08136094674556213
143 0.908284023668639 0.010355029585798817 0.08136094674556213
144 0.9142011834319527 0.004437869822485207 0.08136094674556213
145 0 0 0
146 0 0 0
147 0 0 0
148 0 0 0
149 0 0 0
150 0 0 0
151 0 0 0
152 0 0 0
153 0 0 0
154 0 0 0
155 0 0 0
156 0 0 0
157 0 0 0
158 0 0 0
159 0 0 0
160 0 0 0
161 0 0 0
162 0 0 0
163 0 0 0
164 0 0 0
165 0 0 0
166 0 0 0
167 0 0 0
168 0 0 0
169 0 0 0
170 0 0 0
171 0 0 0
172 0 0 0
173 0 0 0
174 0 0 0
175 0 0 0
176 0 0 0
177 0 0 0
178 0 0 0
179 0 0 0
180 0 0 0
181 0 0 0
182 0 0 0
183 0 0 0
184 0 0 0
185 0 0 0
186 0 0 0
187 0 0 0
188 0 0 0
189 0 0 0
190 0 0 0
191 0 0 0
192 0 0 0
193 0 0 0
194 0 0 0
195 0 0 0
196 0 0 0
197 0 0 0
198 0 0 0
199 0 0 0
200 0 0 0
201 0 0 0
202 0 0 0
203 0 0 0
204 0 0 0
205 0 0 0
206 0 0 0
207 0 0 0
208 0 0 0
209 0 0 0
210 0 0 0
211 0 0 0
212 0 0 0
213 0 0 0
214 0 0 0
215 0 0 0
216 0 0 0
217 0 0 0
218 0 0 0
219 0 0 0
220 0 0 0
221 0 0 0
222 0 0 0
223 0 0 0
224 0 0 0
225 0 0 0
226 0 0 0
227 0 0 0
228 0 0 0
229 0 0 0
230 0 0 0
231 0 0 0
232 0 0 0
233 0 0 0
234 0 0 0
235 0 0 0
236 0 0 0
237 0 0 0
238 0 0 0
239 0 0 0
240 0 0 0
241 0 0 0
242 0 0 0
243 0 0 0
244 0 0 0
245 0 0 0
246 0 0 0
247 0 0 0
248 0 0 0
249 0 0 0
250 0 0 0
251 0 0 0
252 0 0 0
253 0 0 0
254 0 0 0
255 0 0 0
256 0 0 0
257 0 0 0
258 0 0 0
259 0 0 0
260 0 0 0
261 0 0 0
262 0 0 0
263 0 0 0
264 0 0 0
265 0 0 0
266 0 0 0
267 0 0 0
268 0 0 0
269 0 0 0
270 0 0 0
271 0 0 0
272 0 0 0
273 0 0 0
274 0 0 0
275 0 0 0
276 0 0 0
277 0 0 0
278 0 0 0
279 0 0 0
280 0 0 0
281 0 0 0
282 0 0 0
283 0 0 0
284 0 0 0
285 0 0 0
286 0 0 0
287 0 0 0
288 0 0 0
289 0 0 0
290 0 0 0
291 0 0 0
292 0 0 0
293 0 0 0
294 0 0 0
295 0 0 0
296 0 0 0
297 0 0 0
298 0 0 0
299 0 0 0
300 0 0 0
