0 0.0014792899408284023 0.0 0.9985207100591716
1 0.0014792899408284023 0.0 0.9985207100591716
2 0.0014792899408284023 0.0 0.9985207100591716
3 0.0014792899408284023 0.0029585798816568047 0.9955621301775148
4 0.0014792899408284023 0.0029585798816568047 0.9955621301775148
5 0.0014792899408284023 0.005917159763313609 0.992603550295858
6 0.0014792899408284023 0.0073964497041420114 0.9911242603550295
7 0.0014792899408284023 0.010355029585798817 0.9881656804733728
8 0.0014792899408284023 0.013313609467455622 0.985207100591716
9 0.0014792899408284023 0.01775147928994083 0.9807692307692307
10 0.004437869822485207 0.016272189349112426 0.9792899408284024
11 0.004437869822485207 0.016272189349112426 0.9792899408284024
12 0.004437869822485207 0.019230769230769232 0.9763313609467456
13 0.005917159763313609 0.020710059171597635 0.9733727810650887
14 0.005917159763313609 0.022189349112426034 0.9718934911242604
15 0.005917159763313609 0.023668639053254437 0.9704142011834319
16 0.008875739644970414 0.026627218934911243 0.9644970414201184
17 0.010355029585798817 0.028106508875739646 0.9615384615384616
18 0.010355029585798817 0.038461538461538464 0.9511834319526628
19 0.011834319526627219 0.03994082840236687 0.9482248520710059
20 0.011834319526627219 0.047337278106508875 0.9408284023668639
21 0.011834319526627219 0.05325443786982249 0.9349112426035503
22 0.013313609467455622 0.05621301775147929 0.9304733727810651
23 0.014792899408284023 0.057692307692307696 0.9275147928994083
24 0.019230769230769232 0.05917159763313609 0.9215976331360947
25 0.022189349112426034 0.05917159763313609 0.9186390532544378
26 0.02514792899408284 0.06360946745562131 0.9112426035502958
27 0.028106508875739646 0.07100591715976332 0.900887573964497
28 0.03106508875739645 0.07248520710059171 0.8964497041420119
29 0.03254437869822485 0.07840236686390532 0.8890532544378699
30 0.03698224852071006 0.08284023668639054 0.8801775147928994
31 0.038461538461538464 0.09023668639053255 0.871301775147929
32 0.04437869822485207 0.09615384615384616 0.8594674556213018
33 0.05029585798816568 0.09615384615384616 0.8535502958579881
34 0.057692307692307696 0.09023668639053255 0.8520710059171598
35 0.0621301775147929 0.09615384615384616 0.841715976331361
36 0.06360946745562131 0.09615384615384616 0.8402366863905325
37 0.06656804733727811 0.10355029585798817 0.8298816568047337
38 0.07396449704142012 0.10650887573964497 0.8195266272189349
39 0.07988165680473373 0.11538461538461539 0.8047337278106509
40 0.08875739644970414 0.11094674556213018 0.8002958579881657
41 0.09319526627218935 0.11242603550295859 0.7943786982248521
42 0.09615384615384616 0.11538461538461539 0.7884615384615384
43 0.10355029585798817 0.11242603550295859 0.7840236686390533
44 0.10502958579881656 0.11686390532544379 0.7781065088757396
45 0.11390532544378698 0.11094674556213018 0.7751479289940828
46 0.11982248520710059 0.11834319526627218 0.7618343195266272
47 0.1257396449704142 0.11834319526627218 0.7559171597633136
48 0.128698224852071 0.12130177514792899 0.75
49 0.1346153846153846 0.1257396449704142 0.7396449704142012
50 0.14201183431952663 0.13165680473372782 0.7263313609467456
51 0.15384615384615385 0.1257396449704142 0.7204142011834319
52 0.15976331360946747 0.128698224852071 0.7115384615384616
53 0.16420118343195267 0.12721893491124261 0.7085798816568047
54 0.1760355029585799 0.1242603550295858 0.6997041420118343
55 0.1804733727810651 0.128698224852071 0.6908284023668639
56 0.1878698224852071 0.1242603550295858 0.6878698224852071
57 0.1937869822485207 0.12721893491124261 0.6789940828402367
58 0.20414201183431951 0.11982248520710059 0.6760355029585798
59 0.21597633136094674 0.11242603550295859 0.6715976331360947
60 0.22781065088757396 0.10798816568047337 0.6642011834319527
61 0.2440828402366864 0.10502958579881656 0.650887573964497
62 0.2470414201183432 0.11834319526627218 0.6346153846153846
63 0.2529585798816568 0.1242603550295858 0.6227810650887574
64 0.26331360946745563 0.1242603550295858 0.6124260355029586
65 0.2692307692307692 0.128698224852071 0.6020710059171598
66 0.27514792899408286 0.1346153846153846 0.5902366863905325
67 0.28550295857988167 0.1390532544378698 0.5754437869822485
68 0.29142011834319526 0.14940828402366865 0.5591715976331361
69 0.2973372781065089 0.15532544378698224 0.5473372781065089
70 0.30177514792899407 0.15680473372781065 0.5414201183431953
71 0.3091715976331361 0.16420118343195267 0.5266272189349113
72 0.3165680473372781 0.16420118343195267 0.5192307692307693
73 0.32840236686390534 0.16124260355029585 0.5103550295857988
74 0.3343195266272189 0.16568047337278108 0.5
75 0.34171597633136097 0.16863905325443787 0.4896449704142012
76 0.3520710059171598 0.16715976331360946 0.4807692307692308
77 0.3668639053254438 0.15976331360946747 0.47337278106508873
78 0.3698224852071006 0.17011834319526628 0.46005917159763315
79 0.3772189349112426 0.17455621301775148 0.44822485207100593
80 0.3905325443786982 0.17011834319526628 0.4393491124260355
81 0.3994082840236686 0.1760355029585799 0.4245562130177515
82 0.40828402366863903 0.1863905325443787 0.40532544378698226
83 0.41863905325443784 0.1834319526627219 0.3979289940828402
84 0.4275147928994083 0.1849112426035503 0.3875739644970414
85 0.4334319526627219 0.19230769230769232 0.3742603550295858
86 0.4423076923076923 0.19674556213017752 0.3609467455621302
87 0.4511834319526627 0.22041420118343194 0.32840236686390534
88 0.46449704142011833 0.21449704142011836 0.3210059171597633
89 0.4718934911242604 0.21449704142011836 0.3136094674556213
90 0.4881656804733728 0.20857988165680474 0.3032544378698225
91 0.4985207100591716 0.20266272189349113 0.2988165680473373
92 0.5088757396449705 0.20266272189349113 0.28846153846153844
93 0.5281065088757396 0.19674556213017752 0.27514792899408286
94 0.5428994082840237 0.1893491124260355 0.2677514792899408
95 0.5606508875739645 0.1804733727810651 0.2588757396449704
96 0.5665680473372781 0.1849112426035503 0.2485207100591716
97 0.5798816568047337 0.1863905325443787 0.23372781065088757
98 0.5931952662721893 0.1834319526627219 0.22337278106508876
99 0.5976331360946746 0.1893491124260355 0.21301775147928995
100 0.613905325443787 0.1834319526627219 0.20266272189349113
101 0.6242603550295858 0.1863905325443787 0.1893491124260355
102 0.6346153846153846 0.1878698224852071 0.17751479289940827
103 0.6449704142011834 0.1908284023668639 0.16420118343195267
104 0.6568047337278107 0.1849112426035503 0.15828402366863906
105 0.6730769230769231 0.1760355029585799 0.15088757396449703
106 0.6819526627218935 0.17159763313609466 0.14644970414201183
107 0.6982248520710059 0.15976331360946747 0.14201183431952663
108 0.7130177514792899 0.14644970414201183 0.14053254437869822
109 0.7248520710059172 0.13609467455621302 0.1390532544378698
110 0.735207100591716 0.128698224852071 0.13609467455621302
111 0.75 0.11982248520710059 0.1301775147928994
112 0.7662721893491125 0.10798816568047337 0.1257396449704142
113 0.7736686390532544 0.10502958579881656 0.12130177514792899
114 0.7899408284023669 0.09319526627218935 0.11686390532544379
115 0.7943786982248521 0.08875739644970414 0.11686390532544379
116 0.8076923076923077 0.08136094674556213 0.11094674556213018
117 0.8239644970414202 0.0650887573964497 0.11094674556213018
118 0.8328402366863905 0.0621301775147929 0.10502958579881656
119 0.8372781065088757 0.060650887573964495 0.10207100591715976
120 0.8446745562130178 0.05621301775147929 0.09911242603550297
121 0.8505917159763313 0.05325443786982249 0.09615384615384616
122 0.856508875739645 0.047337278106508875 0.09615384615384616
123 0.8624260355029586 0.04142011834319527 0.09615384615384616
124 0.8683431952662722 0.03994082840236687 0.09171597633136094
125 0.871301775147929 0.03698224852071006 0.09171597633136094
126 0.8757396449704142 0.03698224852071006 0.08727810650887574
127 0.8772189349112426 0.03550295857988166 0.08727810650887574
128 0.8831360946745562 0.03106508875739645 0.08579881656804733
129 0.8875739644970414 0.026627218934911243 0.08579881656804733
130 0.8890532544378699 0.026627218934911243 0.08431952662721894
131 0.8920118343195266 0.023668639053254437 0.08431952662721894
132 0.893491124260355 0.023668639053254437 0.08284023668639054
133 0.8949704142011834 0.022189349112426034 0.08284023668639054
134 0.8949704142011834 0.022189349112426034 0.08284023668639054
135 0.8964497041420119 0.022189349112426034 0.08136094674556213
136 0.8994082840236687 0.019230769230769232 0.08136094674556213
137 0.8994082840236687 0.019230769230769232 0.08136094674556213
138 0 0 0
139 0 0 0
140 0 0 0
141 0 0 0
142 0 0 0
143 0 0 0
144 0 0 0
145 0 0 0
146 0 0 0
147 0 0 0
148 0 0 0
149 0 0 0
150 0 0 0
151 0 0 0
152 0 0 0
153 0 0 0
154 0 0 0
155 0 0 0
156 0 0 0
157 0 0 0
158 0 0 0
159 0 0 0
160 0 0 0
161 0 0 0
162 0 0 0
163 0 0 0
164 0 0 0
165 0 0 0
166 0 0 0
167 0 0 0
168 0 0 0
169 0 0 0
170 0 0 0
171 0 0 0
172 0 0 0
173 0 0 0
174 0 0 0
175 0 0 0
176 0 0 0
177 0 0 0
178 0 0 0
179 0 0 0
180 0 0 0
181 0 0 0
182 0 0 0
183 0 0 0
184 0 0 0
185 0 0 0
186 0 0 0
187 0 0 0
188 0 0 0
189 0 0 0
190 0 0 0
191 0 0 0
192 0 0 0
193 0 0 0
194 0 0 0
195 0 0 0
196 0 0 0
197 0 0 0
198 0 0 0
199 0 0 0
200 0 0 0
201 0 0 0
202 0 0 0
203 0 0 0
204 0 0 0
205 0 0 0
206 0 0 0
207 0 0 0
208 0 0 0
209 0 0 0
210 0 0 0
211 0 0 0
212 0 0 0
213 0 0 0
214 0 0 0
215 0 0 0
216 0 0 0
217 0 0 0
218 0 0 0
219 0 0 0
220 0 0 0
221 0 0 0
222 0 0 0
223 0 0 0
224 0 0 0
225 0 0 0
226 0 0 0
227 0 0 0
228 0 0 0
229 0 0 0
230 0 0 0
231 0 0 0
232 0 0 0
233 0 0 0
234 0 0 0
235 0 0 0
236 0 0 0
237 0 0 0
238 0 0 0
239 0 0 0
240 0 0 0
241 0 0 0
242 0 0 0
243 0 0 0
244 0 0 0
245 0 0 0
246 0 0 0
247 0 0 0
248 0 0 0
249 0 0 0
250 0 0 0
251 0 0 0
252 0 0 0
253 0 0 0
254 0 0 0
255 0 0 0
256 0 0 0
257 0 0 0
258 0 0 0
259 0 0 0
260 0 0 0
261 0 0 0
262 0 0 0
263 0 0 0
264 0 0 0
265 0 0 0
266 0 0 0
267 0 0 0
268 0 0 0
269 0 0 0
270 0 0 0
271 0 0 0
272 0 0 0
273 0 0 0
274 0 0 0
275 0 0 0
276 0 0 0
277 0 0 0
278 0 0 0
279 0 0 0
280 0 0 0
281 0 0 0
282 0 0 0
283 0 0 0
284 0 0 0
285 0 0 0
286 0 0 0
287 0 0 0
288 0 0 0
289 0 0 0
290 0 0 0
291 0 0 0
292 0 0 0
293 0 0 0
294 0 0 0
295 0 0 0
296 0 0 0
297 0 0 0
298 0 0 0
299 0 0 0
300 0 0 0
