0 0.0014792899408284023 0.0 0.9985207100591716
1 0.0014792899408284023 0.004437869822485207 0.9940828402366864
2 0.005917159763313609 0.0029585798816568047 0.9911242603550295
3 0.0073964497041420114 0.004437869822485207 0.9881656804733728
4 0.0073964497041420114 0.010355029585798817 0.9822485207100592
5 0.011834319526627219 0.013313609467455622 0.9748520710059172
6 0.016272189349112426 0.014792899408284023 0.9689349112426036
7 0.019230769230769232 0.016272189349112426 0.9644970414201184
8 0.020710059171597635 0.022189349112426034 0.9571005917159763
9 0.02514792899408284 0.026627218934911243 0.9482248520710059
10 0.026627218934911243 0.03106508875739645 0.9423076923076923
11 0.03550295857988166 0.029585798816568046 0.9349112426035503
12 0.038461538461538464 0.029585798816568046 0.9319526627218935
13 0.03994082840236687 0.03698224852071006 0.9230769230769231
14 0.04437869822485207 0.03994082840236687 0.915680473372781
15 0.047337278106508875 0.04881656804733728 0.9038461538461539
16 0.05473372781065089 0.047337278106508875 0.8979289940828402
17 0.060650887573964495 0.05621301775147929 0.8831360946745562
18 0.07248520710059171 0.05325443786982249 0.8742603550295858
19 0.08431952662721894 0.047337278106508875 0.8683431952662722
20 0.08727810650887574 0.04881656804733728 0.863905325443787
21 0.09467455621301775 0.047337278106508875 0.8579881656804734
22 0.10207100591715976 0.042899408284023666 0.8550295857988166
23 0.10946745562130178 0.042899408284023666 0.8476331360946746
24 0.11538461538461539 0.05029585798816568 0.834319526627219
25 0.11834319526627218 0.057692307692307696 0.8239644970414202
26 0.12130177514792899 0.0621301775147929 0.8165680473372781
27 0.13313609467455623 0.05473372781065089 0.8121301775147929
28 0.1390532544378698 0.0621301775147929 0.7988165680473372
29 0.14940828402366865 0.05917159763313609 0.7914201183431953
30 0.15976331360946747 0.05621301775147929 0.7840236686390533
31 0.17011834319526628 0.05621301775147929 0.7736686390532544
32 0.17455621301775148 0.05917159763313609 0.7662721893491125
33 0.1878698224852071 0.05621301775147929 0.7559171597633136
34 0.1997041420118343 0.05029585798816568 0.75
35 0.20118343195266272 0.057692307692307696 0.7411242603550295
36 0.20562130177514792 0.060650887573964495 0.7337278106508875
37 0.21153846153846154 0.06804733727810651 0.7204142011834319
38 0.22337278106508876 0.0650887573964497 0.7115384615384616
39 0.22337278106508876 0.0695266272189349 0.7071005917159763
40 0.23076923076923078 0.0695266272189349 0.6997041420118343
41 0.23520710059171598 0.07544378698224852 0.6893491124260355
42 0.2440828402366864 0.0695266272189349 0.6863905325443787
43 0.2514792899408284 0.0695266272189349 0.6789940828402367
44 0.2603550295857988 0.07248520710059171 0.6671597633136095
45 0.27071005917159763 0.06804733727810651 0.6612426035502958
46 0.28106508875739644 0.06656804733727811 0.6523668639053254
47 0.2869822485207101 0.07100591715976332 0.6420118343195266
48 0.2973372781065089 0.0695266272189349 0.6331360946745562
49 0.3076923076923077 0.06656804733727811 0.6257396449704142
50 0.3106508875739645 0.08284023668639054 0.606508875739645
51 0.3210059171597633 0.08284023668639054 0.5961538461538461
52 0.3328402366863905 0.08431952662721894 0.5828402366863905
53 0.3431952662721893 0.08284023668639054 0.5739644970414202
54 0.3520710059171598 0.08284023668639054 0.5650887573964497
55 0.3609467455621302 0.08727810650887574 0.5517751479289941
56 0.3742603550295858 0.08431952662721894 0.5414201183431953
57 0.386094674556213 0.08136094674556213 0.5325443786982249
58 0.3905325443786982 0.08284023668639054 0.5266272189349113
59 0.3994082840236686 0.09171597633136094 0.5088757396449705
60 0.40828402366863903 0.10059171597633136 0.4911242603550296
61 0.4289940828402367 0.09319526627218935 0.47781065088757396
62 0.4349112426035503 0.10355029585798817 0.46153846153846156
63 0.4467455621301775 0.10798816568047337 0.4452662721893491
64 0.46745562130177515 0.09763313609467456 0.4349112426035503
65 0.48668639053254437 0.09763313609467456 0.4156804733727811
66 0.49556213017751477 0.10059171597633136 0.40384615384615385
67 0.5059171597633136 0.09763313609467456 0.39644970414201186
68 0.5162721893491125 0.09615384615384616 0.3875739644970414
69 0.5266272189349113 0.09615384615384616 0.3772189349112426
70 0.5340236686390533 0.10207100591715976 0.363905325443787
71 0.5414201183431953 0.11094674556213018 0.34763313609467456
72 0.5621301775147929 0.10355029585798817 0.3343195266272189
73 0.5710059171597633 0.11242603550295859 0.3165680473372781
74 0.584319526627219 0.10207100591715976 0.3136094674556213
75 0.5931952662721893 0.10355029585798817 0.3032544378698225
76 0.5946745562130178 0.11242603550295859 0.29289940828402367
77 0.6079881656804734 0.10946745562130178 0.28254437869822485
78 0.6183431952662722 0.11094674556213018 0.27071005917159763
79 0.6405325443786982 0.10059171597633136 0.2588757396449704
80 0.658284023668639 0.09319526627218935 0.2485207100591716
81 0.665680473372781 0.10059171597633136 0.23372781065088757
82 0.6834319526627219 0.09615384615384616 0.22041420118343194
83 0.6967455621301775 0.10059171597633136 0.20266272189349113
84 0.7085798816568047 0.09763313609467456 0.1937869822485207
85 0.7233727810650887 0.09171597633136094 0.1849112426035503
86 0.7366863905325444 0.08284023668639054 0.1804733727810651
87 0.7470414201183432 0.08579881656804733 0.16715976331360946
88 0.7588757396449705 0.08136094674556213 0.15976331360946747
89 0.7633136094674556 0.08431952662721894 0.15236686390532544
90 0.7795857988165681 0.07396449704142012 0.14644970414201183
91 0.7914201183431953 0.0695266272189349 0.1390532544378698
92 0.7988165680473372 0.07248520710059171 0.128698224852071
93 0.8017751479289941 0.07840236686390532 0.11982248520710059
94 0.8047337278106509 0.07840236686390532 0.11686390532544379
95 0.8210059171597633 0.06656804733727811 0.11242603550295859
96 0.8284023668639053 0.06360946745562131 0.10798816568047337
97 0.8387573964497042 0.05621301775147929 0.10502958579881656
98 0.8446745562130178 0.060650887573964495 0.09467455621301775
99 0.8520710059171598 0.05473372781065089 0.09319526627218935
100 0.8698224852071006 0.038461538461538464 0.09171597633136094
101 0.8772189349112426 0.034023668639053255 0.08875739644970414
102 0.8816568047337278 0.03106508875739645 0.08727810650887574
103 0.8831360946745562 0.03254437869822485 0.08431952662721894
104 0.8920118343195266 0.023668639053254437 0.08431952662721894
105 0.8964497041420119 0.019230769230769232 0.08431952662721894
106 0.8979289940828402 0.01775147928994083 0.08431952662721894
107 0.9038461538461539 0.011834319526627219 0.08431952662721894
108 0.908284023668639 0.0073964497041420114 0.08431952662721894
109 0.908284023668639 0.008875739644970414 0.08284023668639054
110 0.9112426035502958 0.0073964497041420114 0.08136094674556213
111 0.9127218934911243 0.005917159763313609 0.08136094674556213
112 0.9142011834319527 0.004437869822485207 0.08136094674556213
113 0.9142011834319527 0.004437869822485207 0.08136094674556213
114 0.915680473372781 0.0029585798816568047 0.08136094674556213
115 0.9171597633136095 0.0014792899408284023 0.08136094674556213
116 0.9171597633136095 0.0014792899408284023 0.08136094674556213
117 0.9171597633136095 0.0014792899408284023 0.08136094674556213
118 0.9171597633136095 0.0014792899408284023 0.08136094674556213
119 0.9171597633136095 0.0014792899408284023 0.08136094674556213
120 0.9186390532544378 0.0 0.08136094674556213
121 0.9186390532544378 0.0 0.08136094674556213
122 0.9186390532544378 0.0 0.08136094674556213
123 0.9186390532544378 0.0 0.08136094674556213
124 0.9186390532544378 0.0 0.08136094674556213
125 0.9186390532544378 0.0 0.08136094674556213
126 0.9186390532544378 0.0 0.08136094674556213
127 0.9186390532544378 0.0 0.08136094674556213
128 0.9186390532544378 0.0 0.08136094674556213
129 0.9186390532544378 0.0 0.08136094674556213
130 0.9186390532544378 0.0 0.08136094674556213
131 0.9186390532544378 0.0 0.08136094674556213
132 0.9186390532544378 0.0 0.08136094674556213
133 0.9186390532544378 0.0 0.08136094674556213
134 0.9186390532544378 0.0 0.08136094674556213
135 0.9186390532544378 0.0 0.08136094674556213
136 0.9186390532544378 0.0 0.08136094674556213
137 0.9186390532544378 0.0 0.08136094674556213
138 0.9186390532544378 0.0 0.08136094674556213
139 0.9186390532544378 0.0 0.08136094674556213
140 0.9186390532544378 0.0 0.08136094674556213
141 0.9186390532544378 0.0 0.08136094674556213
142 0.9186390532544378 0.0 0.08136094674556213
143 0.9186390532544378 0.0 0.08136094674556213
144 0.9186390532544378 0.0 0.08136094674556213
145 0.9186390532544378 0.0 0.08136094674556213
146 0.9186390532544378 0.0 0.08136094674556213
147 0.9186390532544378 0.0 0.08136094674556213
148 0.9186390532544378 0.0 0.08136094674556213
149 0.9186390532544378 0.0 0.08136094674556213
150 0.9186390532544378 0.0 0.08136094674556213
151 0.9186390532544378 0.0 0.08136094674556213
152 0.9186390532544378 0.0 0.08136094674556213
153 0.9186390532544378 0.0 0.08136094674556213
154 0 0 0
155 0 0 0
156 0 0 0
157 0 0 0
158 0 0 0
159 0 0 0
160 0 0 0
161 0 0 0
162 0 0 0
163 0 0 0
164 0 0 0
165 0 0 0
166 0 0 0
167 0 0 0
168 0 0 0
169 0 0 0
170 0 0 0
171 0 0 0
172 0 0 0
173 0 0 0
174 0 0 0
175 0 0 0
176 0 0 0
177 0 0 0
178 0 0 0
179 0 0 0
180 0 0 0
181 0 0 0
182 0 0 0
183 0 0 0
184 0 0 0
185 0 0 0
186 0 0 0
187 0 0 0
188 0 0 0
189 0 0 0
190 0 0 0
191 0 0 0
192 0 0 0
193 0 0 0
194 0 0 0
195 0 0 0
196 0 0 0
197 0 0 0
198 0 0 0
199 0 0 0
200 0 0 0
201 0 0 0
202 0 0 0
203 0 0 0
204 0 0 0
205 0 0 0
206 0 0 0
207 0 0 0
208 0 0 0
209 0 0 0
210 0 0 0
211 0 0 0
212 0 0 0
213 0 0 0
214 0 0 0
215 0 0 0
216 0 0 0
217 0 0 0
218 0 0 0
219 0 0 0
220 0 0 0
221 0 0 0
222 0 0 0
223 0 0 0
224 0 0 0
225 0 0 0
226 0 0 0
227 0 0 0
228 0 0 0
229 0 0 0
230 0 0 0
231 0 0 0
232 0 0 0
233 0 0 0
234 0 0 0
235 0 0 0
236 0 0 0
237 0 0 0
238 0 0 0
239 0 0 0
240 0 0 0
241 0 0 0
242 0 0 0
243 0 0 0
244 0 0 0
245 0 0 0
246 0 0 0
247 0 0 0
248 0 0 0
249 0 0 0
250 0 0 0
251 0 0 0
252 0 0 0
253 0 0 0
254 0 0 0
255 0 0 0
256 0 0 0
257 0 0 0
258 0 0 0
259 0 0 0
260 0 0 0
261 0 0 0
262 0 0 0
263 0 0 0
264 0 0 0
265 0 0 0
266 0 0 0
267 0 0 0
268 0 0 0
269 0 0 0
270 0 0 0
271 0 0 0
272 0 0 0
273 0 0 0
274 0 0 0
275 0 0 0
276 0 0 0
277 0 0 0
278 0 0 0
279 0 0 0
280 0 0 0
281 0 0 0
282 0 0 0
283 0 0 0
284 0 0 0
285 0 0 0
286 0 0 0
287 0 0 0
288 0 0 0
289 0 0 0
290 0 0 0
291 0 0 0
292 0 0 0
293 0 0 0
294 0 0 0
295 0 0 0
296 0 0 0
297 0 0 0
298 0 0 0
299 0 0 0
300 0 0 0
