0 0.0014792899408284023 0.0 0.9985207100591716
1 0.0014792899408284023 0.005917159763313609 0.992603550295858
2 0.0029585798816568047 0.004437869822485207 0.992603550295858
3 0.0073964497041420114 0.0 0.992603550295858
4 0.0073964497041420114 0.0029585798816568047 0.9896449704142012
5 0.0073964497041420114 0.004437869822485207 0.9881656804733728
6 0.008875739644970414 0.004437869822485207 0.9866863905325444
7 0.010355029585798817 0.0029585798816568047 0.9866863905325444
8 0.013313609467455622 0.004437869822485207 0.9822485207100592
9 0.014792899408284023 0.004437869822485207 0.9807692307692307
10 0.01775147928994083 0.010355029585798817 0.9718934911242604
11 0.022189349112426034 0.008875739644970414 0.9689349112426036
12 0.028106508875739646 0.004437869822485207 0.9674556213017751
13 0.03106508875739645 0.005917159763313609 0.9630177514792899
14 0.03106508875739645 0.011834319526627219 0.9571005917159763
15 0.034023668639053255 0.011834319526627219 0.9541420118343196
16 0.03994082840236687 0.019230769230769232 0.9408284023668639
17 0.04585798816568047 0.01775147928994083 0.9363905325443787
18 0.05621301775147929 0.010355029585798817 0.9334319526627219
19 0.06360946745562131 0.0073964497041420114 0.9289940828402367
20 0.06656804733727811 0.014792899408284023 0.9186390532544378
21 0.07100591715976332 0.023668639053254437 0.9053254437869822
22 0.07248520710059171 0.02514792899408284 0.9023668639053254
23 0.08579881656804733 0.01775147928994083 0.8964497041420119
24 0.09319526627218935 0.020710059171597635 0.886094674556213
25 0.10059171597633136 0.023668639053254437 0.8757396449704142
26 0.10502958579881656 0.03106508875739645 0.863905325443787
27 0.11538461538461539 0.026627218934911243 0.8579881656804734
28 0.13313609467455623 0.023668639053254437 0.8431952662721893
29 0.1346153846153846 0.034023668639053255 0.8313609467455622
30 0.15088757396449703 0.03254437869822485 0.8165680473372781
31 0.16272189349112426 0.03254437869822485 0.8047337278106509
32 0.1760355029585799 0.029585798816568046 0.7943786982248521
33 0.1863905325443787 0.03106508875739645 0.7825443786982249
34 0.1997041420118343 0.03698224852071006 0.7633136094674556
35 0.20710059171597633 0.047337278106508875 0.7455621301775148
36 0.22189349112426035 0.05473372781065089 0.7233727810650887
37 0.23520710059171598 0.047337278106508875 0.7174556213017751
38 0.2529585798816568 0.04881656804733728 0.6982248520710059
39 0.27071005917159763 0.04585798816568047 0.6834319526627219
40 0.28254437869822485 0.05473372781065089 0.6627218934911243
41 0.2958579881656805 0.057692307692307696 0.6464497041420119
42 0.3150887573964497 0.05473372781065089 0.6301775147928994
43 0.34171597633136097 0.042899408284023666 0.6153846153846154
44 0.3609467455621302 0.04585798816568047 0.5931952662721893
45 0.371301775147929 0.06360946745562131 0.5650887573964497
46 0.3831360946745562 0.06656804733727811 0.5502958579881657
47 0.40384615384615385 0.060650887573964495 0.5355029585798816
48 0.4260355029585799 0.06804733727810651 0.5059171597633136
49 0.4408284023668639 0.07840236686390532 0.4807692307692308
50 0.45710059171597633 0.07840236686390532 0.46449704142011833
51 0.47781065088757396 0.07544378698224852 0.4467455621301775
52 0.5014792899408284 0.06656804733727811 0.4319526627218935
53 0.522189349112426 0.0621301775147929 0.4156804733727811
54 0.5369822485207101 0.0621301775147929 0.40088757396449703
55 0.5562130177514792 0.05621301775147929 0.3875739644970414
56 0.5680473372781065 0.0650887573964497 0.3668639053254438
57 0.5887573964497042 0.0650887573964497 0.34615384615384615
58 0.6094674556213018 0.060650887573964495 0.32988165680473375
59 0.6198224852071006 0.060650887573964495 0.31952662721893493
60 0.6375739644970414 0.06804733727810651 0.2943786982248521
61 0.6568047337278107 0.05917159763313609 0.28402366863905326
62 0.6745562130177515 0.05473372781065089 0.27071005917159763
63 0.6834319526627219 0.05917159763313609 0.257396449704142
64 0.7011834319526628 0.05917159763313609 0.23964497041420119
65 0.7115384615384616 0.06804733727810651 0.22041420118343194
66 0.7248520710059172 0.06360946745562131 0.21153846153846154
67 0.7396449704142012 0.06360946745562131 0.19674556213017752
68 0.7588757396449705 0.0650887573964497 0.1760355029585799
69 0.7795857988165681 0.05473372781065089 0.16568047337278108
70 0.7943786982248521 0.04881656804733728 0.15680473372781065
71 0.8121301775147929 0.04437869822485207 0.14349112426035504
72 0.8269230769230769 0.038461538461538464 0.1346153846153846
73 0.8402366863905325 0.03106508875739645 0.128698224852071
74 0.8476331360946746 0.03254437869822485 0.11982248520710059
75 0.8579881656804734 0.028106508875739646 0.11390532544378698
76 0.863905325443787 0.029585798816568046 0.10650887573964497
77 0.871301775147929 0.02514792899408284 0.10355029585798817
78 0.878698224852071 0.022189349112426034 0.09911242603550297
79 0.8846153846153846 0.020710059171597635 0.09467455621301775
80 0.8905325443786982 0.014792899408284023 0.09467455621301775
81 0.8920118343195266 0.016272189349112426 0.09171597633136094
82 0.8920118343195266 0.01775147928994083 0.09023668639053255
83 0.8979289940828402 0.014792899408284023 0.08727810650887574
84 0.9038461538461539 0.011834319526627219 0.08431952662721894
85 0.9068047337278107 0.010355029585798817 0.08284023668639054
86 0.908284023668639 0.010355029585798817 0.08136094674556213
87 0.9127218934911243 0.005917159763313609 0.08136094674556213
88 0.915680473372781 0.0029585798816568047 0.08136094674556213
89 0.915680473372781 0.0029585798816568047 0.08136094674556213
90 0.915680473372781 0.0029585798816568047 0.08136094674556213
91 0.9142011834319527 0.004437869822485207 0.08136094674556213
92 0.915680473372781 0.0029585798816568047 0.08136094674556213
93 0.915680473372781 0.0029585798816568047 0.08136094674556213
94 0.9171597633136095 0.0014792899408284023 0.08136094674556213
95 0.9171597633136095 0.0014792899408284023 0.08136094674556213
96 0.9186390532544378 0.0 0.08136094674556213
97 0.9171597633136095 0.0014792899408284023 0.08136094674556213
98 0.9171597633136095 0.0014792899408284023 0.08136094674556213
99 0.915680473372781 0.0029585798816568047 0.08136094674556213
100 0.915680473372781 0.0029585798816568047 0.08136094674556213
101 0.9171597633136095 0.0014792899408284023 0.08136094674556213
102 0.9171597633136095 0.0014792899408284023 0.08136094674556213
103 0.9186390532544378 0.0 0.08136094674556213
104 0.9186390532544378 0.0 0.08136094674556213
105 0.9186390532544378 0.0 0.08136094674556213
106 0.9171597633136095 0.0014792899408284023 0.08136094674556213
107 0.9186390532544378 0.0 0.08136094674556213
108 0.915680473372781 0.0029585798816568047 0.08136094674556213
109 0.915680473372781 0.0029585798816568047 0.08136094674556213
110 0.9142011834319527 0.004437869822485207 0.08136094674556213
111 0.9127218934911243 0.005917159763313609 0.08136094674556213
112 0.9127218934911243 0.005917159763313609 0.08136094674556213
113 0.8994082840236687 0.019230769230769232 0.08136094674556213
114 0.0 0.915680473372781 0.08431952662721894
115 0.0 0.9112426035502958 0.08875739644970414
116 0.0 0.9053254437869822 0.09467455621301775
117 0.0 0.908284023668639 0.09171597633136094
118 0.0 0.0 1.0
119 0.0 0.0 1.0
120 0.0 0.0 1.0
121 0.0 0.0 1.0
122 0.0 0.0 1.0
123 0.0 0.0 1.0
124 0.0 0.0 1.0
125 0.0 0.0 1.0
126 0.0 0.0 1.0
127 0.0 0.0 1.0
128 0.0 0.0 1.0
129 0.0 0.0 1.0
130 0.0 0.0 1.0
131 0.0 0.0 1.0
132 0.0 0.0 1.0
133 0.0 0.0 1.0
134 0.0 0.0 1.0
135 0.0 0.0 1.0
136 0.0 0.0 1.0
137 0.0 0.0 1.0
138 0.0 0.0 1.0
139 0.0 0.0 1.0
140 0.0 0.0 1.0
141 0.0 0.0 1.0
142 0.0 0.0 1.0
143 0.0 0.0 1.0
144 0.0 0.0 1.0
145 0.0 0.0 1.0
146 0.0 0.0 1.0
147 0.0 0.0 1.0
148 0.0 0.0 1.0
149 0.0 0.0 1.0
150 0.0 0.0 1.0
151 0.0 0.0 1.0
152 0.0 0.0 1.0
153 0.0 0.0 1.0
154 0.0 0.0 1.0
155 0.0 0.0 1.0
156 0.0 0.0 1.0
157 0.0 0.0 1.0
158 0.0 0.0 1.0
159 0.0 0.0 1.0
160 0.0 0.0 1.0
161 0.0 0.0 1.0
162 0.0 0.0 1.0
163 0.0 0.0 1.0
164 0.0 0.0 1.0
165 0.0 0.0 1.0
166 0.0 0.0 1.0
167 0.0 0.0 1.0
168 0.0 0.0 1.0
169 0.0 0.0 1.0
170 0.0 0.0 1.0
171 0.0 0.0 1.0
172 0.0 0.0 1.0
173 0.0 0.0 1.0
174 0.0 0.0 1.0
175 0.0 0.0 1.0
176 0.0 0.0 1.0
177 0.0 0.0 1.0
178 0.0 0.0 1.0
179 0.0 0.0 1.0
180 0.0 0.0 1.0
181 0.0 0.0 1.0
182 0.0 0.0 1.0
183 0.0 0.0 1.0
184 0.0 0.0 1.0
185 0.0 0.0 1.0
186 0.0 0.0 1.0
187 0.0 0.0 1.0
188 0.0 0.0 1.0
189 0.0 0.0 1.0
190 0.0 0.0 1.0
191 0.0 0.0 1.0
192 0.0 0.0 1.0
193 0.0 0.0 1.0
194 0.0 0.0 1.0
195 0.0 0.0 1.0
196 0.0 0.0 1.0
197 0.0 0.0 1.0
198 0.0 0.0 1.0
199 0.0 0.0 1.0
200 0.0 0.0 1.0
201 0.0 0.0 1.0
202 0.0 0.0 1.0
203 0.0 0.0 1.0
204 0.0 0.0 1.0
205 0.0 0.0 1.0
206 0.0 0.0 1.0
207 0.0 0.0 1.0
208 0.0 0.0 1.0
209 0.0 0.0 1.0
210 0.0 0.0 1.0
211 0.0 0.0 1.0
212 0.0 0.0 1.0
213 0.0 0.0 1.0
214 0.0 0.0 1.0
215 0.0 0.0 1.0
216 0.0 0.0 1.0
217 0.0 0.0 1.0
218 0.0 0.0 1.0
219 0.0 0.0 1.0
220 0.0 0.0 1.0
221 0.0 0.0 1.0
222 0.0 0.0 1.0
223 0.0 0.0 1.0
224 0.0 0.0 1.0
225 0.0 0.0 1.0
226 0.0 0.0 1.0
227 0.0 0.0 1.0
228 0.0 0.0 1.0
229 0.0 0.0 1.0
230 0.0 0.0 1.0
231 0.0 0.0 1.0
232 0.0 0.0 1.0
233 0.0 0.0 1.0
234 0.0 0.0 1.0
235 0.0 0.0 1.0
236 0.0 0.0 1.0
237 0.0 0.0 1.0
238 0.0 0.0 1.0
239 0.0 0.0 1.0
240 0.0 0.0 1.0
241 0.0 0.0 1.0
242 0.0 0.0 1.0
243 0.0 0.0 1.0
244 0.0 0.0 1.0
245 0.0 0.0 1.0
246 0.0 0.0 1.0
247 0.0 0.0 1.0
248 0.0 0.0 1.0
249 0.0 0.0 1.0
250 0.0 0.0 1.0
251 0.0 0.0 1.0
252 0.0 0.0 1.0
253 0.0 0.0 1.0
254 0.0 0.0 1.0
255 0.0 0.0 1.0
256 0.0 0.0 1.0
257 0.0 0.0 1.0
258 0.0 0.0 1.0
259 0.0 0.0 1.0
260 0.0 0.0 1.0
261 0.0 0.0 1.0
262 0.0 0.0 1.0
263 0.0 0.0 1.0
264 0.0 0.0 1.0
265 0.0 0.0 1.0
266 0.0 0.0 1.0
267 0.0 0.0 1.0
268 0.0 0.0 1.0
269 0.0 0.0 1.0
270 0.0 0.0 1.0
271 0.0 0.0 1.0
272 0.0 0.0 1.0
273 0.0 0.0 1.0
274 0.0 0.0 1.0
275 0.0 0.0 1.0
276 0.0 0.0 1.0
277 0.0 0.0 1.0
278 0.0 0.0 1.0
279 0.0 0.0 1.0
280 0.0 0.0 1.0
281 0.0 0.0 1.0
282 0.0 0.0 1.0
283 0.0 0.0 1.0
284 0.0 0.0 1.0
285 0.0 0.0 1.0
286 0.0 0.0 1.0
287 0.0 0.0 1.0
288 0.0 0.0 1.0
289 0.0 0.0 1.0
290 0.0 0.0 1.0
291 0.0 0.0 1.0
292 0.0 0.0 1.0
293 0.0 0.0 1.0
294 0.0 0.0 1.0
295 0.0 0.0 1.0
296 0.0 0.0 1.0
297 0.0 0.0 1.0
298 0.0 0.0 1.0
299 0.0 0.0 1.0
300 0.0 0.0 1.0
