0 0.0014792899408284023 0.0 0.9985207100591716
1 0.0029585798816568047 0.0029585798816568047 0.9940828402366864
2 0.0029585798816568047 0.004437869822485207 0.992603550295858
3 0.005917159763313609 0.0014792899408284023 0.992603550295858
4 0.0073964497041420114 0.004437869822485207 0.9881656804733728
5 0.0073964497041420114 0.0073964497041420114 0.985207100591716
6 0.008875739644970414 0.008875739644970414 0.9822485207100592
7 0.010355029585798817 0.010355029585798817 0.9792899408284024
8 0.013313609467455622 0.011834319526627219 0.9748520710059172
9 0.014792899408284023 0.011834319526627219 0.9733727810650887
10 0.016272189349112426 0.016272189349112426 0.9674556213017751
11 0.022189349112426034 0.01775147928994083 0.9600591715976331
12 0.023668639053254437 0.019230769230769232 0.9571005917159763
13 0.029585798816568046 0.022189349112426034 0.9482248520710059
14 0.034023668639053255 0.020710059171597635 0.9452662721893491
15 0.04142011834319527 0.013313609467455622 0.9452662721893491
16 0.042899408284023666 0.020710059171597635 0.9363905325443787
17 0.047337278106508875 0.026627218934911243 0.9260355029585798
18 0.05473372781065089 0.02514792899408284 0.9201183431952663
19 0.05917159763313609 0.03106508875739645 0.9097633136094675
20 0.06804733727810651 0.034023668639053255 0.8979289940828402
21 0.07692307692307693 0.03550295857988166 0.8875739644970414
22 0.07988165680473373 0.038461538461538464 0.8816568047337278
23 0.09023668639053255 0.038461538461538464 0.871301775147929
24 0.09911242603550297 0.042899408284023666 0.8579881656804734
25 0.10798816568047337 0.051775147928994084 0.8402366863905325
26 0.11686390532544379 0.05325443786982249 0.8298816568047337
27 0.1346153846153846 0.04881656804733728 0.8165680473372781
28 0.14497041420118342 0.04881656804733728 0.8062130177514792
29 0.15532544378698224 0.04881656804733728 0.7958579881656804
30 0.16420118343195267 0.05621301775147929 0.7795857988165681
31 0.17899408284023668 0.05621301775147929 0.764792899408284
32 0.1863905325443787 0.0650887573964497 0.7485207100591716
33 0.19822485207100593 0.0650887573964497 0.7366863905325444
34 0.21449704142011836 0.06656804733727811 0.7189349112426036
35 0.22781065088757396 0.0695266272189349 0.7026627218934911
36 0.23964497041420119 0.07840236686390532 0.6819526627218935
37 0.2588757396449704 0.07396449704142012 0.6671597633136095
38 0.2677514792899408 0.08431952662721894 0.6479289940828402
39 0.2869822485207101 0.07988165680473373 0.6331360946745562
40 0.30177514792899407 0.08284023668639054 0.6153846153846154
41 0.31952662721893493 0.08579881656804733 0.5946745562130178
42 0.34023668639053256 0.08284023668639054 0.5769230769230769
43 0.35798816568047337 0.09023668639053255 0.5517751479289941
44 0.3727810650887574 0.08727810650887574 0.5399408284023669
45 0.3831360946745562 0.09763313609467456 0.5192307692307693
46 0.41124260355029585 0.09023668639053255 0.4985207100591716
47 0.43047337278106507 0.08431952662721894 0.48520710059171596
48 0.4423076923076923 0.09319526627218935 0.46449704142011833
49 0.4556213017751479 0.09467455621301775 0.44970414201183434
50 0.47041420118343197 0.10355029585798817 0.4260355029585799
51 0.4881656804733728 0.09763313609467456 0.41420118343195267
52 0.5133136094674556 0.08284023668639054 0.40384615384615385
53 0.5384615384615384 0.07840236686390532 0.3831360946745562
54 0.5532544378698225 0.07840236686390532 0.3683431952662722
55 0.5636094674556213 0.08875739644970414 0.34763313609467456
56 0.5769230769230769 0.09023668639053255 0.3328402366863905
57 0.599112426035503 0.09171597633136094 0.3091715976331361
58 0.6198224852071006 0.08875739644970414 0.29142011834319526
59 0.6331360946745562 0.09023668639053255 0.27662721893491127
60 0.6538461538461539 0.08136094674556213 0.26479289940828404
61 0.6686390532544378 0.08284023668639054 0.2485207100591716
62 0.6789940828402367 0.08875739644970414 0.23224852071005916
63 0.7011834319526628 0.07396449704142012 0.22485207100591717
64 0.7159763313609467 0.06656804733727811 0.21745562130177515
65 0.7292899408284024 0.06656804733727811 0.20414201183431951
66 0.7411242603550295 0.07248520710059171 0.1863905325443787
67 0.75 0.07840236686390532 0.17159763313609466
68 0.764792899408284 0.07396449704142012 0.16124260355029585
69 0.7810650887573964 0.06804733727810651 0.15088757396449703
70 0.7928994082840237 0.0621301775147929 0.14497041420118342
71 0.8076923076923077 0.05473372781065089 0.13757396449704143
72 0.8121301775147929 0.05917159763313609 0.128698224852071
73 0.8254437869822485 0.05325443786982249 0.12130177514792899
74 0.834319526627219 0.05029585798816568 0.11538461538461539
75 0.8431952662721893 0.047337278106508875 0.10946745562130178
76 0.8520710059171598 0.04585798816568047 0.10207100591715976
77 0.8653846153846154 0.03550295857988166 0.09911242603550297
78 0.8801775147928994 0.028106508875739646 0.09171597633136094
79 0.8890532544378699 0.023668639053254437 0.08727810650887574
80 0.8920118343195266 0.022189349112426034 0.08579881656804733
81 0.8949704142011834 0.019230769230769232 0.08579881656804733
82 0.8994082840236687 0.014792899408284023 0.08579881656804733
83 0.9023668639053254 0.013313609467455622 0.08431952662721894
84 0.9023668639053254 0.016272189349112426 0.08136094674556213
85 0.9053254437869822 0.013313609467455622 0.08136094674556213
86 0.908284023668639 0.010355029585798817 0.08136094674556213
87 0.9097633136094675 0.008875739644970414 0.08136094674556213
88 0.9112426035502958 0.0073964497041420114 0.08136094674556213
89 0.9142011834319527 0.004437869822485207 0.08136094674556213
90 0.915680473372781 0.0029585798816568047 0.08136094674556213
91 0.915680473372781 0.0029585798816568047 0.08136094674556213
92 0.9171597633136095 0.0014792899408284023 0.08136094674556213
93 0.9171597633136095 0.0014792899408284023 0.08136094674556213
94 0.9171597633136095 0.0014792899408284023 0.08136094674556213
95 0.9186390532544378 0.0 0.08136094674556213
96 0.9186390532544378 0.0 0.08136094674556213
97 0.9186390532544378 0.0 0.08136094674556213
98 0.9186390532544378 0.0 0.08136094674556213
99 0.9186390532544378 0.0 0.08136094674556213
100 0.9186390532544378 0.0 0.08136094674556213
101 0.9186390532544378 0.0 0.08136094674556213
102 0.9186390532544378 0.0 0.08136094674556213
103 0.9186390532544378 0.0 0.08136094674556213
104 0.9186390532544378 0.0 0.08136094674556213
105 0.9186390532544378 0.0 0.08136094674556213
106 0.915680473372781 0.0029585798816568047 0.08136094674556213
107 0.9186390532544378 0.0 0.08136094674556213
108 0.9186390532544378 0.0 0.08136094674556213
109 0.0 0.9186390532544378 0.08136094674556213
110 0.0 0.9186390532544378 0.08136094674556213
111 0.0 0.0 1.0
112 0.0 0.0 1.0
113 0.0 0.0 1.0
114 0.0 0.0 1.0
115 0.0 0.0 1.0
116 0.0 0.0 1.0
117 0.0 0.0 1.0
118 0.0 0.0 1.0
119 0.0 0.0 1.0
120 0.0 0.0 1.0
121 0.0 0.0 1.0
122 0.0 0.0 1.0
123 0.0 0.0 1.0
124 0.0 0.0 1.0
125 0.0 0.0 1.0
126 0.0 0.0 1.0
127 0.0 0.0 1.0
128 0.0 0.0 1.0
129 0.0 0.0 1.0
130 0.0 0.0 1.0
131 0.0 0.0 1.0
132 0.0 0.0 1.0
133 0.0 0.0 1.0
134 0.0 0.0 1.0
135 0.0 0.0 1.0
136 0.0 0.0 1.0
137 0.0 0.0 1.0
138 0.0 0.0 1.0
139 0.0 0.0 1.0
140 0.0 0.0 1.0
141 0.0 0.0 1.0
142 0.0 0.0 1.0
143 0.0 0.0 1.0
144 0.0 0.0 1.0
145 0.0 0.0 1.0
146 0.0 0.0 1.0
147 0.0 0.0 1.0
148 0.0 0.0 1.0
149 0.0 0.0 1.0
150 0.0 0.0 1.0
151 0.0 0.0 1.0
152 0.0 0.0 1.0
153 0.0 0.0 1.0
154 0.0 0.0 1.0
155 0.0 0.0 1.0
156 0.0 0.0 1.0
157 0.0 0.0 1.0
158 0.0 0.0 1.0
159 0.0 0.0 1.0
160 0.0 0.0 1.0
161 0.0 0.0 1.0
162 0.0 0.0 1.0
163 0.0 0.0 1.0
164 0.0 0.0 1.0
165 0.0 0.0 1.0
166 0.0 0.0 1.0
167 0.0 0.0 1.0
168 0.0 0.0 1.0
169 0.0 0.0 1.0
170 0.0 0.0 1.0
171 0.0 0.0 1.0
172 0.0 0.0 1.0
173 0.0 0.0 1.0
174 0.0 0.0 1.0
175 0.0 0.0 1.0
176 0.0 0.0 1.0
177 0.0 0.0 1.0
178 0.0 0.0 1.0
179 0.0 0.0 1.0
180 0.0 0.0 1.0
181 0.0 0.0 1.0
182 0.0 0.0 1.0
183 0.0 0.0 1.0
184 0.0 0.0 1.0
185 0.0 0.0 1.0
186 0.0 0.0 1.0
187 0.0 0.0 1.0
188 0.0 0.0 1.0
189 0.0 0.0 1.0
190 0.0 0.0 1.0
191 0.0 0.0 1.0
192 0.0 0.0 1.0
193 0.0 0.0 1.0
194 0.0 0.0 1.0
195 0.0 0.0 1.0
196 0.0 0.0 1.0
197 0.0 0.0 1.0
198 0.0 0.0 1.0
199 0.0 0.0 1.0
200 0.0 0.0 1.0
201 0.0 0.0 1.0
202 0.0 0.0 1.0
203 0.0 0.0 1.0
204 0.0 0.0 1.0
205 0.0 0.0 1.0
206 0.0 0.0 1.0
207 0.0 0.0 1.0
208 0.0 0.0 1.0
209 0.0 0.0 1.0
210 0.0 0.0 1.0
211 0.0 0.0 1.0
212 0.0 0.0 1.0
213 0.0 0.0 1.0
214 0.0 0.0 1.0
215 0.0 0.0 1.0
216 0.0 0.0 1.0
217 0.0 0.0 1.0
218 0.0 0.0 1.0
219 0.0 0.0 1.0
220 0.0 0.0 1.0
221 0.0 0.0 1.0
222 0.0 0.0 1.0
223 0.0 0.0 1.0
224 0.0 0.0 1.0
225 0.0 0.0 1.0
226 0.0 0.0 1.0
227 0.0 0.0 1.0
228 0.0 0.0 1.0
229 0.0 0.0 1.0
230 0.0 0.0 1.0
231 0.0 0.0 1.0
232 0.0 0.0 1.0
233 0.0 0.0 1.0
234 0.0 0.0 1.0
235 0.0 0.0 1.0
236 0.0 0.0 1.0
237 0.0 0.0 1.0
238 0.0 0.0 1.0
239 0.0 0.0 1.0
240 0.0 0.0 1.0
241 0.0 0.0 1.0
242 0.0 0.0 1.0
243 0.0 0.0 1.0
244 0.0 0.0 1.0
245 0.0 0.0 1.0
246 0.0 0.0 1.0
247 0.0 0.0 1.0
248 0.0 0.0 1.0
249 0.0 0.0 1.0
250 0.0 0.0 1.0
251 0.0 0.0 1.0
252 0.0 0.0 1.0
253 0.0 0.0 1.0
254 0.0 0.0 1.0
255 0.0 0.0 1.0
256 0.0 0.0 1.0
257 0.0 0.0 1.0
258 0.0 0.0 1.0
259 0.0 0.0 1.0
260 0.0 0.0 1.0
261 0.0 0.0 1.0
262 0.0 0.0 1.0
263 0.0 0.0 1.0
264 0.0 0.0 1.0
265 0.0 0.0 1.0
266 0.0 0.0 1.0
267 0.0 0.0 1.0
268 0.0 0.0 1.0
269 0.0 0.0 1.0
270 0.0 0.0 1.0
271 0.0 0.0 1.0
272 0.0 0.0 1.0
273 0.0 0.0 1.0
274 0.0 0.0 1.0
275 0.0 0.0 1.0
276 0.0 0.0 1.0
277 0.0 0.0 1.0
278 0.0 0.0 1.0
279 0.0 0.0 1.0
280 0.0 0.0 1.0
281 0.0 0.0 1.0
282 0.0 0.0 1.0
283 0.0 0.0 1.0
284 0.0 0.0 1.0
285 0.0 0.0 1.0
286 0.0 0.0 1.0
287 0.0 0.0 1.0
288 0.0 0.0 1.0
289 0.0 0.0 1.0
290 0.0 0.0 1.0
291 0.0 0.0 1.0
292 0.0 0.0 1.0
293 0.0 0.0 1.0
294 0.0 0.0 1.0
295 0.0 0.0 1.0
296 0.0 0.0 1.0
297 0.0 0.0 1.0
298 0.0 0.0 1.0
299 0.0 0.0 1.0
300 0.0 0.0 1.0
