0 0.0014792899408284023 0.0 0.9985207100591716
1 0.0029585798816568047 0.005917159763313609 0.9911242603550295
2 0.0029585798816568047 0.011834319526627219 0.985207100591716
3 0.0029585798816568047 0.016272189349112426 0.9807692307692307
4 0.0029585798816568047 0.019230769230769232 0.977810650887574
5 0.0029585798816568047 0.022189349112426034 0.9748520710059172
6 0.004437869822485207 0.028106508875739646 0.9674556213017751
7 0.005917159763313609 0.028106508875739646 0.9659763313609467
8 0.005917159763313609 0.028106508875739646 0.9659763313609467
9 0.0073964497041420114 0.03254437869822485 0.9600591715976331
10 0.008875739644970414 0.034023668639053255 0.9571005917159763
11 0.010355029585798817 0.03698224852071006 0.9526627218934911
12 0.011834319526627219 0.04437869822485207 0.9437869822485208
13 0.011834319526627219 0.051775147928994084 0.9363905325443787
14 0.011834319526627219 0.0650887573964497 0.9230769230769231
15 0.013313609467455622 0.07396449704142012 0.9127218934911243
16 0.013313609467455622 0.08136094674556213 0.9053254437869822
17 0.020710059171597635 0.07840236686390532 0.900887573964497
18 0.022189349112426034 0.08875739644970414 0.8890532544378699
19 0.028106508875739646 0.09763313609467456 0.8742603550295858
20 0.03106508875739645 0.10059171597633136 0.8683431952662722
21 0.03254437869822485 0.11094674556213018 0.856508875739645
22 0.03698224852071006 0.11538461538461539 0.8476331360946746
23 0.03698224852071006 0.11982248520710059 0.8431952662721893
24 0.047337278106508875 0.11982248520710059 0.8328402366863905
25 0.04881656804733728 0.12721893491124261 0.8239644970414202
26 0.051775147928994084 0.14053254437869822 0.8076923076923077
27 0.05473372781065089 0.15088757396449703 0.7943786982248521
28 0.06656804733727811 0.15236686390532544 0.7810650887573964
29 0.07544378698224852 0.15532544378698224 0.7692307692307693
30 0.07840236686390532 0.16715976331360946 0.7544378698224852
31 0.08431952662721894 0.1760355029585799 0.7396449704142012
32 0.09763313609467456 0.1760355029585799 0.7263313609467456
33 0.10355029585798817 0.1834319526627219 0.7130177514792899
34 0.11390532544378698 0.19822485207100593 0.6878698224852071
35 0.1346153846153846 0.1952662721893491 0.6701183431952663
36 0.14201183431952663 0.20266272189349113 0.6553254437869822
37 0.15532544378698224 0.20857988165680474 0.636094674556213
38 0.16124260355029585 0.22041420118343194 0.6183431952662722
39 0.17011834319526628 0.23520710059171598 0.5946745562130178
40 0.17899408284023668 0.25 0.5710059171597633
41 0.1893491124260355 0.2588757396449704 0.5517751479289941
42 0.20118343195266272 0.27366863905325445 0.5251479289940828
43 0.21153846153846154 0.2958579881656805 0.492603550295858
44 0.22189349112426035 0.30177514792899407 0.47633136094674555
45 0.23372781065088757 0.3106508875739645 0.4556213017751479
46 0.2529585798816568 0.3150887573964497 0.4319526627218935
47 0.26331360946745563 0.3254437869822485 0.41124260355029585
48 0.28254437869822485 0.32840236686390534 0.3890532544378698
49 0.2958579881656805 0.33136094674556216 0.3727810650887574
50 0.3165680473372781 0.3224852071005917 0.3609467455621302
51 0.32840236686390534 0.3239644970414201 0.34763313609467456
52 0.34615384615384615 0.3269230769230769 0.3269230769230769
53 0.3594674556213018 0.3343195266272189 0.3062130177514793
54 0.38461538461538464 0.3239644970414201 0.29142011834319526
55 0.39644970414201186 0.34467455621301774 0.2588757396449704
56 0.41420118343195267 0.34911242603550297 0.23668639053254437
57 0.4423076923076923 0.33579881656804733 0.22189349112426035
58 0.46745562130177515 0.3328402366863905 0.1997041420118343
59 0.4940828402366864 0.3165680473372781 0.1893491124260355
60 0.5088757396449705 0.3180473372781065 0.17307692307692307
61 0.5295857988165681 0.3136094674556213 0.15680473372781065
62 0.5428994082840237 0.3091715976331361 0.14792899408284024
63 0.5636094674556213 0.2958579881656805 0.14053254437869822
64 0.5769230769230769 0.28846153846153844 0.1346153846153846
65 0.591715976331361 0.28254437869822485 0.1257396449704142
66 0.6109467455621301 0.27662721893491127 0.11242603550295859
67 0.6301775147928994 0.26331360946745563 0.10650887573964497
68 0.6479289940828402 0.2470414201183432 0.10502958579881656
69 0.6671597633136095 0.23372781065088757 0.09911242603550297
70 0.6804733727810651 0.22485207100591717 0.09467455621301775
71 0.6967455621301775 0.21301775147928995 0.09023668639053255
72 0.7233727810650887 0.1908284023668639 0.08579881656804733
73 0.7411242603550295 0.17307692307692307 0.08579881656804733
74 0.7455621301775148 0.17011834319526628 0.08431952662721894
75 0.7588757396449705 0.15828402366863906 0.08284023668639054
76 0.7736686390532544 0.14349112426035504 0.08284023668639054
77 0.7943786982248521 0.1242603550295858 0.08136094674556213
78 0.8017751479289941 0.11686390532544379 0.08136094674556213
79 0.8150887573964497 0.10355029585798817 0.08136094674556213
80 0.8254437869822485 0.09319526627218935 0.08136094674556213
81 0.8387573964497042 0.07988165680473373 0.08136094674556213
82 0.849112426035503 0.0695266272189349 0.08136094674556213
83 0.8594674556213018 0.05917159763313609 0.08136094674556213
84 0.8668639053254438 0.051775147928994084 0.08136094674556213
85 0.8742603550295858 0.04437869822485207 0.08136094674556213
86 0.8846153846153846 0.034023668639053255 0.08136094674556213
87 0.8905325443786982 0.028106508875739646 0.08136094674556213
88 0.893491124260355 0.02514792899408284 0.08136094674556213
89 0.8979289940828402 0.020710059171597635 0.08136094674556213
90 0.900887573964497 0.01775147928994083 0.08136094674556213
91 0.9053254437869822 0.013313609467455622 0.08136094674556213
92 0.9068047337278107 0.011834319526627219 0.08136094674556213
93 0.8890532544378699 0.029585798816568046 0.08136094674556213
94 0.8964497041420119 0.022189349112426034 0.08136094674556213
95 0.8994082840236687 0.019230769230769232 0.08136094674556213
96 0.900887573964497 0.01775147928994083 0.08136094674556213
97 0.9038461538461539 0.014792899408284023 0.08136094674556213
98 0.8505917159763313 0.06656804733727811 0.08284023668639054
99 0.8594674556213018 0.057692307692307696 0.08284023668639054
100 0.8653846153846154 0.05325443786982249 0.08136094674556213
101 0.8698224852071006 0.04881656804733728 0.08136094674556213
102 0.8727810650887574 0.04585798816568047 0.08136094674556213
103 0.878698224852071 0.03994082840236687 0.08136094674556213
104 0.8816568047337278 0.03698224852071006 0.08136094674556213
105 0.8831360946745562 0.03550295857988166 0.08136094674556213
106 0.0 0.9186390532544378 0.08136094674556213
107 0.0 0.9186390532544378 0.08136094674556213
108 0.0 0.9186390532544378 0.08136094674556213
109 0.0 0.9186390532544378 0.08136094674556213
110 0.0 0.9186390532544378 0.08136094674556213
111 0.0 0.9186390532544378 0.08136094674556213
112 0.0 0.9186390532544378 0.08136094674556213
113 0.0 0.9186390532544378 0.08136094674556213
114 0.0 0.9186390532544378 0.08136094674556213
115 0.0 0.9186390532544378 0.08136094674556213
116 0.0 0.9186390532544378 0.08136094674556213
117 0.0 0.9171597633136095 0.08284023668639054
118 0.0 0.9186390532544378 0.08136094674556213
119 0.0 0.9186390532544378 0.08136094674556213
120 0.0 0.9186390532544378 0.08136094674556213
121 0.0 0.9186390532544378 0.08136094674556213
122 0.0 0.9186390532544378 0.08136094674556213
123 0.0 0.9186390532544378 0.08136094674556213
124 0.0 0.9186390532544378 0.08136094674556213
125 0.0 0.9186390532544378 0.08136094674556213
126 0.0 0.9186390532544378 0.08136094674556213
127 0.0 0.9186390532544378 0.08136094674556213
128 0.0 0.0 1.0
129 0.0 0.0 1.0
130 0.0 0.0 1.0
131 0.0 0.0 1.0
132 0.0 0.0 1.0
133 0.0 0.0 1.0
134 0.0 0.0 1.0
135 0.0 0.0 1.0
136 0.0 0.0 1.0
137 0.0 0.0 1.0
138 0.0 0.0 1.0
139 0.0 0.0 1.0
140 0.0 0.0 1.0
141 0.0 0.0 1.0
142 0.0 0.0 1.0
143 0.0 0.0 1.0
144 0.0 0.0 1.0
145 0.0 0.0 1.0
146 0.0 0.0 1.0
147 0.0 0.0 1.0
148 0.0 0.0 1.0
149 0.0 0.0 1.0
150 0.0 0.0 1.0
151 0.0 0.0 1.0
152 0.0 0.0 1.0
153 0.0 0.0 1.0
154 0.0 0.0 1.0
155 0.0 0.0 1.0
156 0.0 0.0 1.0
157 0.0 0.0 1.0
158 0.0 0.0 1.0
159 0.0 0.0 1.0
160 0.0 0.0 1.0
161 0.0 0.0 1.0
162 0.0 0.0 1.0
163 0.0 0.0 1.0
164 0.0 0.0 1.0
165 0.0 0.0 1.0
166 0.0 0.0 1.0
167 0.0 0.0 1.0
168 0.0 0.0 1.0
169 0.0 0.0 1.0
170 0.0 0.0 1.0
171 0.0 0.0 1.0
172 0.0 0.0 1.0
173 0.0 0.0 1.0
174 0.0 0.0 1.0
175 0.0 0.0 1.0
176 0.0 0.0 1.0
177 0.0 0.0 1.0
178 0.0 0.0 1.0
179 0.0 0.0 1.0
180 0.0 0.0 1.0
181 0.0 0.0 1.0
182 0.0 0.0 1.0
183 0.0 0.0 1.0
184 0.0 0.0 1.0
185 0.0 0.0 1.0
186 0.0 0.0 1.0
187 0.0 0.0 1.0
188 0.0 0.0 1.0
189 0.0 0.0 1.0
190 0.0 0.0 1.0
191 0.0 0.0 1.0
192 0.0 0.0 1.0
193 0.0 0.0 1.0
194 0.0 0.0 1.0
195 0.0 0.0 1.0
196 0.0 0.0 1.0
197 0.0 0.0 1.0
198 0.0 0.0 1.0
199 0.0 0.0 1.0
200 0.0 0.0 1.0
201 0.0 0.0 1.0
202 0.0 0.0 1.0
203 0.0 0.0 1.0
204 0.0 0.0 1.0
205 0.0 0.0 1.0
206 0.0 0.0 1.0
207 0.0 0.0 1.0
208 0.0 0.0 1.0
209 0.0 0.0 1.0
210 0.0 0.0 1.0
211 0.0 0.0 1.0
212 0.0 0.0 1.0
213 0.0 0.0 1.0
214 0.0 0.0 1.0
215 0.0 0.0 1.0
216 0.0 0.0 1.0
217 0.0 0.0 1.0
218 0.0 0.0 1.0
219 0.0 0.0 1.0
220 0.0 0.0 1.0
221 0.0 0.0 1.0
222 0.0 0.0 1.0
223 0.0 0.0 1.0
224 0.0 0.0 1.0
225 0.0 0.0 1.0
226 0.0 0.0 1.0
227 0.0 0.0 1.0
228 0.0 0.0 1.0
229 0.0 0.0 1.0
230 0.0 0.0 1.0
231 0.0 0.0 1.0
232 0.0 0.0 1.0
233 0.0 0.0 1.0
234 0.0 0.0 1.0
235 0.0 0.0 1.0
236 0.0 0.0 1.0
237 0.0 0.0 1.0
238 0.0 0.0 1.0
239 0.0 0.0 1.0
240 0.0 0.0 1.0
241 0.0 0.0 1.0
242 0.0 0.0 1.0
243 0.0 0.0 1.0
244 0.0 0.0 1.0
245 0.0 0.0 1.0
246 0.0 0.0 1.0
247 0.0 0.0 1.0
248 0.0 0.0 1.0
249 0.0 0.0 1.0
250 0.0 0.0 1.0
251 0.0 0.0 1.0
252 0.0 0.0 1.0
253 0.0 0.0 1.0
254 0.0 0.0 1.0
255 0.0 0.0 1.0
256 0.0 0.0 1.0
257 0.0 0.0 1.0
258 0.0 0.0 1.0
259 0.0 0.0 1.0
260 0.0 0.0 1.0
261 0.0 0.0 1.0
262 0.0 0.0 1.0
263 0.0 0.0 1.0
264 0.0 0.0 1.0
265 0.0 0.0 1.0
266 0.0 0.0 1.0
267 0.0 0.0 1.0
268 0.0 0.0 1.0
269 0.0 0.0 1.0
270 0.0 0.0 1.0
271 0.0 0.0 1.0
272 0.0 0.0 1.0
273 0.0 0.0 1.0
274 0.0 0.0 1.0
275 0.0 0.0 1.0
276 0.0 0.0 1.0
277 0.0 0.0 1.0
278 0.0 0.0 1.0
279 0.0 0.0 1.0
280 0.0 0.0 1.0
281 0.0 0.0 1.0
282 0.0 0.0 1.0
283 0.0 0.0 1.0
284 0.0 0.0 1.0
285 0.0 0.0 1.0
286 0.0 0.0 1.0
287 0.0 0.0 1.0
288 0.0 0.0 1.0
289 0.0 0.0 1.0
290 0.0 0.0 1.0
291 0.0 0.0 1.0
292 0.0 0.0 1.0
293 0.0 0.0 1.0
294 0.0 0.0 1.0
295 0.0 0.0 1.0
296 0.0 0.0 1.0
297 0.0 0.0 1.0
298 0.0 0.0 1.0
299 0.0 0.0 1.0
300 0.0 0.0 1.0
