0 0.0014792899408284023 0.0 0.9985207100591716
1 0.0014792899408284023 0.0 0.9985207100591716
2 0.0014792899408284023 0.0 0.9985207100591716
3 0.0014792899408284023 0.0 0.9985207100591716
4 0.0014792899408284023 0.0 0.9985207100591716
5 0.0014792899408284023 0.0 0.9985207100591716
6 0.0014792899408284023 0.0 0.9985207100591716
7 0.0014792899408284023 0.0 0.9985207100591716
8 0.0014792899408284023 0.0 0.9985207100591716
9 0.0014792899408284023 0.0014792899408284023 0.9970414201183432
10 0.0014792899408284023 0.004437869822485207 0.9940828402366864
11 0.0029585798816568047 0.004437869822485207 0.992603550295858
12 0.004437869822485207 0.0029585798816568047 0.992603550295858
13 0.005917159763313609 0.0029585798816568047 0.9911242603550295
14 0.0073964497041420114 0.004437869822485207 0.9881656804733728
15 0.008875739644970414 0.004437869822485207 0.9866863905325444
16 0.011834319526627219 0.0014792899408284023 0.9866863905325444
17 0.013313609467455622 0.0029585798816568047 0.9837278106508875
18 0.013313609467455622 0.0073964497041420114 0.9792899408284024
19 0.016272189349112426 0.010355029585798817 0.9733727810650887
20 0.01775147928994083 0.013313609467455622 0.9689349112426036
21 0.022189349112426034 0.008875739644970414 0.9689349112426036
22 0.026627218934911243 0.0073964497041420114 0.9659763313609467
23 0.03106508875739645 0.005917159763313609 0.9630177514792899
24 0.03106508875739645 0.013313609467455622 0.9556213017751479
25 0.03698224852071006 0.016272189349112426 0.9467455621301775
26 0.03994082840236687 0.016272189349112426 0.9437869822485208
27 0.04881656804733728 0.016272189349112426 0.9349112426035503
28 0.05473372781065089 0.013313609467455622 0.9319526627218935
29 0.060650887573964495 0.011834319526627219 0.9275147928994083
30 0.06360946745562131 0.01775147928994083 0.9186390532544378
31 0.06656804733727811 0.01775147928994083 0.915680473372781
32 0.07248520710059171 0.022189349112426034 0.9053254437869822
33 0.08136094674556213 0.019230769230769232 0.8994082840236687
34 0.08579881656804733 0.020710059171597635 0.893491124260355
35 0.09319526627218935 0.022189349112426034 0.8846153846153846
36 0.10207100591715976 0.028106508875739646 0.8698224852071006
37 0.10946745562130178 0.028106508875739646 0.8624260355029586
38 0.11538461538461539 0.03106508875739645 0.8535502958579881
39 0.128698224852071 0.022189349112426034 0.849112426035503
40 0.13609467455621302 0.023668639053254437 0.8402366863905325
41 0.14644970414201183 0.019230769230769232 0.834319526627219
42 0.15384615384615385 0.020710059171597635 0.8254437869822485
43 0.15976331360946747 0.020710059171597635 0.8195266272189349
44 0.17307692307692307 0.01775147928994083 0.8091715976331361
45 0.17751479289940827 0.019230769230769232 0.8032544378698225
46 0.1834319526627219 0.023668639053254437 0.7928994082840237
47 0.1878698224852071 0.028106508875739646 0.7840236686390533
48 0.1952662721893491 0.022189349112426034 0.7825443786982249
49 0.20562130177514792 0.020710059171597635 0.7736686390532544
50 0.21005917159763313 0.022189349112426034 0.7677514792899408
51 0.21745562130177515 0.020710059171597635 0.7618343195266272
52 0.22041420118343194 0.03106508875739645 0.7485207100591716
53 0.23076923076923078 0.028106508875739646 0.7411242603550295
54 0.24260355029585798 0.02514792899408284 0.7322485207100592
55 0.2455621301775148 0.026627218934911243 0.727810650887574
56 0.2588757396449704 0.019230769230769232 0.7218934911242604
57 0.26479289940828404 0.022189349112426034 0.7130177514792899
58 0.27218934911242604 0.023668639053254437 0.7041420118343196
59 0.27958579881656803 0.026627218934911243 0.6937869822485208
60 0.2869822485207101 0.029585798816568046 0.6834319526627219
61 0.2973372781065089 0.03254437869822485 0.6701183431952663
62 0.30029585798816566 0.03254437869822485 0.6671597633136095
63 0.3106508875739645 0.03106508875739645 0.658284023668639
64 0.3210059171597633 0.028106508875739646 0.650887573964497
65 0.32840236686390534 0.03254437869822485 0.6390532544378699
66 0.3328402366863905 0.03254437869822485 0.6346153846153846
67 0.34467455621301774 0.03106508875739645 0.6242603550295858
68 0.35502958579881655 0.028106508875739646 0.6168639053254438
69 0.3594674556213018 0.03106508875739645 0.6094674556213018
70 0.3683431952662722 0.03106508875739645 0.6005917159763313
71 0.3772189349112426 0.03550295857988166 0.5872781065088757
72 0.386094674556213 0.03550295857988166 0.5784023668639053
73 0.39349112426035504 0.034023668639053255 0.5724852071005917
74 0.40532544378698226 0.03698224852071006 0.5576923076923077
75 0.41863905325443784 0.034023668639053255 0.5473372781065089
76 0.4230769230769231 0.03550295857988166 0.5414201183431953
77 0.4378698224852071 0.034023668639053255 0.5281065088757396
78 0.4467455621301775 0.034023668639053255 0.5192307692307693
79 0.45710059171597633 0.042899408284023666 0.5
80 0.4630177514792899 0.04142011834319527 0.49556213017751477
81 0.4718934911242604 0.04437869822485207 0.48372781065088755
82 0.48372781065088755 0.04142011834319527 0.47485207100591714
83 0.4970414201183432 0.03994082840236687 0.4630177514792899
84 0.5133136094674556 0.03550295857988166 0.4511834319526627
85 0.5236686390532544 0.04142011834319527 0.4349112426035503
86 0.5295857988165681 0.04142011834319527 0.4289940828402367
87 0.5458579881656804 0.038461538461538464 0.4156804733727811
88 0.5606508875739645 0.03698224852071006 0.40236686390532544
89 0.5710059171597633 0.034023668639053255 0.39497041420118345
90 0.5739644970414202 0.04585798816568047 0.3801775147928994
91 0.5872781065088757 0.04585798816568047 0.3668639053254438
92 0.6020710059171598 0.04585798816568047 0.3520710059171598
93 0.6168639053254438 0.04585798816568047 0.33727810650887574
94 0.6272189349112426 0.042899408284023666 0.32988165680473375
95 0.636094674556213 0.042899408284023666 0.3210059171597633
96 0.6494082840236687 0.04585798816568047 0.3047337278106509
97 0.6642011834319527 0.04881656804733728 0.2869822485207101
98 0.6760355029585798 0.04881656804733728 0.27514792899408286
99 0.6863905325443787 0.04585798816568047 0.2677514792899408
100 0.6952662721893491 0.047337278106508875 0.257396449704142
101 0.7041420118343196 0.04881656804733728 0.2470414201183432
102 0.7189349112426036 0.051775147928994084 0.22928994082840237
103 0.7381656804733728 0.04437869822485207 0.21745562130177515
104 0.7440828402366864 0.051775147928994084 0.20414201183431951
105 0.7588757396449705 0.05029585798816568 0.1908284023668639
106 0.7677514792899408 0.04585798816568047 0.1863905325443787
107 0.7840236686390533 0.03550295857988166 0.1804733727810651
108 0.7958579881656804 0.03106508875739645 0.17307692307692307
109 0.8062130177514792 0.026627218934911243 0.16715976331360946
110 0.8165680473372781 0.023668639053254437 0.15976331360946747
111 0.8224852071005917 0.022189349112426034 0.15532544378698224
112 0.8298816568047337 0.023668639053254437 0.14644970414201183
113 0.8298816568047337 0.029585798816568046 0.14053254437869822
114 0.8372781065088757 0.02514792899408284 0.13757396449704143
115 0.8461538461538461 0.02514792899408284 0.128698224852071
116 0.8505917159763313 0.022189349112426034 0.12721893491124261
117 0.856508875739645 0.020710059171597635 0.1227810650887574
118 0.863905325443787 0.01775147928994083 0.11834319526627218
119 0.8698224852071006 0.013313609467455622 0.11686390532544379
120 0.871301775147929 0.013313609467455622 0.11538461538461539
121 0.8742603550295858 0.016272189349112426 0.10946745562130178
122 0.8742603550295858 0.01775147928994083 0.10798816568047337
123 0.8816568047337278 0.013313609467455622 0.10502958579881656
124 0.8816568047337278 0.014792899408284023 0.10355029585798817
125 0.8816568047337278 0.01775147928994083 0.10059171597633136
126 0.8875739644970414 0.011834319526627219 0.10059171597633136
127 0.8875739644970414 0.014792899408284023 0.09763313609467456
128 0.8949704142011834 0.010355029585798817 0.09467455621301775
129 0.8949704142011834 0.010355029585798817 0.09467455621301775
130 0.8949704142011834 0.013313609467455622 0.09171597633136094
131 0.8949704142011834 0.011834319526627219 0.09319526627218935
132 0.8979289940828402 0.011834319526627219 0.09023668639053255
133 0.8979289940828402 0.010355029585798817 0.09171597633136094
134 0.8994082840236687 0.010355029585798817 0.09023668639053255
135 0.8994082840236687 0.011834319526627219 0.08875739644970414
136 0.8994082840236687 0.013313609467455622 0.08727810650887574
137 0.8994082840236687 0.011834319526627219 0.08875739644970414
138 0.8875739644970414 0.020710059171597635 0.09171597633136094
139 0.8742603550295858 0.03254437869822485 0.09319526627218935
140 0.8269230769230769 0.07988165680473373 0.09319526627218935
141 0 0 0
142 0 0 0
143 0 0 0
144 0 0 0
145 0 0 0
146 0 0 0
147 0 0 0
148 0 0 0
149 0 0 0
150 0 0 0
151 0 0 0
152 0 0 0
153 0 0 0
154 0 0 0
155 0 0 0
156 0 0 0
157 0 0 0
158 0 0 0
159 0 0 0
160 0 0 0
161 0 0 0
162 0 0 0
163 0 0 0
164 0 0 0
165 0 0 0
166 0 0 0
167 0 0 0
168 0 0 0
169 0 0 0
170 0 0 0
171 0 0 0
172 0 0 0
173 0 0 0
174 0 0 0
175 0 0 0
176 0 0 0
177 0 0 0
178 0 0 0
179 0 0 0
180 0 0 0
181 0 0 0
182 0 0 0
183 0 0 0
184 0 0 0
185 0 0 0
186 0 0 0
187 0 0 0
188 0 0 0
189 0 0 0
190 0 0 0
191 0 0 0
192 0 0 0
193 0 0 0
194 0 0 0
195 0 0 0
196 0 0 0
197 0 0 0
198 0 0 0
199 0 0 0
200 0 0 0
201 0 0 0
202 0 0 0
203 0 0 0
204 0 0 0
205 0 0 0
206 0 0 0
207 0 0 0
208 0 0 0
209 0 0 0
210 0 0 0
211 0 0 0
212 0 0 0
213 0 0 0
214 0 0 0
215 0 0 0
216 0 0 0
217 0 0 0
218 0 0 0
219 0 0 0
220 0 0 0
221 0 0 0
222 0 0 0
223 0 0 0
224 0 0 0
225 0 0 0
226 0 0 0
227 0 0 0
228 0 0 0
229 0 0 0
230 0 0 0
231 0 0 0
232 0 0 0
233 0 0 0
234 0 0 0
235 0 0 0
236 0 0 0
237 0 0 0
238 0 0 0
239 0 0 0
240 0 0 0
241 0 0 0
242 0 0 0
243 0 0 0
244 0 0 0
245 0 0 0
246 0 0 0
247 0 0 0
248 0 0 0
249 0 0 0
250 0 0 0
251 0 0 0
252 0 0 0
253 0 0 0
254 0 0 0
255 0 0 0
256 0 0 0
257 0 0 0
258 0 0 0
259 0 0 0
260 0 0 0
261 0 0 0
262 0 0 0
263 0 0 0
264 0 0 0
265 0 0 0
266 0 0 0
267 0 0 0
268 0 0 0
269 0 0 0
270 0 0 0
271 0 0 0
272 0 0 0
273 0 0 0
274 0 0 0
275 0 0 0
276 0 0 0
277 0 0 0
278 0 0 0
279 0 0 0
280 0 0 0
281 0 0 0
282 0 0 0
283 0 0 0
284 0 0 0
285 0 0 0
286 0 0 0
287 0 0 0
288 0 0 0
289 0 0 0
290 0 0 0
291 0 0 0
292 0 0 0
293 0 0 0
294 0 0 0
295 0 0 0
296 0 0 0
297 0 0 0
298 0 0 0
299 0 0 0
300 0 0 0
