0 0.0014792899408284023 0.0 0.9985207100591716
1 0.0014792899408284023 0.0 0.9985207100591716
2 0.0014792899408284023 0.0 0.9985207100591716
3 0.0014792899408284023 0.004437869822485207 0.9940828402366864
4 0.004437869822485207 0.0029585798816568047 0.992603550295858
5 0.005917159763313609 0.0014792899408284023 0.992603550295858
6 0.0073964497041420114 0.004437869822485207 0.9881656804733728
7 0.0073964497041420114 0.005917159763313609 0.9866863905325444
8 0.008875739644970414 0.0073964497041420114 0.9837278106508875
9 0.013313609467455622 0.0029585798816568047 0.9837278106508875
10 0.013313609467455622 0.004437869822485207 0.9822485207100592
11 0.016272189349112426 0.008875739644970414 0.9748520710059172
12 0.019230769230769232 0.011834319526627219 0.9689349112426036
13 0.028106508875739646 0.0029585798816568047 0.9689349112426036
14 0.029585798816568046 0.008875739644970414 0.9615384615384616
15 0.03106508875739645 0.010355029585798817 0.9585798816568047
16 0.034023668639053255 0.013313609467455622 0.9526627218934911
17 0.038461538461538464 0.016272189349112426 0.9452662721893491
18 0.047337278106508875 0.013313609467455622 0.9393491124260355
19 0.05473372781065089 0.008875739644970414 0.9363905325443787
20 0.05621301775147929 0.013313609467455622 0.9304733727810651
21 0.0650887573964497 0.020710059171597635 0.9142011834319527
22 0.06804733727810651 0.022189349112426034 0.9097633136094675
23 0.07544378698224852 0.020710059171597635 0.9038461538461539
24 0.08579881656804733 0.01775147928994083 0.8964497041420119
25 0.09023668639053255 0.026627218934911243 0.8831360946745562
26 0.10059171597633136 0.029585798816568046 0.8698224852071006
27 0.11094674556213018 0.028106508875739646 0.8609467455621301
28 0.1242603550295858 0.020710059171597635 0.8550295857988166
29 0.1346153846153846 0.020710059171597635 0.8446745562130178
30 0.14497041420118342 0.016272189349112426 0.8387573964497042
31 0.14792899408284024 0.026627218934911243 0.8254437869822485
32 0.15532544378698224 0.028106508875739646 0.8165680473372781
33 0.16715976331360946 0.022189349112426034 0.8106508875739645
34 0.17455621301775148 0.019230769230769232 0.8062130177514792
35 0.1819526627218935 0.01775147928994083 0.8002958579881657
36 0.1878698224852071 0.02514792899408284 0.7869822485207101
37 0.1952662721893491 0.02514792899408284 0.7795857988165681
38 0.20562130177514792 0.019230769230769232 0.7751479289940828
39 0.21449704142011836 0.014792899408284023 0.7707100591715976
40 0.22189349112426035 0.020710059171597635 0.757396449704142
41 0.22633136094674555 0.028106508875739646 0.7455621301775148
42 0.23076923076923078 0.029585798816568046 0.7396449704142012
43 0.23816568047337278 0.028106508875739646 0.7337278106508875
44 0.2485207100591716 0.02514792899408284 0.7263313609467456
45 0.2588757396449704 0.02514792899408284 0.7159763313609467
46 0.26627218934911245 0.028106508875739646 0.7056213017751479
47 0.27662721893491127 0.022189349112426034 0.7011834319526628
48 0.28402366863905326 0.023668639053254437 0.6923076923076923
49 0.2958579881656805 0.019230769230769232 0.6849112426035503
50 0.2988165680473373 0.026627218934911243 0.6745562130177515
51 0.3091715976331361 0.026627218934911243 0.6642011834319527
52 0.3150887573964497 0.03106508875739645 0.6538461538461539
53 0.3224852071005917 0.03698224852071006 0.6405325443786982
54 0.33579881656804733 0.029585798816568046 0.6346153846153846
55 0.34763313609467456 0.029585798816568046 0.6227810650887574
56 0.35650887573964496 0.03106508875739645 0.6124260355029586
57 0.363905325443787 0.029585798816568046 0.606508875739645
58 0.3727810650887574 0.03106508875739645 0.5961538461538461
59 0.38461538461538464 0.03106508875739645 0.584319526627219
60 0.39497041420118345 0.03106508875739645 0.5739644970414202
61 0.40236686390532544 0.034023668639053255 0.5636094674556213
62 0.4156804733727811 0.028106508875739646 0.5562130177514792
63 0.42159763313609466 0.04585798816568047 0.5325443786982249
64 0.43047337278106507 0.04142011834319527 0.5281065088757396
65 0.4437869822485207 0.03994082840236687 0.5162721893491125
66 0.46005917159763315 0.03106508875739645 0.5088757396449705
67 0.46745562130177515 0.03994082840236687 0.492603550295858
68 0.47928994082840237 0.04585798816568047 0.47485207100591714
69 0.4911242603550296 0.038461538461538464 0.47041420118343197
70 0.5029585798816568 0.038461538461538464 0.45857988165680474
71 0.514792899408284 0.03994082840236687 0.4452662721893491
72 0.5251479289940828 0.04142011834319527 0.4334319526627219
73 0.5325443786982249 0.042899408284023666 0.4245562130177515
74 0.5488165680473372 0.038461538461538464 0.41272189349112426
75 0.5591715976331361 0.042899408284023666 0.3979289940828402
76 0.5680473372781065 0.04585798816568047 0.386094674556213
77 0.5784023668639053 0.047337278106508875 0.3742603550295858
78 0.5931952662721893 0.047337278106508875 0.3594674556213018
79 0.6094674556213018 0.042899408284023666 0.34763313609467456
80 0.6198224852071006 0.047337278106508875 0.3328402366863905
81 0.6331360946745562 0.04437869822485207 0.3224852071005917
82 0.6494082840236687 0.038461538461538464 0.3121301775147929
83 0.6642011834319527 0.034023668639053255 0.30177514792899407
84 0.6701183431952663 0.03994082840236687 0.28994082840236685
85 0.6789940828402367 0.04437869822485207 0.27662721893491127
86 0.6893491124260355 0.05029585798816568 0.2603550295857988
87 0.7071005917159763 0.04585798816568047 0.2470414201183432
88 0.7159763313609467 0.04585798816568047 0.23816568047337278
89 0.7322485207100592 0.04437869822485207 0.22337278106508876
90 0.7470414201183432 0.04881656804733728 0.20414201183431951
91 0.757396449704142 0.051775147928994084 0.1908284023668639
92 0.7662721893491125 0.05029585798816568 0.1834319526627219
93 0.7840236686390533 0.03994082840236687 0.1760355029585799
94 0.8002958579881657 0.03106508875739645 0.16863905325443787
95 0.8076923076923077 0.028106508875739646 0.16420118343195267
96 0.8180473372781065 0.028106508875739646 0.15384615384615385
97 0.8298816568047337 0.022189349112426034 0.14792899408284024
98 0.8328402366863905 0.020710059171597635 0.14644970414201183
99 0.8357988165680473 0.023668639053254437 0.14053254437869822
100 0.8461538461538461 0.019230769230769232 0.1346153846153846
101 0.8550295857988166 0.011834319526627219 0.13313609467455623
102 0.856508875739645 0.016272189349112426 0.12721893491124261
103 0.8609467455621301 0.019230769230769232 0.11982248520710059
104 0.8668639053254438 0.01775147928994083 0.11538461538461539
105 0.871301775147929 0.016272189349112426 0.11242603550295859
106 0.8727810650887574 0.019230769230769232 0.10798816568047337
107 0.8772189349112426 0.016272189349112426 0.10650887573964497
108 0.8831360946745562 0.013313609467455622 0.10355029585798817
109 0.8875739644970414 0.013313609467455622 0.09911242603550297
110 0.8890532544378699 0.013313609467455622 0.09763313609467456
111 0.8905325443786982 0.014792899408284023 0.09467455621301775
112 0.893491124260355 0.011834319526627219 0.09467455621301775
113 0.8964497041420119 0.013313609467455622 0.09023668639053255
114 0.8994082840236687 0.010355029585798817 0.09023668639053255
115 0.9023668639053254 0.010355029585798817 0.08727810650887574
116 0.9053254437869822 0.0073964497041420114 0.08727810650887574
117 0.908284023668639 0.0073964497041420114 0.08431952662721894
118 0.9112426035502958 0.004437869822485207 0.08431952662721894
119 0.9112426035502958 0.004437869822485207 0.08431952662721894
120 0.9127218934911243 0.005917159763313609 0.08136094674556213
121 0.9142011834319527 0.004437869822485207 0.08136094674556213
122 0.9142011834319527 0.004437869822485207 0.08136094674556213
123 0.915680473372781 0.0029585798816568047 0.08136094674556213
124 0.915680473372781 0.0029585798816568047 0.08136094674556213
125 0.9171597633136095 0.0014792899408284023 0.08136094674556213
126 0.9186390532544378 0.0 0.08136094674556213
127 0.9186390532544378 0.0 0.08136094674556213
128 0.9186390532544378 0.0 0.08136094674556213
129 0.9186390532544378 0.0 0.08136094674556213
130 0.9186390532544378 0.0 0.08136094674556213
131 0.9186390532544378 0.0 0.08136094674556213
132 0.9186390532544378 0.0 0.08136094674556213
133 0.9186390532544378 0.0 0.08136094674556213
134 0.9186390532544378 0.0 0.08136094674556213
135 0.9186390532544378 0.0 0.08136094674556213
136 0.9186390532544378 0.0 0.08136094674556213
137 0.9186390532544378 0.0 0.08136094674556213
138 0.9186390532544378 0.0 0.08136094674556213
139 0.9186390532544378 0.0 0.08136094674556213
140 0.9186390532544378 0.0 0.08136094674556213
141 0.9186390532544378 0.0 0.08136094674556213
142 0.9186390532544378 0.0 0.08136094674556213
143 0.9186390532544378 0.0 0.08136094674556213
144 0.9186390532544378 0.0 0.08136094674556213
145 0.9186390532544378 0.0 0.08136094674556213
146 0.9186390532544378 0.0 0.08136094674556213
147 0.9186390532544378 0.0 0.08136094674556213
148 0.9186390532544378 0.0 0.08136094674556213
149 0.9186390532544378 0.0 0.08136094674556213
150 0.9186390532544378 0.0 0.08136094674556213
151 0.9186390532544378 0.0 0.08136094674556213
152 0.9186390532544378 0.0 0.08136094674556213
153 0.915680473372781 0.0029585798816568047 0.08136094674556213
154 0.915680473372781 0.0029585798816568047 0.08136094674556213
155 0.9142011834319527 0.004437869822485207 0.08136094674556213
156 0 0 0
157 0 0 0
158 0 0 0
159 0 0 0
160 0 0 0
161 0 0 0
162 0 0 0
163 0 0 0
164 0 0 0
165 0 0 0
166 0 0 0
167 0 0 0
168 0 0 0
169 0 0 0
170 0 0 0
171 0 0 0
172 0 0 0
173 0 0 0
174 0 0 0
175 0 0 0
176 0 0 0
177 0 0 0
178 0 0 0
179 0 0 0
180 0 0 0
181 0 0 0
182 0 0 0
183 0 0 0
184 0 0 0
185 0 0 0
186 0 0 0
187 0 0 0
188 0 0 0
189 0 0 0
190 0 0 0
191 0 0 0
192 0 0 0
193 0 0 0
194 0 0 0
195 0 0 0
196 0 0 0
197 0 0 0
198 0 0 0
199 0 0 0
200 0 0 0
201 0 0 0
202 0 0 0
203 0 0 0
204 0 0 0
205 0 0 0
206 0 0 0
207 0 0 0
208 0 0 0
209 0 0 0
210 0 0 0
211 0 0 0
212 0 0 0
213 0 0 0
214 0 0 0
215 0 0 0
216 0 0 0
217 0 0 0
218 0 0 0
219 0 0 0
220 0 0 0
221 0 0 0
222 0 0 0
223 0 0 0
224 0 0 0
225 0 0 0
226 0 0 0
227 0 0 0
228 0 0 0
229 0 0 0
230 0 0 0
231 0 0 0
232 0 0 0
233 0 0 0
234 0 0 0
235 0 0 0
236 0 0 0
237 0 0 0
238 0 0 0
239 0 0 0
240 0 0 0
241 0 0 0
242 0 0 0
243 0 0 0
244 0 0 0
245 0 0 0
246 0 0 0
247 0 0 0
248 0 0 0
249 0 0 0
250 0 0 0
251 0 0 0
252 0 0 0
253 0 0 0
254 0 0 0
255 0 0 0
256 0 0 0
257 0 0 0
258 0 0 0
259 0 0 0
260 0 0 0
261 0 0 0
262 0 0 0
263 0 0 0
264 0 0 0
265 0 0 0
266 0 0 0
267 0 0 0
268 0 0 0
269 0 0 0
270 0 0 0
271 0 0 0
272 0 0 0
273 0 0 0
274 0 0 0
275 0 0 0
276 0 0 0
277 0 0 0
278 0 0 0
279 0 0 0
280 0 0 0
281 0 0 0
282 0 0 0
283 0 0 0
284 0 0 0
285 0 0 0
286 0 0 0
287 0 0 0
288 0 0 0
289 0 0 0
290 0 0 0
291 0 0 0
292 0 0 0
293 0 0 0
294 0 0 0
295 0 0 0
296 0 0 0
297 0 0 0
298 0 0 0
299 0 0 0
300 0 0 0
