0 0.0014792899408284023 0.0 0.9985207100591716
1 0.0014792899408284023 0.0 0.9985207100591716
2 0.0014792899408284023 0.0 0.9985207100591716
3 0.0014792899408284023 0.0 0.9985207100591716
4 0.0014792899408284023 0.0 0.9985207100591716
5 0.0014792899408284023 0.0 0.9985207100591716
6 0.0014792899408284023 0.0029585798816568047 0.9955621301775148
7 0.0029585798816568047 0.004437869822485207 0.992603550295858
8 0.005917159763313609 0.0014792899408284023 0.992603550295858
9 0.0073964497041420114 0.0 0.992603550295858
10 0.0073964497041420114 0.004437869822485207 0.9881656804733728
11 0.008875739644970414 0.004437869822485207 0.9866863905325444
12 0.011834319526627219 0.0014792899408284023 0.9866863905325444
13 0.013313609467455622 0.0014792899408284023 0.985207100591716
14 0.013313609467455622 0.0073964497041420114 0.9792899408284024
15 0.016272189349112426 0.013313609467455622 0.9704142011834319
16 0.022189349112426034 0.008875739644970414 0.9689349112426036
17 0.029585798816568046 0.0014792899408284023 0.9689349112426036
18 0.03106508875739645 0.0014792899408284023 0.9674556213017751
19 0.03106508875739645 0.005917159763313609 0.9630177514792899
20 0.03550295857988166 0.011834319526627219 0.9526627218934911
21 0.03994082840236687 0.013313609467455622 0.9467455621301775
22 0.047337278106508875 0.008875739644970414 0.9437869822485208
23 0.05029585798816568 0.014792899408284023 0.9349112426035503
24 0.057692307692307696 0.008875739644970414 0.9334319526627219
25 0.06360946745562131 0.010355029585798817 0.9260355029585798
26 0.06804733727810651 0.016272189349112426 0.915680473372781
27 0.07692307692307693 0.013313609467455622 0.9097633136094675
28 0.08284023668639054 0.019230769230769232 0.8979289940828402
29 0.08727810650887574 0.016272189349112426 0.8964497041420119
30 0.09467455621301775 0.01775147928994083 0.8875739644970414
31 0.10059171597633136 0.02514792899408284 0.8742603550295858
32 0.11390532544378698 0.022189349112426034 0.863905325443787
33 0.1242603550295858 0.01775147928994083 0.8579881656804734
34 0.13313609467455623 0.016272189349112426 0.8505917159763313
35 0.14201183431952663 0.019230769230769232 0.8387573964497042
36 0.15088757396449703 0.016272189349112426 0.8328402366863905
37 0.15384615384615385 0.02514792899408284 0.8210059171597633
38 0.16568047337278108 0.019230769230769232 0.8150887573964497
39 0.17159763313609466 0.016272189349112426 0.8121301775147929
40 0.1849112426035503 0.013313609467455622 0.8017751479289941
41 0.1878698224852071 0.019230769230769232 0.7928994082840237
42 0.19230769230769232 0.022189349112426034 0.7855029585798816
43 0.1997041420118343 0.020710059171597635 0.7795857988165681
44 0.21153846153846154 0.014792899408284023 0.7736686390532544
45 0.21745562130177515 0.016272189349112426 0.7662721893491125
46 0.22485207100591717 0.020710059171597635 0.7544378698224852
47 0.23076923076923078 0.020710059171597635 0.7485207100591716
48 0.2411242603550296 0.019230769230769232 0.7396449704142012
49 0.2440828402366864 0.026627218934911243 0.7292899408284024
50 0.257396449704142 0.02514792899408284 0.7174556213017751
51 0.26627218934911245 0.020710059171597635 0.7130177514792899
52 0.27662721893491127 0.020710059171597635 0.7026627218934911
53 0.27958579881656803 0.020710059171597635 0.6997041420118343
54 0.28994082840236685 0.016272189349112426 0.6937869822485208
55 0.2943786982248521 0.026627218934911243 0.6789940828402367
56 0.3032544378698225 0.029585798816568046 0.6671597633136095
57 0.3121301775147929 0.026627218934911243 0.6612426035502958
58 0.3224852071005917 0.023668639053254437 0.6538461538461539
59 0.3328402366863905 0.026627218934911243 0.6405325443786982
60 0.34023668639053256 0.026627218934911243 0.6331360946745562
61 0.34467455621301774 0.029585798816568046 0.6257396449704142
62 0.35650887573964496 0.023668639053254437 0.6198224852071006
63 0.3683431952662722 0.02514792899408284 0.606508875739645
64 0.3727810650887574 0.03254437869822485 0.5946745562130178
65 0.3831360946745562 0.03106508875739645 0.5857988165680473
66 0.39497041420118345 0.028106508875739646 0.5769230769230769
67 0.40236686390532544 0.029585798816568046 0.5680473372781065
68 0.4156804733727811 0.026627218934911243 0.5576923076923077
69 0.4245562130177515 0.029585798816568046 0.5458579881656804
70 0.4349112426035503 0.03254437869822485 0.5325443786982249
71 0.4452662721893491 0.03254437869822485 0.522189349112426
72 0.4541420118343195 0.03254437869822485 0.5133136094674556
73 0.46745562130177515 0.028106508875739646 0.5044378698224852
74 0.47633136094674555 0.029585798816568046 0.4940828402366864
75 0.4822485207100592 0.03698224852071006 0.4807692307692308
76 0.5 0.029585798816568046 0.47041420118343197
77 0.5059171597633136 0.03698224852071006 0.45710059171597633
78 0.5162721893491125 0.04142011834319527 0.4423076923076923
79 0.5295857988165681 0.03550295857988166 0.4349112426035503
80 0.5428994082840237 0.034023668639053255 0.4230769230769231
81 0.5517751479289941 0.04142011834319527 0.4068047337278107
82 0.5650887573964497 0.03698224852071006 0.3979289940828402
83 0.5754437869822485 0.03550295857988166 0.3890532544378698
84 0.5887573964497042 0.03698224852071006 0.3742603550295858
85 0.5946745562130178 0.04585798816568047 0.3594674556213018
86 0.6079881656804734 0.05029585798816568 0.34171597633136097
87 0.6183431952662722 0.051775147928994084 0.32988165680473375
88 0.6331360946745562 0.04881656804733728 0.3180473372781065
89 0.650887573964497 0.038461538461538464 0.3106508875739645
90 0.6642011834319527 0.03698224852071006 0.2988165680473373
91 0.6745562130177515 0.04142011834319527 0.28402366863905326
92 0.6893491124260355 0.038461538461538464 0.27218934911242604
93 0.6997041420118343 0.03994082840236687 0.2603550295857988
94 0.7189349112426036 0.034023668639053255 0.2470414201183432
95 0.7248520710059172 0.03994082840236687 0.23520710059171598
96 0.7337278106508875 0.04585798816568047 0.22041420118343194
97 0.7514792899408284 0.03994082840236687 0.20857988165680474
98 0.7603550295857988 0.03994082840236687 0.1997041420118343
99 0.7810650887573964 0.028106508875739646 0.1908284023668639
100 0.7943786982248521 0.028106508875739646 0.17751479289940827
101 0.7958579881656804 0.034023668639053255 0.17011834319526628
102 0.8121301775147929 0.020710059171597635 0.16715976331360946
103 0.8180473372781065 0.023668639053254437 0.15828402366863906
104 0.8239644970414202 0.023668639053254437 0.15236686390532544
105 0.8313609467455622 0.02514792899408284 0.14349112426035504
106 0.8357988165680473 0.02514792899408284 0.1390532544378698
107 0.8431952662721893 0.023668639053254437 0.13313609467455623
108 0.8520710059171598 0.014792899408284023 0.13313609467455623
109 0.8579881656804734 0.014792899408284023 0.12721893491124261
110 0.8624260355029586 0.011834319526627219 0.1257396449704142
111 0.8668639053254438 0.013313609467455622 0.11982248520710059
112 0.871301775147929 0.010355029585798817 0.11834319526627218
113 0.8727810650887574 0.010355029585798817 0.11686390532544379
114 0.8772189349112426 0.008875739644970414 0.11390532544378698
115 0.8831360946745562 0.010355029585798817 0.10650887573964497
116 0.886094674556213 0.010355029585798817 0.10355029585798817
117 0.8890532544378699 0.0073964497041420114 0.10355029585798817
118 0.8920118343195266 0.008875739644970414 0.09911242603550297
119 0.8949704142011834 0.008875739644970414 0.09615384615384616
120 0.8964497041420119 0.010355029585798817 0.09319526627218935
121 0.8979289940828402 0.010355029585798817 0.09171597633136094
122 0.8994082840236687 0.008875739644970414 0.09171597633136094
123 0.9053254437869822 0.005917159763313609 0.08875739644970414
124 0.9068047337278107 0.004437869822485207 0.08875739644970414
125 0.9068047337278107 0.0073964497041420114 0.08579881656804733
126 0.908284023668639 0.0073964497041420114 0.08431952662721894
127 0.9097633136094675 0.005917159763313609 0.08431952662721894
128 0.9127218934911243 0.0029585798816568047 0.08431952662721894
129 0.9142011834319527 0.0029585798816568047 0.08284023668639054
130 0.915680473372781 0.0014792899408284023 0.08284023668639054
131 0.9142011834319527 0.0029585798816568047 0.08284023668639054
132 0.915680473372781 0.0029585798816568047 0.08136094674556213
133 0.915680473372781 0.0029585798816568047 0.08136094674556213
134 0.915680473372781 0.0029585798816568047 0.08136094674556213
135 0.9171597633136095 0.0014792899408284023 0.08136094674556213
136 0.9171597633136095 0.0014792899408284023 0.08136094674556213
137 0.915680473372781 0.0029585798816568047 0.08136094674556213
138 0.915680473372781 0.0029585798816568047 0.08136094674556213
139 0.915680473372781 0.0029585798816568047 0.08136094674556213
140 0.9171597633136095 0.0014792899408284023 0.08136094674556213
141 0.9171597633136095 0.0014792899408284023 0.08136094674556213
142 0.9171597633136095 0.0014792899408284023 0.08136094674556213
143 0.9142011834319527 0.004437869822485207 0.08136094674556213
144 0.9142011834319527 0.004437869822485207 0.08136094674556213
145 0.9053254437869822 0.013313609467455622 0.08136094674556213
146 0.8609467455621301 0.05473372781065089 0.08431952662721894
147 0 0 0
148 0 0 0
149 0 0 0
150 0 0 0
151 0 0 0
152 0 0 0
153 0 0 0
154 0 0 0
155 0 0 0
156 0 0 0
157 0 0 0
158 0 0 0
159 0 0 0
160 0 0 0
161 0 0 0
162 0 0 0
163 0 0 0
164 0 0 0
165 0 0 0
166 0 0 0
167 0 0 0
168 0 0 0
169 0 0 0
170 0 0 0
171 0 0 0
172 0 0 0
173 0 0 0
174 0 0 0
175 0 0 0
176 0 0 0
177 0 0 0
178 0 0 0
179 0 0 0
180 0 0 0
181 0 0 0
182 0 0 0
183 0 0 0
184 0 0 0
185 0 0 0
186 0 0 0
187 0 0 0
188 0 0 0
189 0 0 0
190 0 0 0
191 0 0 0
192 0 0 0
193 0 0 0
194 0 0 0
195 0 0 0
196 0 0 0
197 0 0 0
198 0 0 0
199 0 0 0
200 0 0 0
201 0 0 0
202 0 0 0
203 0 0 0
204 0 0 0
205 0 0 0
206 0 0 0
207 0 0 0
208 0 0 0
209 0 0 0
210 0 0 0
211 0 0 0
212 0 0 0
213 0 0 0
214 0 0 0
215 0 0 0
216 0 0 0
217 0 0 0
218 0 0 0
219 0 0 0
220 0 0 0
221 0 0 0
222 0 0 0
223 0 0 0
224 0 0 0
225 0 0 0
226 0 0 0
227 0 0 0
228 0 0 0
229 0 0 0
230 0 0 0
231 0 0 0
232 0 0 0
233 0 0 0
234 0 0 0
235 0 0 0
236 0 0 0
237 0 0 0
238 0 0 0
239 0 0 0
240 0 0 0
241 0 0 0
242 0 0 0
243 0 0 0
244 0 0 0
245 0 0 0
246 0 0 0
247 0 0 0
248 0 0 0
249 0 0 0
250 0 0 0
251 0 0 0
252 0 0 0
253 0 0 0
254 0 0 0
255 0 0 0
256 0 0 0
257 0 0 0
258 0 0 0
259 0 0 0
260 0 0 0
261 0 0 0
262 0 0 0
263 0 0 0
264 0 0 0
265 0 0 0
266 0 0 0
267 0 0 0
268 0 0 0
269 0 0 0
270 0 0 0
271 0 0 0
272 0 0 0
273 0 0 0
274 0 0 0
275 0 0 0
276 0 0 0
277 0 0 0
278 0 0 0
279 0 0 0
280 0 0 0
281 0 0 0
282 0 0 0
283 0 0 0
284 0 0 0
285 0 0 0
286 0 0 0
287 0 0 0
288 0 0 0
289 0 0 0
290 0 0 0
291 0 0 0
292 0 0 0
293 0 0 0
294 0 0 0
295 0 0 0
296 0 0 0
297 0 0 0
298 0 0 0
299 0 0 0
300 0 0 0
