0 0.0014792899408284023 0.0 0.9985207100591716
1 0.0014792899408284023 0.0 0.9985207100591716
2 0.0014792899408284023 0.0 0.9985207100591716
3 0.0014792899408284023 0.0 0.9985207100591716
4 0.0014792899408284023 0.0 0.9985207100591716
5 0.0014792899408284023 0.0 0.9985207100591716
6 0.0014792899408284023 0.0 0.9985207100591716
7 0.0014792899408284023 0.0014792899408284023 0.9970414201183432
8 0.0014792899408284023 0.0029585798816568047 0.9955621301775148
9 0.0014792899408284023 0.0029585798816568047 0.9955621301775148
10 0.0014792899408284023 0.0029585798816568047 0.9955621301775148
11 0.0014792899408284023 0.004437869822485207 0.9940828402366864
12 0.0014792899408284023 0.004437869822485207 0.9940828402366864
13 0.0014792899408284023 0.004437869822485207 0.9940828402366864
14 0.0014792899408284023 0.005917159763313609 0.992603550295858
15 0.0029585798816568047 0.005917159763313609 0.9911242603550295
16 0.0029585798816568047 0.008875739644970414 0.9881656804733728
17 0.0029585798816568047 0.010355029585798817 0.9866863905325444
18 0.0029585798816568047 0.010355029585798817 0.9866863905325444
19 0.004437869822485207 0.011834319526627219 0.9837278106508875
20 0.005917159763313609 0.011834319526627219 0.9822485207100592
21 0.008875739644970414 0.011834319526627219 0.9792899408284024
22 0.010355029585798817 0.013313609467455622 0.9763313609467456
23 0.010355029585798817 0.014792899408284023 0.9748520710059172
24 0.016272189349112426 0.010355029585798817 0.9733727810650887
25 0.016272189349112426 0.013313609467455622 0.9704142011834319
26 0.020710059171597635 0.010355029585798817 0.9689349112426036
27 0.020710059171597635 0.016272189349112426 0.9630177514792899
28 0.022189349112426034 0.01775147928994083 0.9600591715976331
29 0.02514792899408284 0.023668639053254437 0.9511834319526628
30 0.026627218934911243 0.03254437869822485 0.9408284023668639
31 0.028106508875739646 0.03698224852071006 0.9349112426035503
32 0.03106508875739645 0.038461538461538464 0.9304733727810651
33 0.03698224852071006 0.03550295857988166 0.9275147928994083
34 0.03994082840236687 0.03550295857988166 0.9245562130177515
35 0.04585798816568047 0.03994082840236687 0.9142011834319527
36 0.04881656804733728 0.04585798816568047 0.9053254437869822
37 0.04881656804733728 0.05621301775147929 0.8949704142011834
38 0.05325443786982249 0.0621301775147929 0.8846153846153846
39 0.05473372781065089 0.06656804733727811 0.878698224852071
40 0.06656804733727811 0.06360946745562131 0.8698224852071006
41 0.08284023668639054 0.057692307692307696 0.8594674556213018
42 0.09763313609467456 0.05325443786982249 0.849112426035503
43 0.10798816568047337 0.051775147928994084 0.8402366863905325
44 0.11538461538461539 0.05621301775147929 0.8284023668639053
45 0.13165680473372782 0.05325443786982249 0.8150887573964497
46 0.14349112426035504 0.047337278106508875 0.8091715976331361
47 0.14792899408284024 0.05621301775147929 0.7958579881656804
48 0.15976331360946747 0.05621301775147929 0.7840236686390533
49 0.17455621301775148 0.057692307692307696 0.7677514792899408
50 0.1834319526627219 0.06360946745562131 0.7529585798816568
51 0.19230769230769232 0.07396449704142012 0.7337278106508875
52 0.20562130177514792 0.07840236686390532 0.7159763313609467
53 0.21597633136094674 0.08727810650887574 0.6967455621301775
54 0.22928994082840237 0.08875739644970414 0.6819526627218935
55 0.23668639053254437 0.09319526627218935 0.6701183431952663
56 0.2455621301775148 0.09319526627218935 0.6612426035502958
57 0.2559171597633136 0.10650887573964497 0.6375739644970414
58 0.26479289940828404 0.11242603550295859 0.6227810650887574
59 0.2781065088757396 0.11538461538461539 0.606508875739645
60 0.28254437869822485 0.14053254437869822 0.5769230769230769
61 0.3032544378698225 0.1301775147928994 0.5665680473372781
62 0.31952662721893493 0.13609467455621302 0.5443786982248521
63 0.34171597633136097 0.13609467455621302 0.522189349112426
64 0.34911242603550297 0.15384615384615385 0.4970414201183432
65 0.3801775147928994 0.13609467455621302 0.48372781065088755
66 0.3994082840236686 0.12721893491124261 0.47337278106508873
67 0.41420118343195267 0.128698224852071 0.45710059171597633
68 0.4334319526627219 0.11390532544378698 0.4526627218934911
69 0.44822485207100593 0.11242603550295859 0.4393491124260355
70 0.46745562130177515 0.11242603550295859 0.42011834319526625
71 0.48520710059171596 0.11390532544378698 0.40088757396449703
72 0.5014792899408284 0.11094674556213018 0.3875739644970414
73 0.5162721893491125 0.11094674556213018 0.3727810650887574
74 0.5281065088757396 0.11242603550295859 0.3594674556213018
75 0.5458579881656804 0.11390532544378698 0.34023668639053256
76 0.5576923076923077 0.1227810650887574 0.31952662721893493
77 0.5710059171597633 0.1242603550295858 0.3047337278106509
78 0.591715976331361 0.11538461538461539 0.29289940828402367
79 0.6124260355029586 0.11686390532544379 0.27071005917159763
80 0.6301775147928994 0.10650887573964497 0.26331360946745563
81 0.6464497041420119 0.10946745562130178 0.2440828402366864
82 0.6612426035502958 0.10207100591715976 0.23668639053254437
83 0.6745562130177515 0.09763313609467456 0.22781065088757396
84 0.6878698224852071 0.09615384615384616 0.21597633136094674
85 0.6908284023668639 0.10355029585798817 0.20562130177514792
86 0.7041420118343196 0.10650887573964497 0.1893491124260355
87 0.7263313609467456 0.10207100591715976 0.17159763313609466
88 0.7366863905325444 0.10059171597633136 0.16272189349112426
89 0.75 0.10059171597633136 0.14940828402366865
90 0.7677514792899408 0.09171597633136094 0.14053254437869822
91 0.7766272189349113 0.09763313609467456 0.1257396449704142
92 0.7884615384615384 0.09763313609467456 0.11390532544378698
93 0.0 0.7988165680473372 0.20118343195266272
94 0.0 0.8165680473372781 0.1834319526627219
95 0.0 0.8239644970414202 0.1760355029585799
96 0.0 0.8357988165680473 0.16420118343195267
97 0.0 0.8446745562130178 0.15532544378698224
98 0.0 0.0 1.0
99 0.0 0.0 1.0
100 0.0 0.0 1.0
101 0.0 0.0 1.0
102 0.0 0.0 1.0
103 0.0 0.0 1.0
104 0.0 0.0 1.0
105 0.0 0.0 1.0
106 0.0 0.0 1.0
107 0.0 0.0 1.0
108 0.0 0.0 1.0
109 0.0 0.0 1.0
110 0.0 0.0 1.0
111 0.0 0.0 1.0
112 0.0 0.0 1.0
113 0.0 0.0 1.0
114 0.0 0.0 1.0
115 0.0 0.0 1.0
116 0.0 0.0 1.0
117 0.0 0.0 1.0
118 0.0 0.0 1.0
119 0.0 0.0 1.0
120 0.0 0.0 1.0
121 0.0 0.0 1.0
122 0.0 0.0 1.0
123 0.0 0.0 1.0
124 0.0 0.0 1.0
125 0.0 0.0 1.0
126 0.0 0.0 1.0
127 0.0 0.0 1.0
128 0.0 0.0 1.0
129 0.0 0.0 1.0
130 0.0 0.0 1.0
131 0.0 0.0 1.0
132 0.0 0.0 1.0
133 0.0 0.0 1.0
134 0.0 0.0 1.0
135 0.0 0.0 1.0
136 0.0 0.0 1.0
137 0.0 0.0 1.0
138 0.0 0.0 1.0
139 0.0 0.0 1.0
140 0.0 0.0 1.0
141 0.0 0.0 1.0
142 0.0 0.0 1.0
143 0.0 0.0 1.0
144 0.0 0.0 1.0
145 0.0 0.0 1.0
146 0.0 0.0 1.0
147 0.0 0.0 1.0
148 0.0 0.0 1.0
149 0.0 0.0 1.0
150 0.0 0.0 1.0
151 0.0 0.0 1.0
152 0.0 0.0 1.0
153 0.0 0.0 1.0
154 0.0 0.0 1.0
155 0.0 0.0 1.0
156 0.0 0.0 1.0
157 0.0 0.0 1.0
158 0.0 0.0 1.0
159 0.0 0.0 1.0
160 0.0 0.0 1.0
161 0.0 0.0 1.0
162 0.0 0.0 1.0
163 0.0 0.0 1.0
164 0.0 0.0 1.0
165 0.0 0.0 1.0
166 0.0 0.0 1.0
167 0.0 0.0 1.0
168 0.0 0.0 1.0
169 0.0 0.0 1.0
170 0.0 0.0 1.0
171 0.0 0.0 1.0
172 0.0 0.0 1.0
173 0.0 0.0 1.0
174 0.0 0.0 1.0
175 0.0 0.0 1.0
176 0.0 0.0 1.0
177 0.0 0.0 1.0
178 0.0 0.0 1.0
179 0.0 0.0 1.0
180 0.0 0.0 1.0
181 0.0 0.0 1.0
182 0.0 0.0 1.0
183 0.0 0.0 1.0
184 0.0 0.0 1.0
185 0.0 0.0 1.0
186 0.0 0.0 1.0
187 0.0 0.0 1.0
188 0.0 0.0 1.0
189 0.0 0.0 1.0
190 0.0 0.0 1.0
191 0.0 0.0 1.0
192 0.0 0.0 1.0
193 0.0 0.0 1.0
194 0.0 0.0 1.0
195 0.0 0.0 1.0
196 0.0 0.0 1.0
197 0.0 0.0 1.0
198 0.0 0.0 1.0
199 0.0 0.0 1.0
200 0.0 0.0 1.0
201 0.0 0.0 1.0
202 0.0 0.0 1.0
203 0.0 0.0 1.0
204 0.0 0.0 1.0
205 0.0 0.0 1.0
206 0.0 0.0 1.0
207 0.0 0.0 1.0
208 0.0 0.0 1.0
209 0.0 0.0 1.0
210 0.0 0.0 1.0
211 0.0 0.0 1.0
212 0.0 0.0 1.0
213 0.0 0.0 1.0
214 0.0 0.0 1.0
215 0.0 0.0 1.0
216 0.0 0.0 1.0
217 0.0 0.0 1.0
218 0.0 0.0 1.0
219 0.0 0.0 1.0
220 0.0 0.0 1.0
221 0.0 0.0 1.0
222 0.0 0.0 1.0
223 0.0 0.0 1.0
224 0.0 0.0 1.0
225 0.0 0.0 1.0
226 0.0 0.0 1.0
227 0.0 0.0 1.0
228 0.0 0.0 1.0
229 0.0 0.0 1.0
230 0.0 0.0 1.0
231 0.0 0.0 1.0
232 0.0 0.0 1.0
233 0.0 0.0 1.0
234 0.0 0.0 1.0
235 0.0 0.0 1.0
236 0.0 0.0 1.0
237 0.0 0.0 1.0
238 0.0 0.0 1.0
239 0.0 0.0 1.0
240 0.0 0.0 1.0
241 0.0 0.0 1.0
242 0.0 0.0 1.0
243 0.0 0.0 1.0
244 0.0 0.0 1.0
245 0.0 0.0 1.0
246 0.0 0.0 1.0
247 0.0 0.0 1.0
248 0.0 0.0 1.0
249 0.0 0.0 1.0
250 0.0 0.0 1.0
251 0.0 0.0 1.0
252 0.0 0.0 1.0
253 0.0 0.0 1.0
254 0.0 0.0 1.0
255 0.0 0.0 1.0
256 0.0 0.0 1.0
257 0.0 0.0 1.0
258 0.0 0.0 1.0
259 0.0 0.0 1.0
260 0.0 0.0 1.0
261 0.0 0.0 1.0
262 0.0 0.0 1.0
263 0.0 0.0 1.0
264 0.0 0.0 1.0
265 0.0 0.0 1.0
266 0.0 0.0 1.0
267 0.0 0.0 1.0
268 0.0 0.0 1.0
269 0.0 0.0 1.0
270 0.0 0.0 1.0
271 0.0 0.0 1.0
272 0.0 0.0 1.0
273 0.0 0.0 1.0
274 0.0 0.0 1.0
275 0.0 0.0 1.0
276 0.0 0.0 1.0
277 0.0 0.0 1.0
278 0.0 0.0 1.0
279 0.0 0.0 1.0
280 0.0 0.0 1.0
281 0.0 0.0 1.0
282 0.0 0.0 1.0
283 0.0 0.0 1.0
284 0.0 0.0 1.0
285 0.0 0.0 1.0
286 0.0 0.0 1.0
287 0.0 0.0 1.0
288 0.0 0.0 1.0
289 0.0 0.0 1.0
290 0.0 0.0 1.0
291 0.0 0.0 1.0
292 0.0 0.0 1.0
293 0.0 0.0 1.0
294 0.0 0.0 1.0
295 0.0 0.0 1.0
296 0.0 0.0 1.0
297 0.0 0.0 1.0
298 0.0 0.0 1.0
299 0.0 0.0 1.0
300 0.0 0.0 1.0
