0 0.0014792899408284023 0.0 0.9985207100591716
1 0.0014792899408284023 0.0014792899408284023 0.9970414201183432
2 0.0014792899408284023 0.0014792899408284023 0.9970414201183432
3 0.0014792899408284023 0.0014792899408284023 0.9970414201183432
4 0.0014792899408284023 0.0029585798816568047 0.9955621301775148
5 0.0014792899408284023 0.0073964497041420114 0.9911242603550295
6 0.0014792899408284023 0.008875739644970414 0.9896449704142012
7 0.0014792899408284023 0.010355029585798817 0.9881656804733728
8 0.0014792899408284023 0.011834319526627219 0.9866863905325444
9 0.0014792899408284023 0.013313609467455622 0.985207100591716
10 0.0014792899408284023 0.014792899408284023 0.9837278106508875
11 0.0014792899408284023 0.014792899408284023 0.9837278106508875
12 0.0014792899408284023 0.01775147928994083 0.9807692307692307
13 0.0014792899408284023 0.019230769230769232 0.9792899408284024
14 0.0014792899408284023 0.023668639053254437 0.9748520710059172
15 0.0029585798816568047 0.023668639053254437 0.9733727810650887
16 0.0029585798816568047 0.026627218934911243 0.9704142011834319
17 0.0029585798816568047 0.029585798816568046 0.9674556213017751
18 0.0029585798816568047 0.03994082840236687 0.9571005917159763
19 0.004437869822485207 0.04585798816568047 0.9497041420118343
20 0.005917159763313609 0.047337278106508875 0.9467455621301775
21 0.008875739644970414 0.05029585798816568 0.9408284023668639
22 0.010355029585798817 0.05325443786982249 0.9363905325443787
23 0.010355029585798817 0.060650887573964495 0.9289940828402367
24 0.016272189349112426 0.06360946745562131 0.9201183431952663
25 0.016272189349112426 0.0695266272189349 0.9142011834319527
26 0.020710059171597635 0.07840236686390532 0.900887573964497
27 0.020710059171597635 0.08727810650887574 0.8920118343195266
28 0.022189349112426034 0.09023668639053255 0.8875739644970414
29 0.02514792899408284 0.09319526627218935 0.8816568047337278
30 0.026627218934911243 0.10946745562130178 0.863905325443787
31 0.028106508875739646 0.11390532544378698 0.8579881656804734
32 0.03106508875739645 0.11982248520710059 0.849112426035503
33 0.03698224852071006 0.13165680473372782 0.8313609467455622
34 0.03994082840236687 0.14053254437869822 0.8195266272189349
35 0.04585798816568047 0.14201183431952663 0.8121301775147929
36 0.04881656804733728 0.15532544378698224 0.7958579881656804
37 0.04881656804733728 0.17455621301775148 0.7766272189349113
38 0.05325443786982249 0.1760355029585799 0.7707100591715976
39 0.05473372781065089 0.1804733727810651 0.764792899408284
40 0.06656804733727811 0.1893491124260355 0.7440828402366864
41 0.08284023668639054 0.1863905325443787 0.7307692307692307
42 0.09763313609467456 0.1834319526627219 0.7189349112426036
43 0.10798816568047337 0.1819526627218935 0.7100591715976331
44 0.11538461538461539 0.1908284023668639 0.6937869822485208
45 0.13165680473372782 0.1863905325443787 0.6819526627218935
46 0.14349112426035504 0.1863905325443787 0.6701183431952663
47 0.14792899408284024 0.20710059171597633 0.6449704142011834
48 0.15976331360946747 0.22189349112426035 0.6183431952662722
49 0.17455621301775148 0.22781065088757396 0.5976331360946746
50 0.1834319526627219 0.23372781065088757 0.5828402366863905
51 0.19230769230769232 0.2514792899408284 0.5562130177514792
52 0.20562130177514792 0.2559171597633136 0.5384615384615384
53 0.21597633136094674 0.27514792899408286 0.5088757396449705
54 0.22928994082840237 0.27662721893491127 0.4940828402366864
55 0.23668639053254437 0.28994082840236685 0.47337278106508873
56 0.2455621301775148 0.2943786982248521 0.46005917159763315
57 0.2559171597633136 0.3032544378698225 0.4408284023668639
58 0.26479289940828404 0.3047337278106509 0.43047337278106507
59 0.2781065088757396 0.3062130177514793 0.4156804733727811
60 0.28254437869822485 0.32840236686390534 0.3890532544378698
61 0.3032544378698225 0.3239644970414201 0.3727810650887574
62 0.31952662721893493 0.33727810650887574 0.3431952662721893
63 0.34171597633136097 0.3269230769230769 0.33136094674556216
64 0.34911242603550297 0.33875739644970415 0.3121301775147929
65 0.3801775147928994 0.3239644970414201 0.2958579881656805
66 0.3994082840236686 0.3224852071005917 0.2781065088757396
67 0.41420118343195267 0.31952662721893493 0.26627218934911245
68 0.4334319526627219 0.3165680473372781 0.25
69 0.44822485207100593 0.3150887573964497 0.23668639053254437
70 0.46745562130177515 0.3091715976331361 0.22337278106508876
71 0.48520710059171596 0.2988165680473373 0.21597633136094674
72 0.5014792899408284 0.30029585798816566 0.19822485207100593
73 0.5162721893491125 0.29142011834319526 0.19230769230769232
74 0.5281065088757396 0.28402366863905326 0.1878698224852071
75 0.5458579881656804 0.27514792899408286 0.17899408284023668
76 0.5576923076923077 0.27514792899408286 0.16715976331360946
77 0.5710059171597633 0.27366863905325445 0.15532544378698224
78 0.591715976331361 0.2692307692307692 0.1390532544378698
79 0.6124260355029586 0.25443786982248523 0.13313609467455623
80 0.6301775147928994 0.2455621301775148 0.1242603550295858
81 0.6464497041420119 0.23668639053254437 0.11686390532544379
82 0.6612426035502958 0.23224852071005916 0.10650887573964497
83 0.6745562130177515 0.22781065088757396 0.09763313609467456
84 0.6878698224852071 0.21745562130177515 0.09467455621301775
85 0.6908284023668639 0.21745562130177515 0.09171597633136094
86 0.7041420118343196 0.20562130177514792 0.09023668639053255
87 0.7263313609467456 0.1863905325443787 0.08727810650887574
88 0.7366863905325444 0.1760355029585799 0.08727810650887574
89 0.75 0.16568047337278108 0.08431952662721894
90 0.7677514792899408 0.14792899408284024 0.08431952662721894
91 0.7766272189349113 0.14053254437869822 0.08284023668639054
92 0.7884615384615384 0.128698224852071 0.08284023668639054
93 0.0 0.908284023668639 0.09171597633136094
94 0.0 0.9097633136094675 0.09023668639053255
95 0.0 0.9097633136094675 0.09023668639053255
96 0.0 0.9127218934911243 0.08727810650887574
97 0.0 0.9142011834319527 0.08579881656804733
98 0.0 0.9112426035502958 0.08875739644970414
99 0.0 0.9112426035502958 0.08875739644970414
100 0.0 0.9112426035502958 0.08875739644970414
101 0.0 0.9127218934911243 0.08727810650887574
102 0.0 0.9142011834319527 0.08579881656804733
103 0.0 0.9142011834319527 0.08579881656804733
104 0.0 0.9142011834319527 0.08579881656804733
105 0.0 0.9142011834319527 0.08579881656804733
106 0.0 0.8890532544378699 0.11094674556213018
107 0.0 0.8979289940828402 0.10207100591715976
108 0.0 0.9038461538461539 0.09615384615384616
109 0.0 0.9038461538461539 0.09615384615384616
110 0.0 0.0 1.0
111 0.0 0.0 1.0
112 0.0 0.0 1.0
113 0.0 0.0 1.0
114 0.0 0.0 1.0
115 0.0 0.0 1.0
116 0.0 0.0 1.0
117 0.0 0.0 1.0
118 0.0 0.0 1.0
119 0.0 0.0 1.0
120 0.0 0.0 1.0
121 0.0 0.0 1.0
122 0.0 0.0 1.0
123 0.0 0.0 1.0
124 0.0 0.0 1.0
125 0.0 0.0 1.0
126 0.0 0.0 1.0
127 0.0 0.0 1.0
128 0.0 0.0 1.0
129 0.0 0.0 1.0
130 0.0 0.0 1.0
131 0.0 0.0 1.0
132 0.0 0.0 1.0
133 0.0 0.0 1.0
134 0.0 0.0 1.0
135 0.0 0.0 1.0
136 0.0 0.0 1.0
137 0.0 0.0 1.0
138 0.0 0.0 1.0
139 0.0 0.0 1.0
140 0.0 0.0 1.0
141 0.0 0.0 1.0
142 0.0 0.0 1.0
143 0.0 0.0 1.0
144 0.0 0.0 1.0
145 0.0 0.0 1.0
146 0.0 0.0 1.0
147 0.0 0.0 1.0
148 0.0 0.0 1.0
149 0.0 0.0 1.0
150 0.0 0.0 1.0
151 0.0 0.0 1.0
152 0.0 0.0 1.0
153 0.0 0.0 1.0
154 0.0 0.0 1.0
155 0.0 0.0 1.0
156 0.0 0.0 1.0
157 0.0 0.0 1.0
158 0.0 0.0 1.0
159 0.0 0.0 1.0
160 0.0 0.0 1.0
161 0.0 0.0 1.0
162 0.0 0.0 1.0
163 0.0 0.0 1.0
164 0.0 0.0 1.0
165 0.0 0.0 1.0
166 0.0 0.0 1.0
167 0.0 0.0 1.0
168 0.0 0.0 1.0
169 0.0 0.0 1.0
170 0.0 0.0 1.0
171 0.0 0.0 1.0
172 0.0 0.0 1.0
173 0.0 0.0 1.0
174 0.0 0.0 1.0
175 0.0 0.0 1.0
176 0.0 0.0 1.0
177 0.0 0.0 1.0
178 0.0 0.0 1.0
179 0.0 0.0 1.0
180 0.0 0.0 1.0
181 0.0 0.0 1.0
182 0.0 0.0 1.0
183 0.0 0.0 1.0
184 0.0 0.0 1.0
185 0.0 0.0 1.0
186 0.0 0.0 1.0
187 0.0 0.0 1.0
188 0.0 0.0 1.0
189 0.0 0.0 1.0
190 0.0 0.0 1.0
191 0.0 0.0 1.0
192 0.0 0.0 1.0
193 0.0 0.0 1.0
194 0.0 0.0 1.0
195 0.0 0.0 1.0
196 0.0 0.0 1.0
197 0.0 0.0 1.0
198 0.0 0.0 1.0
199 0.0 0.0 1.0
200 0.0 0.0 1.0
201 0.0 0.0 1.0
202 0.0 0.0 1.0
203 0.0 0.0 1.0
204 0.0 0.0 1.0
205 0.0 0.0 1.0
206 0.0 0.0 1.0
207 0.0 0.0 1.0
208 0.0 0.0 1.0
209 0.0 0.0 1.0
210 0.0 0.0 1.0
211 0.0 0.0 1.0
212 0.0 0.0 1.0
213 0.0 0.0 1.0
214 0.0 0.0 1.0
215 0.0 0.0 1.0
216 0.0 0.0 1.0
217 0.0 0.0 1.0
218 0.0 0.0 1.0
219 0.0 0.0 1.0
220 0.0 0.0 1.0
221 0.0 0.0 1.0
222 0.0 0.0 1.0
223 0.0 0.0 1.0
224 0.0 0.0 1.0
225 0.0 0.0 1.0
226 0.0 0.0 1.0
227 0.0 0.0 1.0
228 0.0 0.0 1.0
229 0.0 0.0 1.0
230 0.0 0.0 1.0
231 0.0 0.0 1.0
232 0.0 0.0 1.0
233 0.0 0.0 1.0
234 0.0 0.0 1.0
235 0.0 0.0 1.0
236 0.0 0.0 1.0
237 0.0 0.0 1.0
238 0.0 0.0 1.0
239 0.0 0.0 1.0
240 0.0 0.0 1.0
241 0.0 0.0 1.0
242 0.0 0.0 1.0
243 0.0 0.0 1.0
244 0.0 0.0 1.0
245 0.0 0.0 1.0
246 0.0 0.0 1.0
247 0.0 0.0 1.0
248 0.0 0.0 1.0
249 0.0 0.0 1.0
250 0.0 0.0 1.0
251 0.0 0.0 1.0
252 0.0 0.0 1.0
253 0.0 0.0 1.0
254 0.0 0.0 1.0
255 0.0 0.0 1.0
256 0.0 0.0 1.0
257 0.0 0.0 1.0
258 0.0 0.0 1.0
259 0.0 0.0 1.0
260 0.0 0.0 1.0
261 0.0 0.0 1.0
262 0.0 0.0 1.0
263 0.0 0.0 1.0
264 0.0 0.0 1.0
265 0.0 0.0 1.0
266 0.0 0.0 1.0
267 0.0 0.0 1.0
268 0.0 0.0 1.0
269 0.0 0.0 1.0
270 0.0 0.0 1.0
271 0.0 0.0 1.0
272 0.0 0.0 1.0
273 0.0 0.0 1.0
274 0.0 0.0 1.0
275 0.0 0.0 1.0
276 0.0 0.0 1.0
277 0.0 0.0 1.0
278 0.0 0.0 1.0
279 0.0 0.0 1.0
280 0.0 0.0 1.0
281 0.0 0.0 1.0
282 0.0 0.0 1.0
283 0.0 0.0 1.0
284 0.0 0.0 1.0
285 0.0 0.0 1.0
286 0.0 0.0 1.0
287 0.0 0.0 1.0
288 0.0 0.0 1.0
289 0.0 0.0 1.0
290 0.0 0.0 1.0
291 0.0 0.0 1.0
292 0.0 0.0 1.0
293 0.0 0.0 1.0
294 0.0 0.0 1.0
295 0.0 0.0 1.0
296 0.0 0.0 1.0
297 0.0 0.0 1.0
298 0.0 0.0 1.0
299 0.0 0.0 1.0
300 0.0 0.0 1.0
