0 1 0 675
1 1 6 669
2 1 6 669
3 1 8 667
4 1 8 667
5 1 13 662
6 1 14 661
7 2 16 658
8 2 17 657
9 3 18 655
10 3 22 651
11 3 29 644
12 3 33 640
13 3 40 633
14 4 46 626
15 8 50 618
16 11 50 615
17 11 54 611
18 12 59 605
19 14 64 598
20 15 69 592
21 16 74 586
22 18 79 579
23 22 81 573
24 23 87 566
25 25 96 555
26 29 101 546
27 36 103 537
28 41 110 525
29 43 114 519
30 47 119 510
31 49 121 506
32 52 128 496
33 58 130 488
34 59 138 479
35 67 140 469
36 72 144 460
37 78 152 446
38 82 159 435
39 88 163 425
40 96 164 416
41 103 173 400
42 106 185 385
43 115 185 376
44 119 195 362
45 127 200 349
46 133 204 339
47 140 208 328
48 145 218 313
49 152 222 302
50 165 219 292
51 175 226 275
52 194 220 262
53 203 220 253
54 206 225 245
55 213 228 235
56 224 230 222
57 231 229 216
58 239 229 208
59 248 230 198
60 256 230 190
61 264 230 182
62 274 230 172
63 285 229 162
64 296 227 153
65 313 222 141
66 322 220 134
67 333 219 124
68 346 211 119
69 356 207 113
70 371 201 104
71 376 200 100
72 383 198 95
73 396 189 91
74 402 187 87
75 416 178 82
76 429 167 80
77 436 165 75
78 454 148 74
79 462 141 73
80 472 132 72
81 480 132 64
82 488 127 61
83 496 121 59
84 501 116 59
85 511 106 59
86 515 103 58
87 524 94 58
88 532 86 58
89 540 79 57
90 549 70 57
91 554 65 57
92 558 61 57
93 560 59 57
94 568 52 56
95 571 49 56
96 574 46 56
97 578 43 55
98 584 37 55
99 0 620 56
100 0 620 56
101 0 620 56
102 0 621 55
103 0 621 55
104 0 621 55
105 0 621 55
106 0 621 55
107 0 621 55
108 0 621 55
109 0 614 62
110 0 617 59
111 0 618 58
112 0 620 56
113 0 620 56
114 0 620 56
115 0 620 56
116 0 0 676
117 0 0 676
118 0 0 676
119 0 0 676
120 0 0 676
121 0 0 676
122 0 0 676
123 0 0 676
124 0 0 676
125 0 0 676
126 0 0 676
127 0 0 676
128 0 0 676
129 0 0 676
130 0 0 676
131 0 0 676
132 0 0 676
133 0 0 676
134 0 0 676
135 0 0 676
136 0 0 676
137 0 0 676
138 0 0 676
139 0 0 676
140 0 0 676
141 0 0 676
142 0 0 676
143 0 0 676
144 0 0 676
145 0 0 676
146 0 0 676
147 0 0 676
148 0 0 676
149 0 0 676
150 0 0 676
151 0 0 676
152 0 0 676
153 0 0 676
154 0 0 676
155 0 0 676
156 0 0 676
157 0 0 676
158 0 0 676
159 0 0 676
160 0 0 676
161 0 0 676
162 0 0 676
163 0 0 676
164 0 0 676
165 0 0 676
166 0 0 676
167 0 0 676
168 0 0 676
169 0 0 676
170 0 0 676
171 0 0 676
172 0 0 676
173 0 0 676
174 0 0 676
175 0 0 676
176 0 0 676
177 0 0 676
178 0 0 676
179 0 0 676
180 0 0 676
181 0 0 676
182 0 0 676
183 0 0 676
184 0 0 676
185 0 0 676
186 0 0 676
187 0 0 676
188 0 0 676
189 0 0 676
190 0 0 676
191 0 0 676
192 0 0 676
193 0 0 676
194 0 0 676
195 0 0 676
196 0 0 676
197 0 0 676
198 0 0 676
199 0 0 676
200 0 0 676
201 0 0 676
202 0 0 676
203 0 0 676
204 0 0 676
205 0 0 676
206 0 0 676
207 0 0 676
208 0 0 676
209 0 0 676
210 0 0 676
211 0 0 676
212 0 0 676
213 0 0 676
214 0 0 676
215 0 0 676
216 0 0 676
217 0 0 676
218 0 0 676
219 0 0 676
220 0 0 676
221 0 0 676
222 0 0 676
223 0 0 676
224 0 0 676
225 0 0 676
226 0 0 676
227 0 0 676
228 0 0 676
229 0 0 676
230 0 0 676
231 0 0 676
232 0 0 676
233 0 0 676
234 0 0 676
235 0 0 676
236 0 0 676
237 0 0 676
238 0 0 676
239 0 0 676
240 0 0 676
241 0 0 676
242 0 0 676
243 0 0 676
244 0 0 676
245 0 0 676
246 0 0 676
247 0 0 676
248 0 0 676
249 0 0 676
250 0 0 676
251 0 0 676
252 0 0 676
253 0 0 676
254 0 0 676
255 0 0 676
256 0 0 676
257 0 0 676
258 0 0 676
259 0 0 676
260 0 0 676
261 0 0 676
262 0 0 676
263 0 0 676
264 0 0 676
265 0 0 676
266 0 0 676
267 0 0 676
268 0 0 676
269 0 0 676
270 0 0 676
271 0 0 676
272 0 0 676
273 0 0 676
274 0 0 676
275 0 0 676
276 0 0 676
277 0 0 676
278 0 0 676
279 0 0 676
280 0 0 676
281 0 0 676
282 0 0 676
283 0 0 676
284 0 0 676
285 0 0 676
286 0 0 676
287 0 0 676
288 0 0 676
289 0 0 676
290 0 0 676
291 0 0 676
292 0 0 676
293 0 0 676
294 0 0 676
295 0 0 676
296 0 0 676
297 0 0 676
298 0 0 676
299 0 0 676
300 0 0 676
