0 1 0 675
1 1 6 669
2 1 6 669
3 2 7 667
4 3 6 667
5 3 11 662
6 7 8 661
7 9 9 658
8 11 8 657
9 12 9 655
10 13 12 651
11 17 15 644
12 19 17 640
13 22 21 633
14 26 24 626
15 28 30 618
16 36 25 615
17 39 26 611
18 44 27 605
19 49 29 598
20 51 33 592
21 55 35 586
22 56 41 579
23 60 43 573
24 62 48 566
25 66 55 555
26 67 63 546
27 73 66 537
28 78 73 525
29 85 72 519
30 92 74 510
31 100 70 506
32 109 71 496
33 112 76 488
34 120 77 479
35 129 78 469
36 134 82 460
37 140 90 446
38 157 84 435
39 165 86 425
40 168 92 416
41 185 91 400
42 197 94 385
43 209 91 376
44 224 90 362
45 233 94 349
46 248 89 339
47 253 95 328
48 258 105 313
49 271 103 302
50 278 106 292
51 288 113 275
52 304 110 262
53 317 106 253
54 326 105 245
55 341 100 235
56 351 103 222
57 363 97 216
58 376 92 208
59 385 93 198
60 405 81 190
61 415 79 182
62 427 77 172
63 437 77 162
64 451 72 153
65 457 78 141
66 467 75 134
67 478 74 124
68 487 70 119
69 500 63 113
70 505 67 104
71 517 59 100
72 526 55 95
73 538 47 91
74 543 46 87
75 549 45 82
76 556 40 80
77 562 39 75
78 567 35 74
79 572 31 73
80 575 29 72
81 579 33 64
82 587 28 61
83 597 20 59
84 605 12 59
85 608 9 59
86 610 8 58
87 610 8 58
88 613 5 58
89 613 6 57
90 614 5 57
91 615 4 57
92 616 3 57
93 616 3 57
94 617 3 56
95 617 3 56
96 617 3 56
97 618 3 55
98 620 1 55
99 587 33 56
100 592 28 56
101 594 26 56
102 596 25 55
103 597 24 55
104 600 21 55
105 604 17 55
106 608 13 55
107 608 13 55
108 611 10 55
109 0 614 62
110 0 617 59
111 0 618 58
112 0 620 56
113 0 620 56
114 0 620 56
115 0 620 56
116 0 0 676
117 0 0 676
118 0 0 676
119 0 0 676
120 0 0 676
121 0 0 676
122 0 0 676
123 0 0 676
124 0 0 676
125 0 0 676
126 0 0 676
127 0 0 676
128 0 0 676
129 0 0 676
130 0 0 676
131 0 0 676
132 0 0 676
133 0 0 676
134 0 0 676
135 0 0 676
136 0 0 676
137 0 0 676
138 0 0 676
139 0 0 676
140 0 0 676
141 0 0 676
142 0 0 676
143 0 0 676
144 0 0 676
145 0 0 676
146 0 0 676
147 0 0 676
148 0 0 676
149 0 0 676
150 0 0 676
151 0 0 676
152 0 0 676
153 0 0 676
154 0 0 676
155 0 0 676
156 0 0 676
157 0 0 676
158 0 0 676
159 0 0 676
160 0 0 676
161 0 0 676
162 0 0 676
163 0 0 676
164 0 0 676
165 0 0 676
166 0 0 676
167 0 0 676
168 0 0 676
169 0 0 676
170 0 0 676
171 0 0 676
172 0 0 676
173 0 0 676
174 0 0 676
175 0 0 676
176 0 0 676
177 0 0 676
178 0 0 676
179 0 0 676
180 0 0 676
181 0 0 676
182 0 0 676
183 0 0 676
184 0 0 676
185 0 0 676
186 0 0 676
187 0 0 676
188 0 0 676
189 0 0 676
190 0 0 676
191 0 0 676
192 0 0 676
193 0 0 676
194 0 0 676
195 0 0 676
196 0 0 676
197 0 0 676
198 0 0 676
199 0 0 676
200 0 0 676
201 0 0 676
202 0 0 676
203 0 0 676
204 0 0 676
205 0 0 676
206 0 0 676
207 0 0 676
208 0 0 676
209 0 0 676
210 0 0 676
211 0 0 676
212 0 0 676
213 0 0 676
214 0 0 676
215 0 0 676
216 0 0 676
217 0 0 676
218 0 0 676
219 0 0 676
220 0 0 676
221 0 0 676
222 0 0 676
223 0 0 676
224 0 0 676
225 0 0 676
226 0 0 676
227 0 0 676
228 0 0 676
229 0 0 676
230 0 0 676
231 0 0 676
232 0 0 676
233 0 0 676
234 0 0 676
235 0 0 676
236 0 0 676
237 0 0 676
238 0 0 676
239 0 0 676
240 0 0 676
241 0 0 676
242 0 0 676
243 0 0 676
244 0 0 676
245 0 0 676
246 0 0 676
247 0 0 676
248 0 0 676
249 0 0 676
250 0 0 676
251 0 0 676
252 0 0 676
253 0 0 676
254 0 0 676
255 0 0 676
256 0 0 676
257 0 0 676
258 0 0 676
259 0 0 676
260 0 0 676
261 0 0 676
262 0 0 676
263 0 0 676
264 0 0 676
265 0 0 676
266 0 0 676
267 0 0 676
268 0 0 676
269 0 0 676
270 0 0 676
271 0 0 676
272 0 0 676
273 0 0 676
274 0 0 676
275 0 0 676
276 0 0 676
277 0 0 676
278 0 0 676
279 0 0 676
280 0 0 676
281 0 0 676
282 0 0 676
283 0 0 676
284 0 0 676
285 0 0 676
286 0 0 676
287 0 0 676
288 0 0 676
289 0 0 676
290 0 0 676
291 0 0 676
292 0 0 676
293 0 0 676
294 0 0 676
295 0 0 676
296 0 0 676
297 0 0 676
298 0 0 676
299 0 0 676
300 0 0 676
