0 0.0014792899408284023 0.0 0.9985207100591716
1 0.004437869822485207 0.0029585798816568047 0.992603550295858
2 0.0073964497041420114 0.0029585798816568047 0.9896449704142012
3 0.008875739644970414 0.004437869822485207 0.9866863905325444
4 0.011834319526627219 0.004437869822485207 0.9837278106508875
5 0.013313609467455622 0.011834319526627219 0.9748520710059172
6 0.016272189349112426 0.011834319526627219 0.9718934911242604
7 0.019230769230769232 0.014792899408284023 0.9659763313609467
8 0.02514792899408284 0.014792899408284023 0.9600591715976331
9 0.034023668639053255 0.011834319526627219 0.9541420118343196
10 0.03698224852071006 0.011834319526627219 0.9511834319526628
11 0.03994082840236687 0.016272189349112426 0.9437869822485208
12 0.04437869822485207 0.020710059171597635 0.9349112426035503
13 0.047337278106508875 0.02514792899408284 0.9275147928994083
14 0.05473372781065089 0.026627218934911243 0.9186390532544378
15 0.06360946745562131 0.02514792899408284 0.9112426035502958
16 0.07248520710059171 0.028106508875739646 0.8994082840236687
17 0.07692307692307693 0.03106508875739645 0.8920118343195266
18 0.08727810650887574 0.038461538461538464 0.8742603550295858
19 0.09615384615384616 0.042899408284023666 0.8609467455621301
20 0.10798816568047337 0.03550295857988166 0.856508875739645
21 0.12130177514792899 0.03550295857988166 0.8431952662721893
22 0.1301775147928994 0.038461538461538464 0.8313609467455622
23 0.14053254437869822 0.04142011834319527 0.8180473372781065
24 0.15236686390532544 0.03994082840236687 0.8076923076923077
25 0.16272189349112426 0.03254437869822485 0.8047337278106509
26 0.17455621301775148 0.03106508875739645 0.7943786982248521
27 0.1819526627218935 0.03106508875739645 0.7869822485207101
28 0.19230769230769232 0.034023668639053255 0.7736686390532544
29 0.20118343195266272 0.034023668639053255 0.764792899408284
30 0.20710059171597633 0.038461538461538464 0.7544378698224852
31 0.22041420118343194 0.03254437869822485 0.7470414201183432
32 0.23076923076923078 0.03106508875739645 0.7381656804733728
33 0.23372781065088757 0.03550295857988166 0.7307692307692307
34 0.24260355029585798 0.038461538461538464 0.7189349112426036
35 0.2485207100591716 0.038461538461538464 0.7130177514792899
36 0.2618343195266272 0.04142011834319527 0.6967455621301775
37 0.27071005917159763 0.038461538461538464 0.6908284023668639
38 0.27514792899408286 0.042899408284023666 0.6819526627218935
39 0.2869822485207101 0.03698224852071006 0.6760355029585798
40 0.2958579881656805 0.038461538461538464 0.665680473372781
41 0.30177514792899407 0.047337278106508875 0.650887573964497
42 0.3150887573964497 0.03994082840236687 0.6449704142011834
43 0.31952662721893493 0.04437869822485207 0.636094674556213
44 0.33727810650887574 0.03994082840236687 0.6227810650887574
45 0.34467455621301774 0.04881656804733728 0.606508875739645
46 0.3520710059171598 0.047337278106508875 0.6005917159763313
47 0.35650887573964496 0.05473372781065089 0.5887573964497042
48 0.3698224852071006 0.051775147928994084 0.5784023668639053
49 0.3816568047337278 0.05473372781065089 0.5636094674556213
50 0.3905325443786982 0.05621301775147929 0.5532544378698225
51 0.40088757396449703 0.057692307692307696 0.5414201183431953
52 0.41420118343195267 0.051775147928994084 0.5340236686390533
53 0.42159763313609466 0.05473372781065089 0.5236686390532544
54 0.4334319526627219 0.05325443786982249 0.5133136094674556
55 0.4467455621301775 0.04881656804733728 0.5044378698224852
56 0.4541420118343195 0.057692307692307696 0.4881656804733728
57 0.46597633136094674 0.05473372781065089 0.47928994082840237
58 0.47041420118343197 0.0621301775147929 0.46745562130177515
59 0.4807692307692308 0.06656804733727811 0.4526627218934911
60 0.492603550295858 0.07544378698224852 0.4319526627218935
61 0.5044378698224852 0.07692307692307693 0.41863905325443784
62 0.5192307692307693 0.07396449704142012 0.4068047337278107
63 0.5295857988165681 0.07100591715976332 0.3994082840236686
64 0.5414201183431953 0.07544378698224852 0.3831360946745562
65 0.5547337278106509 0.07248520710059171 0.3727810650887574
66 0.5680473372781065 0.07396449704142012 0.35798816568047337
67 0.5813609467455622 0.07840236686390532 0.34023668639053256
68 0.5961538461538461 0.07692307692307693 0.3269230769230769
69 0.6050295857988166 0.07840236686390532 0.3165680473372781
70 0.613905325443787 0.08727810650887574 0.2988165680473373
71 0.6301775147928994 0.07692307692307693 0.29289940828402367
72 0.6464497041420119 0.08727810650887574 0.26627218934911245
73 0.6627218934911243 0.07692307692307693 0.2603550295857988
74 0.6715976331360947 0.08284023668639054 0.2455621301775148
75 0.6893491124260355 0.08136094674556213 0.22928994082840237
76 0.7026627218934911 0.08284023668639054 0.21449704142011836
77 0.7144970414201184 0.07988165680473373 0.20562130177514792
78 0.7337278106508875 0.06804733727810651 0.19822485207100593
79 0.7529585798816568 0.060650887573964495 0.1863905325443787
80 0.764792899408284 0.05621301775147929 0.17899408284023668
81 0.7736686390532544 0.05473372781065089 0.17159763313609466
82 0.7795857988165681 0.05473372781065089 0.16568047337278108
83 0.7958579881656804 0.04437869822485207 0.15976331360946747
84 0.8062130177514792 0.03550295857988166 0.15828402366863906
85 0.8136094674556213 0.03550295857988166 0.15088757396449703
86 0.8224852071005917 0.03106508875739645 0.14644970414201183
87 0.8284023668639053 0.026627218934911243 0.14497041420118342
88 0.834319526627219 0.03106508875739645 0.1346153846153846
89 0.8387573964497042 0.028106508875739646 0.13313609467455623
90 0.8461538461538461 0.023668639053254437 0.1301775147928994
91 0.8476331360946746 0.02514792899408284 0.12721893491124261
92 0.8520710059171598 0.028106508875739646 0.11982248520710059
93 0.8609467455621301 0.022189349112426034 0.11686390532544379
94 0.863905325443787 0.020710059171597635 0.11538461538461539
95 0.8698224852071006 0.023668639053254437 0.10650887573964497
96 0.871301775147929 0.023668639053254437 0.10502958579881656
97 0.8742603550295858 0.022189349112426034 0.10355029585798817
98 0.8831360946745562 0.019230769230769232 0.09763313609467456
99 0.8846153846153846 0.019230769230769232 0.09615384615384616
100 0.8890532544378699 0.016272189349112426 0.09467455621301775
101 0.8920118343195266 0.014792899408284023 0.09319526627218935
102 0.893491124260355 0.014792899408284023 0.09171597633136094
103 0.8994082840236687 0.008875739644970414 0.09171597633136094
104 0.9023668639053254 0.008875739644970414 0.08875739644970414
105 0.9053254437869822 0.0073964497041420114 0.08727810650887574
106 0.9068047337278107 0.005917159763313609 0.08727810650887574
107 0.9097633136094675 0.004437869822485207 0.08579881656804733
108 0.9112426035502958 0.005917159763313609 0.08284023668639054
109 0.9127218934911243 0.005917159763313609 0.08136094674556213
110 0.915680473372781 0.0029585798816568047 0.08136094674556213
111 0.915680473372781 0.0029585798816568047 0.08136094674556213
112 0.9171597633136095 0.0014792899408284023 0.08136094674556213
113 0.9186390532544378 0.0 0.08136094674556213
114 0.9186390532544378 0.0 0.08136094674556213
115 0.9186390532544378 0.0 0.08136094674556213
116 0.9186390532544378 0.0 0.08136094674556213
117 0.9186390532544378 0.0 0.08136094674556213
118 0.9186390532544378 0.0 0.08136094674556213
119 0.9186390532544378 0.0 0.08136094674556213
120 0.9186390532544378 0.0 0.08136094674556213
121 0.9186390532544378 0.0 0.08136094674556213
122 0.9186390532544378 0.0 0.08136094674556213
123 0.9186390532544378 0.0 0.08136094674556213
124 0.9186390532544378 0.0 0.08136094674556213
125 0.9186390532544378 0.0 0.08136094674556213
126 0.9186390532544378 0.0 0.08136094674556213
127 0.9186390532544378 0.0 0.08136094674556213
128 0.9186390532544378 0.0 0.08136094674556213
129 0.9186390532544378 0.0 0.08136094674556213
130 0.9186390532544378 0.0 0.08136094674556213
131 0.9186390532544378 0.0 0.08136094674556213
132 0.9186390532544378 0.0 0.08136094674556213
133 0.9186390532544378 0.0 0.08136094674556213
134 0.9186390532544378 0.0 0.08136094674556213
135 0.9186390532544378 0.0 0.08136094674556213
136 0.9186390532544378 0.0 0.08136094674556213
137 0.9186390532544378 0.0 0.08136094674556213
138 0.9186390532544378 0.0 0.08136094674556213
139 0.9186390532544378 0.0 0.08136094674556213
140 0.9186390532544378 0.0 0.08136094674556213
141 0.9186390532544378 0.0 0.08136094674556213
142 0.9186390532544378 0.0 0.08136094674556213
143 0.9186390532544378 0.0 0.08136094674556213
144 0.9186390532544378 0.0 0.08136094674556213
145 0.9186390532544378 0.0 0.08136094674556213
146 0.9186390532544378 0.0 0.08136094674556213
147 0.9186390532544378 0.0 0.08136094674556213
148 0.9186390532544378 0.0 0.08136094674556213
149 0.9186390532544378 0.0 0.08136094674556213
150 0.9186390532544378 0.0 0.08136094674556213
151 0.9186390532544378 0.0 0.08136094674556213
152 0.9186390532544378 0.0 0.08136094674556213
153 0.9186390532544378 0.0 0.08136094674556213
154 0.9186390532544378 0.0 0.08136094674556213
155 0.9186390532544378 0.0 0.08136094674556213
156 0.9186390532544378 0.0 0.08136094674556213
157 0.9186390532544378 0.0 0.08136094674556213
158 0.9186390532544378 0.0 0.08136094674556213
159 0.9186390532544378 0.0 0.08136094674556213
160 0.9171597633136095 0.0014792899408284023 0.08136094674556213
161 0.9127218934911243 0.005917159763313609 0.08136094674556213
162 0.9171597633136095 0.0014792899408284023 0.08136094674556213
163 0.9097633136094675 0.008875739644970414 0.08136094674556213
164 0.9127218934911243 0.005917159763313609 0.08136094674556213
165 0.9171597633136095 0.0014792899408284023 0.08136094674556213
166 0.9171597633136095 0.0014792899408284023 0.08136094674556213
167 0 0 0
168 0 0 0
169 0 0 0
170 0 0 0
171 0 0 0
172 0 0 0
173 0 0 0
174 0 0 0
175 0 0 0
176 0 0 0
177 0 0 0
178 0 0 0
179 0 0 0
180 0 0 0
181 0 0 0
182 0 0 0
183 0 0 0
184 0 0 0
185 0 0 0
186 0 0 0
187 0 0 0
188 0 0 0
189 0 0 0
190 0 0 0
191 0 0 0
192 0 0 0
193 0 0 0
194 0 0 0
195 0 0 0
196 0 0 0
197 0 0 0
198 0 0 0
199 0 0 0
200 0 0 0
201 0 0 0
202 0 0 0
203 0 0 0
204 0 0 0
205 0 0 0
206 0 0 0
207 0 0 0
208 0 0 0
209 0 0 0
210 0 0 0
211 0 0 0
212 0 0 0
213 0 0 0
214 0 0 0
215 0 0 0
216 0 0 0
217 0 0 0
218 0 0 0
219 0 0 0
220 0 0 0
221 0 0 0
222 0 0 0
223 0 0 0
224 0 0 0
225 0 0 0
226 0 0 0
227 0 0 0
228 0 0 0
229 0 0 0
230 0 0 0
231 0 0 0
232 0 0 0
233 0 0 0
234 0 0 0
235 0 0 0
236 0 0 0
237 0 0 0
238 0 0 0
239 0 0 0
240 0 0 0
241 0 0 0
242 0 0 0
243 0 0 0
244 0 0 0
245 0 0 0
246 0 0 0
247 0 0 0
248 0 0 0
249 0 0 0
250 0 0 0
251 0 0 0
252 0 0 0
253 0 0 0
254 0 0 0
255 0 0 0
256 0 0 0
257 0 0 0
258 0 0 0
259 0 0 0
260 0 0 0
261 0 0 0
262 0 0 0
263 0 0 0
264 0 0 0
265 0 0 0
266 0 0 0
267 0 0 0
268 0 0 0
269 0 0 0
270 0 0 0
271 0 0 0
272 0 0 0
273 0 0 0
274 0 0 0
275 0 0 0
276 0 0 0
277 0 0 0
278 0 0 0
279 0 0 0
280 0 0 0
281 0 0 0
282 0 0 0
283 0 0 0
284 0 0 0
285 0 0 0
286 0 0 0
287 0 0 0
288 0 0 0
289 0 0 0
290 0 0 0
291 0 0 0
292 0 0 0
293 0 0 0
294 0 0 0
295 0 0 0
296 0 0 0
297 0 0 0
298 0 0 0
299 0 0 0
300 0 0 0
