0 0.0014792899408284023 0.0 0.9985207100591716
1 0.005917159763313609 0.0014792899408284023 0.992603550295858
2 0.0073964497041420114 0.0 0.992603550295858
3 0.008875739644970414 0.0029585798816568047 0.9881656804733728
4 0.011834319526627219 0.005917159763313609 0.9822485207100592
5 0.016272189349112426 0.0029585798816568047 0.9807692307692307
6 0.016272189349112426 0.008875739644970414 0.9748520710059172
7 0.01775147928994083 0.010355029585798817 0.9718934911242604
8 0.023668639053254437 0.0073964497041420114 0.9689349112426036
9 0.029585798816568046 0.005917159763313609 0.9644970414201184
10 0.03254437869822485 0.010355029585798817 0.9571005917159763
11 0.03550295857988166 0.014792899408284023 0.9497041420118343
12 0.04142011834319527 0.016272189349112426 0.9423076923076923
13 0.05029585798816568 0.011834319526627219 0.9378698224852071
14 0.05473372781065089 0.01775147928994083 0.9275147928994083
15 0.060650887573964495 0.022189349112426034 0.9171597633136095
16 0.0650887573964497 0.028106508875739646 0.9068047337278107
17 0.07840236686390532 0.022189349112426034 0.8994082840236687
18 0.09023668639053255 0.020710059171597635 0.8890532544378699
19 0.09615384615384616 0.026627218934911243 0.8772189349112426
20 0.10207100591715976 0.03254437869822485 0.8653846153846154
21 0.11242603550295859 0.029585798816568046 0.8579881656804734
22 0.1242603550295858 0.02514792899408284 0.8505917159763313
23 0.13609467455621302 0.02514792899408284 0.8387573964497042
24 0.14940828402366865 0.023668639053254437 0.8269230769230769
25 0.15236686390532544 0.026627218934911243 0.8210059171597633
26 0.16272189349112426 0.026627218934911243 0.8106508875739645
27 0.17011834319526628 0.029585798816568046 0.8002958579881657
28 0.1819526627218935 0.02514792899408284 0.7928994082840237
29 0.1878698224852071 0.029585798816568046 0.7825443786982249
30 0.1937869822485207 0.029585798816568046 0.7766272189349113
31 0.20266272189349113 0.026627218934911243 0.7707100591715976
32 0.21153846153846154 0.028106508875739646 0.7603550295857988
33 0.21893491124260356 0.029585798816568046 0.7514792899408284
34 0.22633136094674555 0.029585798816568046 0.7440828402366864
35 0.23816568047337278 0.03254437869822485 0.7292899408284024
36 0.25 0.029585798816568046 0.7204142011834319
37 0.2603550295857988 0.026627218934911243 0.7130177514792899
38 0.26479289940828404 0.03106508875739645 0.7041420118343196
39 0.27071005917159763 0.03106508875739645 0.6982248520710059
40 0.28254437869822485 0.03106508875739645 0.6863905325443787
41 0.2943786982248521 0.03254437869822485 0.6730769230769231
42 0.2973372781065089 0.03698224852071006 0.665680473372781
43 0.3091715976331361 0.029585798816568046 0.6612426035502958
44 0.3210059171597633 0.03254437869822485 0.6464497041420119
45 0.33136094674556216 0.03254437869822485 0.636094674556213
46 0.33875739644970415 0.04142011834319527 0.6198224852071006
47 0.3431952662721893 0.04437869822485207 0.6124260355029586
48 0.35502958579881655 0.04437869822485207 0.6005917159763313
49 0.371301775147929 0.038461538461538464 0.5902366863905325
50 0.378698224852071 0.03698224852071006 0.584319526627219
51 0.39349112426035504 0.038461538461538464 0.5680473372781065
52 0.3994082840236686 0.04437869822485207 0.5562130177514792
53 0.40976331360946744 0.04142011834319527 0.5488165680473372
54 0.42159763313609466 0.04585798816568047 0.5325443786982249
55 0.4275147928994083 0.051775147928994084 0.5207100591715976
56 0.4408284023668639 0.04881656804733728 0.5103550295857988
57 0.4541420118343195 0.047337278106508875 0.4985207100591716
58 0.46745562130177515 0.04437869822485207 0.4881656804733728
59 0.47781065088757396 0.04437869822485207 0.47781065088757396
60 0.48520710059171596 0.04585798816568047 0.46893491124260356
61 0.4970414201183432 0.047337278106508875 0.4556213017751479
62 0.5088757396449705 0.04437869822485207 0.4467455621301775
63 0.5236686390532544 0.04437869822485207 0.4319526627218935
64 0.5340236686390533 0.04881656804733728 0.4171597633136095
65 0.5458579881656804 0.05029585798816568 0.40384615384615385
66 0.5473372781065089 0.05917159763313609 0.39349112426035504
67 0.5665680473372781 0.05917159763313609 0.3742603550295858
68 0.5784023668639053 0.051775147928994084 0.3698224852071006
69 0.5872781065088757 0.057692307692307696 0.35502958579881655
70 0.6035502958579881 0.04585798816568047 0.3505917159763314
71 0.6183431952662722 0.03994082840236687 0.34171597633136097
72 0.6390532544378699 0.04142011834319527 0.31952662721893493
73 0.6479289940828402 0.05029585798816568 0.30177514792899407
74 0.6597633136094675 0.051775147928994084 0.28846153846153844
75 0.6686390532544378 0.057692307692307696 0.27366863905325445
76 0.6834319526627219 0.0621301775147929 0.25443786982248523
77 0.6923076923076923 0.06804733727810651 0.23964497041420119
78 0.7100591715976331 0.05917159763313609 0.23076923076923078
79 0.7248520710059172 0.0621301775147929 0.21301775147928995
80 0.7381656804733728 0.0650887573964497 0.19674556213017752
81 0.7514792899408284 0.06804733727810651 0.1804733727810651
82 0.7662721893491125 0.05917159763313609 0.17455621301775148
83 0.7825443786982249 0.04881656804733728 0.16863905325443787
84 0.7943786982248521 0.04437869822485207 0.16124260355029585
85 0.8076923076923077 0.03550295857988166 0.15680473372781065
86 0.8210059171597633 0.03106508875739645 0.14792899408284024
87 0.8239644970414202 0.03254437869822485 0.14349112426035504
88 0.8313609467455622 0.03254437869822485 0.13609467455621302
89 0.8372781065088757 0.03106508875739645 0.13165680473372782
90 0.8461538461538461 0.026627218934911243 0.12721893491124261
91 0.856508875739645 0.020710059171597635 0.1227810650887574
92 0.8624260355029586 0.016272189349112426 0.12130177514792899
93 0.8624260355029586 0.019230769230769232 0.11834319526627218
94 0.8683431952662722 0.019230769230769232 0.11242603550295859
95 0.8742603550295858 0.014792899408284023 0.11094674556213018
96 0.8772189349112426 0.013313609467455622 0.10946745562130178
97 0.8801775147928994 0.014792899408284023 0.10502958579881656
98 0.8846153846153846 0.011834319526627219 0.10355029585798817
99 0.8875739644970414 0.014792899408284023 0.09763313609467456
100 0.8890532544378699 0.013313609467455622 0.09763313609467456
101 0.8949704142011834 0.008875739644970414 0.09615384615384616
102 0.8979289940828402 0.010355029585798817 0.09171597633136094
103 0.9023668639053254 0.0073964497041420114 0.09023668639053255
104 0.9038461538461539 0.0073964497041420114 0.08875739644970414
105 0.9068047337278107 0.004437869822485207 0.08875739644970414
106 0.908284023668639 0.004437869822485207 0.08727810650887574
107 0.9112426035502958 0.004437869822485207 0.08431952662721894
108 0.9112426035502958 0.005917159763313609 0.08284023668639054
109 0.9112426035502958 0.0073964497041420114 0.08136094674556213
110 0.9142011834319527 0.004437869822485207 0.08136094674556213
111 0.915680473372781 0.0029585798816568047 0.08136094674556213
112 0.9171597633136095 0.0014792899408284023 0.08136094674556213
113 0.9171597633136095 0.0014792899408284023 0.08136094674556213
114 0.9186390532544378 0.0 0.08136094674556213
115 0.9186390532544378 0.0 0.08136094674556213
116 0.9186390532544378 0.0 0.08136094674556213
117 0.9186390532544378 0.0 0.08136094674556213
118 0.9186390532544378 0.0 0.08136094674556213
119 0.9186390532544378 0.0 0.08136094674556213
120 0.9186390532544378 0.0 0.08136094674556213
121 0.9186390532544378 0.0 0.08136094674556213
122 0.9186390532544378 0.0 0.08136094674556213
123 0.9186390532544378 0.0 0.08136094674556213
124 0.9186390532544378 0.0 0.08136094674556213
125 0.9186390532544378 0.0 0.08136094674556213
126 0.9186390532544378 0.0 0.08136094674556213
127 0.9186390532544378 0.0 0.08136094674556213
128 0.9186390532544378 0.0 0.08136094674556213
129 0.9186390532544378 0.0 0.08136094674556213
130 0.9186390532544378 0.0 0.08136094674556213
131 0.9186390532544378 0.0 0.08136094674556213
132 0.9186390532544378 0.0 0.08136094674556213
133 0.9186390532544378 0.0 0.08136094674556213
134 0.9186390532544378 0.0 0.08136094674556213
135 0.9186390532544378 0.0 0.08136094674556213
136 0.9186390532544378 0.0 0.08136094674556213
137 0.9186390532544378 0.0 0.08136094674556213
138 0.9186390532544378 0.0 0.08136094674556213
139 0.9186390532544378 0.0 0.08136094674556213
140 0.9186390532544378 0.0 0.08136094674556213
141 0.9186390532544378 0.0 0.08136094674556213
142 0.9186390532544378 0.0 0.08136094674556213
143 0.9186390532544378 0.0 0.08136094674556213
144 0.9186390532544378 0.0 0.08136094674556213
145 0.9186390532544378 0.0 0.08136094674556213
146 0.9186390532544378 0.0 0.08136094674556213
147 0.9186390532544378 0.0 0.08136094674556213
148 0.9186390532544378 0.0 0.08136094674556213
149 0.9186390532544378 0.0 0.08136094674556213
150 0.9186390532544378 0.0 0.08136094674556213
151 0.9186390532544378 0.0 0.08136094674556213
152 0.9186390532544378 0.0 0.08136094674556213
153 0.9186390532544378 0.0 0.08136094674556213
154 0.9186390532544378 0.0 0.08136094674556213
155 0.9186390532544378 0.0 0.08136094674556213
156 0.9186390532544378 0.0 0.08136094674556213
157 0.9186390532544378 0.0 0.08136094674556213
158 0.9186390532544378 0.0 0.08136094674556213
159 0.9186390532544378 0.0 0.08136094674556213
160 0.9186390532544378 0.0 0.08136094674556213
161 0.9186390532544378 0.0 0.08136094674556213
162 0.9186390532544378 0.0 0.08136094674556213
163 0.9186390532544378 0.0 0.08136094674556213
164 0.9186390532544378 0.0 0.08136094674556213
165 0.9186390532544378 0.0 0.08136094674556213
166 0.9171597633136095 0.0014792899408284023 0.08136094674556213
167 0.9171597633136095 0.0014792899408284023 0.08136094674556213
168 0 0 0
169 0 0 0
170 0 0 0
171 0 0 0
172 0 0 0
173 0 0 0
174 0 0 0
175 0 0 0
176 0 0 0
177 0 0 0
178 0 0 0
179 0 0 0
180 0 0 0
181 0 0 0
182 0 0 0
183 0 0 0
184 0 0 0
185 0 0 0
186 0 0 0
187 0 0 0
188 0 0 0
189 0 0 0
190 0 0 0
191 0 0 0
192 0 0 0
193 0 0 0
194 0 0 0
195 0 0 0
196 0 0 0
197 0 0 0
198 0 0 0
199 0 0 0
200 0 0 0
201 0 0 0
202 0 0 0
203 0 0 0
204 0 0 0
205 0 0 0
206 0 0 0
207 0 0 0
208 0 0 0
209 0 0 0
210 0 0 0
211 0 0 0
212 0 0 0
213 0 0 0
214 0 0 0
215 0 0 0
216 0 0 0
217 0 0 0
218 0 0 0
219 0 0 0
220 0 0 0
221 0 0 0
222 0 0 0
223 0 0 0
224 0 0 0
225 0 0 0
226 0 0 0
227 0 0 0
228 0 0 0
229 0 0 0
230 0 0 0
231 0 0 0
232 0 0 0
233 0 0 0
234 0 0 0
235 0 0 0
236 0 0 0
237 0 0 0
238 0 0 0
239 0 0 0
240 0 0 0
241 0 0 0
242 0 0 0
243 0 0 0
244 0 0 0
245 0 0 0
246 0 0 0
247 0 0 0
248 0 0 0
249 0 0 0
250 0 0 0
251 0 0 0
252 0 0 0
253 0 0 0
254 0 0 0
255 0 0 0
256 0 0 0
257 0 0 0
258 0 0 0
259 0 0 0
260 0 0 0
261 0 0 0
262 0 0 0
263 0 0 0
264 0 0 0
265 0 0 0
266 0 0 0
267 0 0 0
268 0 0 0
269 0 0 0
270 0 0 0
271 0 0 0
272 0 0 0
273 0 0 0
274 0 0 0
275 0 0 0
276 0 0 0
277 0 0 0
278 0 0 0
279 0 0 0
280 0 0 0
281 0 0 0
282 0 0 0
283 0 0 0
284 0 0 0
285 0 0 0
286 0 0 0
287 0 0 0
288 0 0 0
289 0 0 0
290 0 0 0
291 0 0 0
292 0 0 0
293 0 0 0
294 0 0 0
295 0 0 0
296 0 0 0
297 0 0 0
298 0 0 0
299 0 0 0
300 0 0 0
