0 0.0014792899408284023 0.0 0.9985207100591716
1 0.004437869822485207 0.008875739644970414 0.9866863905325444
2 0.008875739644970414 0.011834319526627219 0.9792899408284024
3 0.010355029585798817 0.014792899408284023 0.9748520710059172
4 0.010355029585798817 0.020710059171597635 0.9689349112426036
5 0.011834319526627219 0.022189349112426034 0.9659763313609467
6 0.01775147928994083 0.020710059171597635 0.9615384615384616
7 0.020710059171597635 0.026627218934911243 0.9526627218934911
8 0.026627218934911243 0.02514792899408284 0.9482248520710059
9 0.029585798816568046 0.03106508875739645 0.9393491124260355
10 0.03254437869822485 0.03698224852071006 0.9304733727810651
11 0.03698224852071006 0.04142011834319527 0.9215976331360947
12 0.04437869822485207 0.047337278106508875 0.908284023668639
13 0.04881656804733728 0.05029585798816568 0.900887573964497
14 0.05473372781065089 0.051775147928994084 0.893491124260355
15 0.060650887573964495 0.05473372781065089 0.8846153846153846
16 0.06656804733727811 0.05325443786982249 0.8801775147928994
17 0.07100591715976332 0.060650887573964495 0.8683431952662722
18 0.07840236686390532 0.06656804733727811 0.8550295857988166
19 0.09023668639053255 0.06804733727810651 0.841715976331361
20 0.09911242603550297 0.07100591715976332 0.8298816568047337
21 0.1227810650887574 0.060650887573964495 0.8165680473372781
22 0.13165680473372782 0.05917159763313609 0.8091715976331361
23 0.1346153846153846 0.0650887573964497 0.8002958579881657
24 0.14644970414201183 0.0621301775147929 0.7914201183431953
25 0.15384615384615385 0.06656804733727811 0.7795857988165681
26 0.15976331360946747 0.0695266272189349 0.7707100591715976
27 0.16420118343195267 0.07100591715976332 0.764792899408284
28 0.1760355029585799 0.07100591715976332 0.7529585798816568
29 0.1849112426035503 0.07396449704142012 0.7411242603550295
30 0.19674556213017752 0.07544378698224852 0.727810650887574
31 0.20118343195266272 0.08284023668639054 0.7159763313609467
32 0.20414201183431951 0.08579881656804733 0.7100591715976331
33 0.21597633136094674 0.08579881656804733 0.6982248520710059
34 0.22041420118343194 0.08727810650887574 0.6923076923076923
35 0.22781065088757396 0.08875739644970414 0.6834319526627219
36 0.23964497041420119 0.08431952662721894 0.6760355029585798
37 0.2440828402366864 0.09171597633136094 0.6642011834319527
38 0.2559171597633136 0.08727810650887574 0.6568047337278107
39 0.26627218934911245 0.08136094674556213 0.6523668639053254
40 0.28254437869822485 0.07248520710059171 0.6449704142011834
41 0.2988165680473373 0.0695266272189349 0.6316568047337278
42 0.3091715976331361 0.07100591715976332 0.6198224852071006
43 0.3165680473372781 0.07692307692307693 0.606508875739645
44 0.32988165680473375 0.07692307692307693 0.5931952662721893
45 0.33579881656804733 0.07692307692307693 0.5872781065088757
46 0.34763313609467456 0.08431952662721894 0.5680473372781065
47 0.35798816568047337 0.07988165680473373 0.5621301775147929
48 0.3624260355029586 0.08431952662721894 0.5532544378698225
49 0.3683431952662722 0.09467455621301775 0.5369822485207101
50 0.3742603550295858 0.10059171597633136 0.5251479289940828
51 0.386094674556213 0.09911242603550297 0.514792899408284
52 0.3994082840236686 0.09911242603550297 0.5014792899408284
53 0.41863905325443784 0.09319526627218935 0.4881656804733728
54 0.42159763313609466 0.10355029585798817 0.47485207100591714
55 0.4349112426035503 0.10946745562130178 0.4556213017751479
56 0.4511834319526627 0.10798816568047337 0.4408284023668639
57 0.45710059171597633 0.1227810650887574 0.42011834319526625
58 0.46745562130177515 0.12130177514792899 0.41124260355029585
59 0.47633136094674555 0.12130177514792899 0.40236686390532544
60 0.4911242603550296 0.11390532544378698 0.39497041420118345
61 0.507396449704142 0.10502958579881656 0.3875739644970414
62 0.5192307692307693 0.10650887573964497 0.3742603550295858
63 0.5236686390532544 0.11686390532544379 0.3594674556213018
64 0.5369822485207101 0.11686390532544379 0.34615384615384615
65 0.5502958579881657 0.11686390532544379 0.3328402366863905
66 0.5606508875739645 0.1242603550295858 0.3150887573964497
67 0.5724852071005917 0.12130177514792899 0.3062130177514793
68 0.5798816568047337 0.13609467455621302 0.28402366863905326
69 0.5872781065088757 0.14201183431952663 0.27071005917159763
70 0.599112426035503 0.14201183431952663 0.2588757396449704
71 0.6183431952662722 0.13313609467455623 0.2485207100591716
72 0.6331360946745562 0.12721893491124261 0.23964497041420119
73 0.6494082840236687 0.11242603550295859 0.23816568047337278
74 0.6612426035502958 0.11390532544378698 0.22485207100591717
75 0.665680473372781 0.11982248520710059 0.21449704142011836
76 0.6908284023668639 0.10059171597633136 0.20857988165680474
77 0.7011834319526628 0.10355029585798817 0.1952662721893491
78 0.7130177514792899 0.10355029585798817 0.1834319526627219
79 0.7218934911242604 0.10355029585798817 0.17455621301775148
80 0.742603550295858 0.08875739644970414 0.16863905325443787
81 0.7485207100591716 0.08727810650887574 0.16420118343195267
82 0.7618343195266272 0.08136094674556213 0.15680473372781065
83 0.7795857988165681 0.07544378698224852 0.14497041420118342
84 0.7928994082840237 0.07100591715976332 0.13609467455621302
85 0.8106508875739645 0.057692307692307696 0.13165680473372782
86 0.8150887573964497 0.05621301775147929 0.128698224852071
87 0.8210059171597633 0.05621301775147929 0.1227810650887574
88 0.8254437869822485 0.05325443786982249 0.12130177514792899
89 0.8313609467455622 0.05473372781065089 0.11390532544378698
90 0.8372781065088757 0.051775147928994084 0.11094674556213018
91 0.841715976331361 0.04881656804733728 0.10946745562130178
92 0.8461538461538461 0.04881656804733728 0.10502958579881656
93 0.8505917159763313 0.047337278106508875 0.10207100591715976
94 0.8579881656804734 0.042899408284023666 0.09911242603550297
95 0.8698224852071006 0.034023668639053255 0.09615384615384616
96 0.8757396449704142 0.029585798816568046 0.09467455621301775
97 0.878698224852071 0.03106508875739645 0.09023668639053255
98 0.8831360946745562 0.026627218934911243 0.09023668639053255
99 0.8875739644970414 0.028106508875739646 0.08431952662721894
100 0.8905325443786982 0.02514792899408284 0.08431952662721894
101 0.8920118343195266 0.023668639053254437 0.08431952662721894
102 0.893491124260355 0.023668639053254437 0.08284023668639054
103 0.8949704142011834 0.022189349112426034 0.08284023668639054
104 0.8964497041420119 0.020710059171597635 0.08284023668639054
105 0.8994082840236687 0.019230769230769232 0.08136094674556213
106 0.900887573964497 0.01775147928994083 0.08136094674556213
107 0.9053254437869822 0.013313609467455622 0.08136094674556213
108 0.9053254437869822 0.013313609467455622 0.08136094674556213
109 0.9068047337278107 0.011834319526627219 0.08136094674556213
110 0.9068047337278107 0.011834319526627219 0.08136094674556213
111 0.908284023668639 0.010355029585798817 0.08136094674556213
112 0.9112426035502958 0.0073964497041420114 0.08136094674556213
113 0.9112426035502958 0.0073964497041420114 0.08136094674556213
114 0.9127218934911243 0.005917159763313609 0.08136094674556213
115 0.9142011834319527 0.004437869822485207 0.08136094674556213
116 0.915680473372781 0.0029585798816568047 0.08136094674556213
117 0.9171597633136095 0.0014792899408284023 0.08136094674556213
118 0.9186390532544378 0.0 0.08136094674556213
119 0.9186390532544378 0.0 0.08136094674556213
120 0.9186390532544378 0.0 0.08136094674556213
121 0.9186390532544378 0.0 0.08136094674556213
122 0.9186390532544378 0.0 0.08136094674556213
123 0.9186390532544378 0.0 0.08136094674556213
124 0.9186390532544378 0.0 0.08136094674556213
125 0.9186390532544378 0.0 0.08136094674556213
126 0.9186390532544378 0.0 0.08136094674556213
127 0.9186390532544378 0.0 0.08136094674556213
128 0.9186390532544378 0.0 0.08136094674556213
129 0.9186390532544378 0.0 0.08136094674556213
130 0.9186390532544378 0.0 0.08136094674556213
131 0.9186390532544378 0.0 0.08136094674556213
132 0.9186390532544378 0.0 0.08136094674556213
133 0.9186390532544378 0.0 0.08136094674556213
134 0.9186390532544378 0.0 0.08136094674556213
135 0.9186390532544378 0.0 0.08136094674556213
136 0.9186390532544378 0.0 0.08136094674556213
137 0.9186390532544378 0.0 0.08136094674556213
138 0.9186390532544378 0.0 0.08136094674556213
139 0.9186390532544378 0.0 0.08136094674556213
140 0.9186390532544378 0.0 0.08136094674556213
141 0.9186390532544378 0.0 0.08136094674556213
142 0.9186390532544378 0.0 0.08136094674556213
143 0.9186390532544378 0.0 0.08136094674556213
144 0.9186390532544378 0.0 0.08136094674556213
145 0.9186390532544378 0.0 0.08136094674556213
146 0.9186390532544378 0.0 0.08136094674556213
147 0.9186390532544378 0.0 0.08136094674556213
148 0.9186390532544378 0.0 0.08136094674556213
149 0.9186390532544378 0.0 0.08136094674556213
150 0.9186390532544378 0.0 0.08136094674556213
151 0.9186390532544378 0.0 0.08136094674556213
152 0.9186390532544378 0.0 0.08136094674556213
153 0.9186390532544378 0.0 0.08136094674556213
154 0.9186390532544378 0.0 0.08136094674556213
155 0.9186390532544378 0.0 0.08136094674556213
156 0.9186390532544378 0.0 0.08136094674556213
157 0.9186390532544378 0.0 0.08136094674556213
158 0.9186390532544378 0.0 0.08136094674556213
159 0.9186390532544378 0.0 0.08136094674556213
160 0 0 0
161 0 0 0
162 0 0 0
163 0 0 0
164 0 0 0
165 0 0 0
166 0 0 0
167 0 0 0
168 0 0 0
169 0 0 0
170 0 0 0
171 0 0 0
172 0 0 0
173 0 0 0
174 0 0 0
175 0 0 0
176 0 0 0
177 0 0 0
178 0 0 0
179 0 0 0
180 0 0 0
181 0 0 0
182 0 0 0
183 0 0 0
184 0 0 0
185 0 0 0
186 0 0 0
187 0 0 0
188 0 0 0
189 0 0 0
190 0 0 0
191 0 0 0
192 0 0 0
193 0 0 0
194 0 0 0
195 0 0 0
196 0 0 0
197 0 0 0
198 0 0 0
199 0 0 0
200 0 0 0
201 0 0 0
202 0 0 0
203 0 0 0
204 0 0 0
205 0 0 0
206 0 0 0
207 0 0 0
208 0 0 0
209 0 0 0
210 0 0 0
211 0 0 0
212 0 0 0
213 0 0 0
214 0 0 0
215 0 0 0
216 0 0 0
217 0 0 0
218 0 0 0
219 0 0 0
220 0 0 0
221 0 0 0
222 0 0 0
223 0 0 0
224 0 0 0
225 0 0 0
226 0 0 0
227 0 0 0
228 0 0 0
229 0 0 0
230 0 0 0
231 0 0 0
232 0 0 0
233 0 0 0
234 0 0 0
235 0 0 0
236 0 0 0
237 0 0 0
238 0 0 0
239 0 0 0
240 0 0 0
241 0 0 0
242 0 0 0
243 0 0 0
244 0 0 0
245 0 0 0
246 0 0 0
247 0 0 0
248 0 0 0
249 0 0 0
250 0 0 0
251 0 0 0
252 0 0 0
253 0 0 0
254 0 0 0
255 0 0 0
256 0 0 0
257 0 0 0
258 0 0 0
259 0 0 0
260 0 0 0
261 0 0 0
262 0 0 0
263 0 0 0
264 0 0 0
265 0 0 0
266 0 0 0
267 0 0 0
268 0 0 0
269 0 0 0
270 0 0 0
271 0 0 0
272 0 0 0
273 0 0 0
274 0 0 0
275 0 0 0
276 0 0 0
277 0 0 0
278 0 0 0
279 0 0 0
280 0 0 0
281 0 0 0
282 0 0 0
283 0 0 0
284 0 0 0
285 0 0 0
286 0 0 0
287 0 0 0
288 0 0 0
289 0 0 0
290 0 0 0
291 0 0 0
292 0 0 0
293 0 0 0
294 0 0 0
295 0 0 0
296 0 0 0
297 0 0 0
298 0 0 0
299 0 0 0
300 0 0 0
