0 0.0014792899408284023 0.0 0.9985207100591716
1 0.0029585798816568047 0.0029585798816568047 0.9940828402366864
2 0.0029585798816568047 0.004437869822485207 0.992603550295858
3 0.004437869822485207 0.0029585798816568047 0.992603550295858
4 0.0073964497041420114 0.0 0.992603550295858
5 0.0073964497041420114 0.0 0.992603550295858
6 0.0073964497041420114 0.0 0.992603550295858
7 0.0073964497041420114 0.0073964497041420114 0.985207100591716
8 0.010355029585798817 0.0073964497041420114 0.9822485207100592
9 0.011834319526627219 0.0073964497041420114 0.9807692307692307
10 0.014792899408284023 0.011834319526627219 0.9733727810650887
11 0.01775147928994083 0.010355029585798817 0.9718934911242604
12 0.019230769230769232 0.010355029585798817 0.9704142011834319
13 0.026627218934911243 0.005917159763313609 0.9674556213017751
14 0.026627218934911243 0.014792899408284023 0.9585798816568047
15 0.03106508875739645 0.016272189349112426 0.9526627218934911
16 0.03254437869822485 0.022189349112426034 0.9452662721893491
17 0.038461538461538464 0.016272189349112426 0.9452662721893491
18 0.047337278106508875 0.016272189349112426 0.9363905325443787
19 0.05029585798816568 0.01775147928994083 0.9319526627218935
20 0.05325443786982249 0.020710059171597635 0.9260355029585798
21 0.05917159763313609 0.023668639053254437 0.9171597633136095
22 0.0650887573964497 0.026627218934911243 0.908284023668639
23 0.07248520710059171 0.028106508875739646 0.8994082840236687
24 0.07988165680473373 0.034023668639053255 0.886094674556213
25 0.09171597633136094 0.029585798816568046 0.878698224852071
26 0.09319526627218935 0.03698224852071006 0.8698224852071006
27 0.10502958579881656 0.03698224852071006 0.8579881656804734
28 0.10798816568047337 0.04437869822485207 0.8476331360946746
29 0.11834319526627218 0.04585798816568047 0.8357988165680473
30 0.1390532544378698 0.038461538461538464 0.8224852071005917
31 0.14497041420118342 0.04142011834319527 0.8136094674556213
32 0.15532544378698224 0.047337278106508875 0.7973372781065089
33 0.16863905325443787 0.04881656804733728 0.7825443786982249
34 0.1849112426035503 0.04881656804733728 0.7662721893491125
35 0.19230769230769232 0.05473372781065089 0.7529585798816568
36 0.20266272189349113 0.05325443786982249 0.7440828402366864
37 0.22337278106508876 0.05325443786982249 0.7233727810650887
38 0.23668639053254437 0.05029585798816568 0.7130177514792899
39 0.2470414201183432 0.05325443786982249 0.6997041420118343
40 0.26479289940828404 0.05473372781065089 0.6804733727810651
41 0.27662721893491127 0.05473372781065089 0.6686390532544378
42 0.2869822485207101 0.057692307692307696 0.6553254437869822
43 0.3062130177514793 0.05621301775147929 0.6375739644970414
44 0.3254437869822485 0.057692307692307696 0.6168639053254438
45 0.34171597633136097 0.057692307692307696 0.6005917159763313
46 0.35650887573964496 0.07544378698224852 0.5680473372781065
47 0.3831360946745562 0.07248520710059171 0.5443786982248521
48 0.3994082840236686 0.07692307692307693 0.5236686390532544
49 0.41863905325443784 0.07840236686390532 0.5029585798816568
50 0.4423076923076923 0.0695266272189349 0.4881656804733728
51 0.4541420118343195 0.07840236686390532 0.46745562130177515
52 0.48372781065088755 0.060650887573964495 0.4556213017751479
53 0.4985207100591716 0.07544378698224852 0.4260355029585799
54 0.5162721893491125 0.07840236686390532 0.40532544378698226
55 0.5355029585798816 0.07544378698224852 0.3890532544378698
56 0.5532544378698225 0.06656804733727811 0.3801775147928994
57 0.5739644970414202 0.06360946745562131 0.3624260355029586
58 0.5887573964497042 0.0695266272189349 0.34171597633136097
59 0.6124260355029586 0.06656804733727811 0.3210059171597633
60 0.6242603550295858 0.06804733727810651 0.3076923076923077
61 0.643491124260355 0.05325443786982249 0.3032544378698225
62 0.6494082840236687 0.0650887573964497 0.28550295857988167
63 0.6715976331360947 0.06360946745562131 0.26479289940828404
64 0.6908284023668639 0.060650887573964495 0.2485207100591716
65 0.6997041420118343 0.060650887573964495 0.23964497041420119
66 0.7218934911242604 0.05029585798816568 0.22781065088757396
67 0.7307692307692307 0.060650887573964495 0.20857988165680474
68 0.75 0.05473372781065089 0.1952662721893491
69 0.7618343195266272 0.05325443786982249 0.1849112426035503
70 0.772189349112426 0.05325443786982249 0.17455621301775148
71 0.7840236686390533 0.0621301775147929 0.15384615384615385
72 0.8032544378698225 0.04881656804733728 0.14792899408284024
73 0.8136094674556213 0.04585798816568047 0.14053254437869822
74 0.8269230769230769 0.04142011834319527 0.13165680473372782
75 0.841715976331361 0.03106508875739645 0.12721893491124261
76 0.8505917159763313 0.026627218934911243 0.1227810650887574
77 0.8550295857988166 0.03106508875739645 0.11390532544378698
78 0.8609467455621301 0.03106508875739645 0.10798816568047337
79 0.8668639053254438 0.03106508875739645 0.10207100591715976
80 0.8772189349112426 0.022189349112426034 0.10059171597633136
81 0.8846153846153846 0.019230769230769232 0.09615384615384616
82 0.8920118343195266 0.014792899408284023 0.09319526627218935
83 0.893491124260355 0.014792899408284023 0.09171597633136094
84 0.8994082840236687 0.010355029585798817 0.09023668639053255
85 0.9038461538461539 0.0073964497041420114 0.08875739644970414
86 0.9038461538461539 0.008875739644970414 0.08727810650887574
87 0.9053254437869822 0.0073964497041420114 0.08727810650887574
88 0.908284023668639 0.005917159763313609 0.08579881656804733
89 0.9112426035502958 0.004437869822485207 0.08431952662721894
90 0.9097633136094675 0.005917159763313609 0.08431952662721894
91 0.9097633136094675 0.005917159763313609 0.08431952662721894
92 0.9142011834319527 0.004437869822485207 0.08136094674556213
93 0.9142011834319527 0.004437869822485207 0.08136094674556213
94 0.9142011834319527 0.004437869822485207 0.08136094674556213
95 0.9142011834319527 0.004437869822485207 0.08136094674556213
96 0.9171597633136095 0.0014792899408284023 0.08136094674556213
97 0.9171597633136095 0.0014792899408284023 0.08136094674556213
98 0.9186390532544378 0.0 0.08136094674556213
99 0.9186390532544378 0.0 0.08136094674556213
100 0.9186390532544378 0.0 0.08136094674556213
101 0.9186390532544378 0.0 0.08136094674556213
102 0.9186390532544378 0.0 0.08136094674556213
103 0.9186390532544378 0.0 0.08136094674556213
104 0.9186390532544378 0.0 0.08136094674556213
105 0.9186390532544378 0.0 0.08136094674556213
106 0.9186390532544378 0.0 0.08136094674556213
107 0.9186390532544378 0.0 0.08136094674556213
108 0.9186390532544378 0.0 0.08136094674556213
109 0.9186390532544378 0.0 0.08136094674556213
110 0.9171597633136095 0.0014792899408284023 0.08136094674556213
111 0.9127218934911243 0.005917159763313609 0.08136094674556213
112 0.8949704142011834 0.023668639053254437 0.08136094674556213
113 0.8920118343195266 0.026627218934911243 0.08136094674556213
114 0.8698224852071006 0.04881656804733728 0.08136094674556213
115 0.0 0.9171597633136095 0.08284023668639054
116 0.0 0.9142011834319527 0.08579881656804733
117 0.0 0.9097633136094675 0.09023668639053255
118 0.0 0.9053254437869822 0.09467455621301775
119 0.0 0.0 1.0
120 0.0 0.0 1.0
121 0.0 0.0 1.0
122 0.0 0.0 1.0
123 0.0 0.0 1.0
124 0.0 0.0 1.0
125 0.0 0.0 1.0
126 0.0 0.0 1.0
127 0.0 0.0 1.0
128 0.0 0.0 1.0
129 0.0 0.0 1.0
130 0.0 0.0 1.0
131 0.0 0.0 1.0
132 0.0 0.0 1.0
133 0.0 0.0 1.0
134 0.0 0.0 1.0
135 0.0 0.0 1.0
136 0.0 0.0 1.0
137 0.0 0.0 1.0
138 0.0 0.0 1.0
139 0.0 0.0 1.0
140 0.0 0.0 1.0
141 0.0 0.0 1.0
142 0.0 0.0 1.0
143 0.0 0.0 1.0
144 0.0 0.0 1.0
145 0.0 0.0 1.0
146 0.0 0.0 1.0
147 0.0 0.0 1.0
148 0.0 0.0 1.0
149 0.0 0.0 1.0
150 0.0 0.0 1.0
151 0.0 0.0 1.0
152 0.0 0.0 1.0
153 0.0 0.0 1.0
154 0.0 0.0 1.0
155 0.0 0.0 1.0
156 0.0 0.0 1.0
157 0.0 0.0 1.0
158 0.0 0.0 1.0
159 0.0 0.0 1.0
160 0.0 0.0 1.0
161 0.0 0.0 1.0
162 0.0 0.0 1.0
163 0.0 0.0 1.0
164 0.0 0.0 1.0
165 0.0 0.0 1.0
166 0.0 0.0 1.0
167 0.0 0.0 1.0
168 0.0 0.0 1.0
169 0.0 0.0 1.0
170 0.0 0.0 1.0
171 0.0 0.0 1.0
172 0.0 0.0 1.0
173 0.0 0.0 1.0
174 0.0 0.0 1.0
175 0.0 0.0 1.0
176 0.0 0.0 1.0
177 0.0 0.0 1.0
178 0.0 0.0 1.0
179 0.0 0.0 1.0
180 0.0 0.0 1.0
181 0.0 0.0 1.0
182 0.0 0.0 1.0
183 0.0 0.0 1.0
184 0.0 0.0 1.0
185 0.0 0.0 1.0
186 0.0 0.0 1.0
187 0.0 0.0 1.0
188 0.0 0.0 1.0
189 0.0 0.0 1.0
190 0.0 0.0 1.0
191 0.0 0.0 1.0
192 0.0 0.0 1.0
193 0.0 0.0 1.0
194 0.0 0.0 1.0
195 0.0 0.0 1.0
196 0.0 0.0 1.0
197 0.0 0.0 1.0
198 0.0 0.0 1.0
199 0.0 0.0 1.0
200 0.0 0.0 1.0
201 0.0 0.0 1.0
202 0.0 0.0 1.0
203 0.0 0.0 1.0
204 0.0 0.0 1.0
205 0.0 0.0 1.0
206 0.0 0.0 1.0
207 0.0 0.0 1.0
208 0.0 0.0 1.0
209 0.0 0.0 1.0
210 0.0 0.0 1.0
211 0.0 0.0 1.0
212 0.0 0.0 1.0
213 0.0 0.0 1.0
214 0.0 0.0 1.0
215 0.0 0.0 1.0
216 0.0 0.0 1.0
217 0.0 0.0 1.0
218 0.0 0.0 1.0
219 0.0 0.0 1.0
220 0.0 0.0 1.0
221 0.0 0.0 1.0
222 0.0 0.0 1.0
223 0.0 0.0 1.0
224 0.0 0.0 1.0
225 0.0 0.0 1.0
226 0.0 0.0 1.0
227 0.0 0.0 1.0
228 0.0 0.0 1.0
229 0.0 0.0 1.0
230 0.0 0.0 1.0
231 0.0 0.0 1.0
232 0.0 0.0 1.0
233 0.0 0.0 1.0
234 0.0 0.0 1.0
235 0.0 0.0 1.0
236 0.0 0.0 1.0
237 0.0 0.0 1.0
238 0.0 0.0 1.0
239 0.0 0.0 1.0
240 0.0 0.0 1.0
241 0.0 0.0 1.0
242 0.0 0.0 1.0
243 0.0 0.0 1.0
244 0.0 0.0 1.0
245 0.0 0.0 1.0
246 0.0 0.0 1.0
247 0.0 0.0 1.0
248 0.0 0.0 1.0
249 0.0 0.0 1.0
250 0.0 0.0 1.0
251 0.0 0.0 1.0
252 0.0 0.0 1.0
253 0.0 0.0 1.0
254 0.0 0.0 1.0
255 0.0 0.0 1.0
256 0.0 0.0 1.0
257 0.0 0.0 1.0
258 0.0 0.0 1.0
259 0.0 0.0 1.0
260 0.0 0.0 1.0
261 0.0 0.0 1.0
262 0.0 0.0 1.0
263 0.0 0.0 1.0
264 0.0 0.0 1.0
265 0.0 0.0 1.0
266 0.0 0.0 1.0
267 0.0 0.0 1.0
268 0.0 0.0 1.0
269 0.0 0.0 1.0
270 0.0 0.0 1.0
271 0.0 0.0 1.0
272 0.0 0.0 1.0
273 0.0 0.0 1.0
274 0.0 0.0 1.0
275 0.0 0.0 1.0
276 0.0 0.0 1.0
277 0.0 0.0 1.0
278 0.0 0.0 1.0
279 0.0 0.0 1.0
280 0.0 0.0 1.0
281 0.0 0.0 1.0
282 0.0 0.0 1.0
283 0.0 0.0 1.0
284 0.0 0.0 1.0
285 0.0 0.0 1.0
286 0.0 0.0 1.0
287 0.0 0.0 1.0
288 0.0 0.0 1.0
289 0.0 0.0 1.0
290 0.0 0.0 1.0
291 0.0 0.0 1.0
292 0.0 0.0 1.0
293 0.0 0.0 1.0
294 0.0 0.0 1.0
295 0.0 0.0 1.0
296 0.0 0.0 1.0
297 0.0 0.0 1.0
298 0.0 0.0 1.0
299 0.0 0.0 1.0
300 0.0 0.0 1.0
