0 0.0014792899408284023 0.0 0.9985207100591716
1 0.0014792899408284023 0.0 0.9985207100591716
2 0.0014792899408284023 0.0 0.9985207100591716
3 0.0014792899408284023 0.0 0.9985207100591716
4 0.0014792899408284023 0.0 0.9985207100591716
5 0.0014792899408284023 0.0 0.9985207100591716
6 0.0014792899408284023 0.0 0.9985207100591716
7 0.0014792899408284023 0.0014792899408284023 0.9970414201183432
8 0.0014792899408284023 0.0014792899408284023 0.9970414201183432
9 0.0014792899408284023 0.004437869822485207 0.9940828402366864
10 0.0014792899408284023 0.004437869822485207 0.9940828402366864
11 0.0014792899408284023 0.005917159763313609 0.992603550295858
12 0.004437869822485207 0.004437869822485207 0.9911242603550295
13 0.005917159763313609 0.0029585798816568047 0.9911242603550295
14 0.005917159763313609 0.005917159763313609 0.9881656804733728
15 0.010355029585798817 0.0029585798816568047 0.9866863905325444
16 0.010355029585798817 0.0029585798816568047 0.9866863905325444
17 0.013313609467455622 0.004437869822485207 0.9822485207100592
18 0.013313609467455622 0.005917159763313609 0.9807692307692307
19 0.013313609467455622 0.011834319526627219 0.9748520710059172
20 0.01775147928994083 0.011834319526627219 0.9704142011834319
21 0.020710059171597635 0.010355029585798817 0.9689349112426036
22 0.023668639053254437 0.008875739644970414 0.9674556213017751
23 0.026627218934911243 0.013313609467455622 0.9600591715976331
24 0.028106508875739646 0.01775147928994083 0.9541420118343196
25 0.03550295857988166 0.016272189349112426 0.9482248520710059
26 0.038461538461538464 0.014792899408284023 0.9467455621301775
27 0.047337278106508875 0.010355029585798817 0.9423076923076923
28 0.05029585798816568 0.011834319526627219 0.9378698224852071
29 0.05473372781065089 0.013313609467455622 0.9319526627218935
30 0.05917159763313609 0.019230769230769232 0.9215976331360947
31 0.0650887573964497 0.022189349112426034 0.9127218934911243
32 0.06804733727810651 0.023668639053254437 0.908284023668639
33 0.08136094674556213 0.014792899408284023 0.9038461538461539
34 0.08727810650887574 0.013313609467455622 0.8994082840236687
35 0.09615384615384616 0.01775147928994083 0.886094674556213
36 0.09911242603550297 0.02514792899408284 0.8757396449704142
37 0.10502958579881656 0.03106508875739645 0.863905325443787
38 0.12130177514792899 0.026627218934911243 0.8520710059171598
39 0.12721893491124261 0.03254437869822485 0.8402366863905325
40 0.13165680473372782 0.03994082840236687 0.8284023668639053
41 0.14053254437869822 0.03994082840236687 0.8195266272189349
42 0.15680473372781065 0.034023668639053255 0.8091715976331361
43 0.16863905325443787 0.029585798816568046 0.8017751479289941
44 0.17455621301775148 0.042899408284023666 0.7825443786982249
45 0.1849112426035503 0.04142011834319527 0.7736686390532544
46 0.1937869822485207 0.051775147928994084 0.7544378698224852
47 0.20857988165680474 0.04437869822485207 0.7470414201183432
48 0.22189349112426035 0.04585798816568047 0.7322485207100592
49 0.22928994082840237 0.04881656804733728 0.7218934911242604
50 0.24260355029585798 0.05621301775147929 0.7011834319526628
51 0.2559171597633136 0.057692307692307696 0.6863905325443787
52 0.27218934911242604 0.06804733727810651 0.6597633136094675
53 0.28254437869822485 0.07248520710059171 0.6449704142011834
54 0.3047337278106509 0.0650887573964497 0.6301775147928994
55 0.31952662721893493 0.06360946745562131 0.6168639053254438
56 0.3431952662721893 0.05473372781065089 0.6020710059171598
57 0.35650887573964496 0.05621301775147929 0.5872781065088757
58 0.3727810650887574 0.060650887573964495 0.5665680473372781
59 0.3801775147928994 0.07692307692307693 0.5428994082840237
60 0.39349112426035504 0.08136094674556213 0.5251479289940828
61 0.41420118343195267 0.08136094674556213 0.5044378698224852
62 0.4319526627218935 0.07988165680473373 0.4881656804733728
63 0.4541420118343195 0.07544378698224852 0.47041420118343197
64 0.4718934911242604 0.07396449704142012 0.4541420118343195
65 0.492603550295858 0.06804733727810651 0.4393491124260355
66 0.5118343195266272 0.0650887573964497 0.4230769230769231
67 0.5251479289940828 0.06804733727810651 0.4068047337278107
68 0.5399408284023669 0.06804733727810651 0.39201183431952663
69 0.5606508875739645 0.07100591715976332 0.3683431952662722
70 0.5784023668639053 0.07544378698224852 0.34615384615384615
71 0.599112426035503 0.0650887573964497 0.33579881656804733
72 0.6153846153846154 0.06360946745562131 0.3210059171597633
73 0.6316568047337278 0.057692307692307696 0.3106508875739645
74 0.6479289940828402 0.05473372781065089 0.2973372781065089
75 0.6642011834319527 0.060650887573964495 0.27514792899408286
76 0.6745562130177515 0.06804733727810651 0.257396449704142
77 0.6878698224852071 0.06804733727810651 0.2440828402366864
78 0.7085798816568047 0.057692307692307696 0.23372781065088757
79 0.7233727810650887 0.0650887573964497 0.21153846153846154
80 0.7381656804733728 0.06656804733727811 0.1952662721893491
81 0.7514792899408284 0.05917159763313609 0.1893491124260355
82 0.7662721893491125 0.05473372781065089 0.17899408284023668
83 0.7840236686390533 0.04142011834319527 0.17455621301775148
84 0.8002958579881657 0.03106508875739645 0.16863905325443787
85 0.8150887573964497 0.03550295857988166 0.14940828402366865
86 0.8121301775147929 0.03698224852071006 0.15088757396449703
87 0.8091715976331361 0.04437869822485207 0.14644970414201183
88 0.8180473372781065 0.03994082840236687 0.14201183431952663
89 0.8328402366863905 0.03254437869822485 0.1346153846153846
90 0.834319526627219 0.03106508875739645 0.1346153846153846
91 0.8313609467455622 0.03550295857988166 0.13313609467455623
92 0.8372781065088757 0.03994082840236687 0.1227810650887574
93 0.8402366863905325 0.038461538461538464 0.12130177514792899
94 0.8461538461538461 0.03698224852071006 0.11686390532544379
95 0.849112426035503 0.03550295857988166 0.11538461538461539
96 0.8535502958579881 0.03698224852071006 0.10946745562130178
97 0.8609467455621301 0.038461538461538464 0.10059171597633136
98 0.8683431952662722 0.034023668639053255 0.09763313609467456
99 0.8772189349112426 0.03254437869822485 0.09023668639053255
100 0.8757396449704142 0.034023668639053255 0.09023668639053255
101 0.8831360946745562 0.026627218934911243 0.09023668639053255
102 0.886094674556213 0.02514792899408284 0.08875739644970414
103 0.871301775147929 0.03994082840236687 0.08875739644970414
104 0.7869822485207101 0.11242603550295859 0.10059171597633136
105 0.0 0.8979289940828402 0.10207100591715976
106 0.0 0.8949704142011834 0.10502958579881656
107 0.0 0.8949704142011834 0.10502958579881656
108 0.0 0.871301775147929 0.128698224852071
109 0.0 0.0 1.0
110 0.0 0.0 1.0
111 0.0 0.0 1.0
112 0.0 0.0 1.0
113 0.0 0.0 1.0
114 0.0 0.0 1.0
115 0.0 0.0 1.0
116 0.0 0.0 1.0
117 0.0 0.0 1.0
118 0.0 0.0 1.0
119 0.0 0.0 1.0
120 0.0 0.0 1.0
121 0.0 0.0 1.0
122 0.0 0.0 1.0
123 0.0 0.0 1.0
124 0.0 0.0 1.0
125 0.0 0.0 1.0
126 0.0 0.0 1.0
127 0.0 0.0 1.0
128 0.0 0.0 1.0
129 0.0 0.0 1.0
130 0.0 0.0 1.0
131 0.0 0.0 1.0
132 0.0 0.0 1.0
133 0.0 0.0 1.0
134 0.0 0.0 1.0
135 0.0 0.0 1.0
136 0.0 0.0 1.0
137 0.0 0.0 1.0
138 0.0 0.0 1.0
139 0.0 0.0 1.0
140 0.0 0.0 1.0
141 0.0 0.0 1.0
142 0.0 0.0 1.0
143 0.0 0.0 1.0
144 0.0 0.0 1.0
145 0.0 0.0 1.0
146 0.0 0.0 1.0
147 0.0 0.0 1.0
148 0.0 0.0 1.0
149 0.0 0.0 1.0
150 0.0 0.0 1.0
151 0.0 0.0 1.0
152 0.0 0.0 1.0
153 0.0 0.0 1.0
154 0.0 0.0 1.0
155 0.0 0.0 1.0
156 0.0 0.0 1.0
157 0.0 0.0 1.0
158 0.0 0.0 1.0
159 0.0 0.0 1.0
160 0.0 0.0 1.0
161 0.0 0.0 1.0
162 0.0 0.0 1.0
163 0.0 0.0 1.0
164 0.0 0.0 1.0
165 0.0 0.0 1.0
166 0.0 0.0 1.0
167 0.0 0.0 1.0
168 0.0 0.0 1.0
169 0.0 0.0 1.0
170 0.0 0.0 1.0
171 0.0 0.0 1.0
172 0.0 0.0 1.0
173 0.0 0.0 1.0
174 0.0 0.0 1.0
175 0.0 0.0 1.0
176 0.0 0.0 1.0
177 0.0 0.0 1.0
178 0.0 0.0 1.0
179 0.0 0.0 1.0
180 0.0 0.0 1.0
181 0.0 0.0 1.0
182 0.0 0.0 1.0
183 0.0 0.0 1.0
184 0.0 0.0 1.0
185 0.0 0.0 1.0
186 0.0 0.0 1.0
187 0.0 0.0 1.0
188 0.0 0.0 1.0
189 0.0 0.0 1.0
190 0.0 0.0 1.0
191 0.0 0.0 1.0
192 0.0 0.0 1.0
193 0.0 0.0 1.0
194 0.0 0.0 1.0
195 0.0 0.0 1.0
196 0.0 0.0 1.0
197 0.0 0.0 1.0
198 0.0 0.0 1.0
199 0.0 0.0 1.0
200 0.0 0.0 1.0
201 0.0 0.0 1.0
202 0.0 0.0 1.0
203 0.0 0.0 1.0
204 0.0 0.0 1.0
205 0.0 0.0 1.0
206 0.0 0.0 1.0
207 0.0 0.0 1.0
208 0.0 0.0 1.0
209 0.0 0.0 1.0
210 0.0 0.0 1.0
211 0.0 0.0 1.0
212 0.0 0.0 1.0
213 0.0 0.0 1.0
214 0.0 0.0 1.0
215 0.0 0.0 1.0
216 0.0 0.0 1.0
217 0.0 0.0 1.0
218 0.0 0.0 1.0
219 0.0 0.0 1.0
220 0.0 0.0 1.0
221 0.0 0.0 1.0
222 0.0 0.0 1.0
223 0.0 0.0 1.0
224 0.0 0.0 1.0
225 0.0 0.0 1.0
226 0.0 0.0 1.0
227 0.0 0.0 1.0
228 0.0 0.0 1.0
229 0.0 0.0 1.0
230 0.0 0.0 1.0
231 0.0 0.0 1.0
232 0.0 0.0 1.0
233 0.0 0.0 1.0
234 0.0 0.0 1.0
235 0.0 0.0 1.0
236 0.0 0.0 1.0
237 0.0 0.0 1.0
238 0.0 0.0 1.0
239 0.0 0.0 1.0
240 0.0 0.0 1.0
241 0.0 0.0 1.0
242 0.0 0.0 1.0
243 0.0 0.0 1.0
244 0.0 0.0 1.0
245 0.0 0.0 1.0
246 0.0 0.0 1.0
247 0.0 0.0 1.0
248 0.0 0.0 1.0
249 0.0 0.0 1.0
250 0.0 0.0 1.0
251 0.0 0.0 1.0
252 0.0 0.0 1.0
253 0.0 0.0 1.0
254 0.0 0.0 1.0
255 0.0 0.0 1.0
256 0.0 0.0 1.0
257 0.0 0.0 1.0
258 0.0 0.0 1.0
259 0.0 0.0 1.0
260 0.0 0.0 1.0
261 0.0 0.0 1.0
262 0.0 0.0 1.0
263 0.0 0.0 1.0
264 0.0 0.0 1.0
265 0.0 0.0 1.0
266 0.0 0.0 1.0
267 0.0 0.0 1.0
268 0.0 0.0 1.0
269 0.0 0.0 1.0
270 0.0 0.0 1.0
271 0.0 0.0 1.0
272 0.0 0.0 1.0
273 0.0 0.0 1.0
274 0.0 0.0 1.0
275 0.0 0.0 1.0
276 0.0 0.0 1.0
277 0.0 0.0 1.0
278 0.0 0.0 1.0
279 0.0 0.0 1.0
280 0.0 0.0 1.0
281 0.0 0.0 1.0
282 0.0 0.0 1.0
283 0.0 0.0 1.0
284 0.0 0.0 1.0
285 0.0 0.0 1.0
286 0.0 0.0 1.0
287 0.0 0.0 1.0
288 0.0 0.0 1.0
289 0.0 0.0 1.0
290 0.0 0.0 1.0
291 0.0 0.0 1.0
292 0.0 0.0 1.0
293 0.0 0.0 1.0
294 0.0 0.0 1.0
295 0.0 0.0 1.0
296 0.0 0.0 1.0
297 0.0 0.0 1.0
298 0.0 0.0 1.0
299 0.0 0.0 1.0
300 0.0 0.0 1.0
