0 0.0014792899408284023 0.0 0.9985207100591716
1 0.0014792899408284023 0.0 0.9985207100591716
2 0.0014792899408284023 0.0 0.9985207100591716
3 0.0014792899408284023 0.0 0.9985207100591716
4 0.0014792899408284023 0.0 0.9985207100591716
5 0.0014792899408284023 0.0 0.9985207100591716
6 0.0014792899408284023 0.0 0.9985207100591716
7 0.0014792899408284023 0.0 0.9985207100591716
8 0.0014792899408284023 0.0 0.9985207100591716
9 0.0014792899408284023 0.0 0.9985207100591716
10 0.0014792899408284023 0.0 0.9985207100591716
11 0.0014792899408284023 0.0 0.9985207100591716
12 0.0014792899408284023 0.0 0.9985207100591716
13 0.0014792899408284023 0.0 0.9985207100591716
14 0.0014792899408284023 0.0014792899408284023 0.9970414201183432
15 0.0014792899408284023 0.0029585798816568047 0.9955621301775148
16 0.0014792899408284023 0.0029585798816568047 0.9955621301775148
17 0.0029585798816568047 0.0029585798816568047 0.9940828402366864
18 0.0029585798816568047 0.0073964497041420114 0.9896449704142012
19 0.0029585798816568047 0.0073964497041420114 0.9896449704142012
20 0.004437869822485207 0.0073964497041420114 0.9881656804733728
21 0.0073964497041420114 0.005917159763313609 0.9866863905325444
22 0.010355029585798817 0.005917159763313609 0.9837278106508875
23 0.010355029585798817 0.008875739644970414 0.9807692307692307
24 0.011834319526627219 0.013313609467455622 0.9748520710059172
25 0.014792899408284023 0.010355029585798817 0.9748520710059172
26 0.014792899408284023 0.013313609467455622 0.9718934911242604
27 0.020710059171597635 0.010355029585798817 0.9689349112426036
28 0.022189349112426034 0.010355029585798817 0.9674556213017751
29 0.02514792899408284 0.013313609467455622 0.9615384615384616
30 0.026627218934911243 0.013313609467455622 0.9600591715976331
31 0.028106508875739646 0.019230769230769232 0.9526627218934911
32 0.03106508875739645 0.022189349112426034 0.9467455621301775
33 0.038461538461538464 0.020710059171597635 0.9408284023668639
34 0.042899408284023666 0.01775147928994083 0.9393491124260355
35 0.047337278106508875 0.023668639053254437 0.9289940828402367
36 0.051775147928994084 0.02514792899408284 0.9230769230769231
37 0.05473372781065089 0.029585798816568046 0.915680473372781
38 0.060650887573964495 0.029585798816568046 0.9097633136094675
39 0.0650887573964497 0.028106508875739646 0.9068047337278107
40 0.07544378698224852 0.026627218934911243 0.8979289940828402
41 0.08284023668639054 0.026627218934911243 0.8905325443786982
42 0.08875739644970414 0.034023668639053255 0.8772189349112426
43 0.09467455621301775 0.03550295857988166 0.8698224852071006
44 0.10502958579881656 0.03254437869822485 0.8624260355029586
45 0.11390532544378698 0.03106508875739645 0.8550295857988166
46 0.1242603550295858 0.034023668639053255 0.841715976331361
47 0.1257396449704142 0.038461538461538464 0.8357988165680473
48 0.13165680473372782 0.047337278106508875 0.8210059171597633
49 0.14201183431952663 0.051775147928994084 0.8062130177514792
50 0.15532544378698224 0.05029585798816568 0.7943786982248521
51 0.16420118343195267 0.04881656804733728 0.7869822485207101
52 0.17455621301775148 0.05029585798816568 0.7751479289940828
53 0.1863905325443787 0.05029585798816568 0.7633136094674556
54 0.1937869822485207 0.05621301775147929 0.75
55 0.20857988165680474 0.05325443786982249 0.7381656804733728
56 0.22041420118343194 0.051775147928994084 0.727810650887574
57 0.23224852071005916 0.05473372781065089 0.7130177514792899
58 0.24260355029585798 0.05621301775147929 0.7011834319526628
59 0.25443786982248523 0.0621301775147929 0.6834319526627219
60 0.2677514792899408 0.0621301775147929 0.6701183431952663
61 0.29142011834319526 0.05325443786982249 0.6553254437869822
62 0.3047337278106509 0.05621301775147929 0.6390532544378699
63 0.31952662721893493 0.05621301775147929 0.6242603550295858
64 0.33875739644970415 0.060650887573964495 0.6005917159763313
65 0.34911242603550297 0.06360946745562131 0.5872781065088757
66 0.35650887573964496 0.07396449704142012 0.5695266272189349
67 0.3772189349112426 0.07840236686390532 0.5443786982248521
68 0.39201183431952663 0.07544378698224852 0.5325443786982249
69 0.40384615384615385 0.08431952662721894 0.5118343195266272
70 0.4171597633136095 0.09763313609467456 0.48520710059171596
71 0.4408284023668639 0.08431952662721894 0.47485207100591714
72 0.4526627218934911 0.08579881656804733 0.46153846153846156
73 0.47337278106508873 0.07840236686390532 0.44822485207100593
74 0.49556213017751477 0.07396449704142012 0.43047337278106507
75 0.507396449704142 0.07544378698224852 0.4171597633136095
76 0.5251479289940828 0.07692307692307693 0.3979289940828402
77 0.5340236686390533 0.08579881656804733 0.3801775147928994
78 0.5547337278106509 0.08579881656804733 0.3594674556213018
79 0.5665680473372781 0.09023668639053255 0.3431952662721893
80 0.5872781065088757 0.08284023668639054 0.32988165680473375
81 0.6005917159763313 0.08727810650887574 0.3121301775147929
82 0.6124260355029586 0.08727810650887574 0.30029585798816566
83 0.6257396449704142 0.08284023668639054 0.29142011834319526
84 0.6420118343195266 0.08431952662721894 0.27366863905325445
85 0.6671597633136095 0.07692307692307693 0.2559171597633136
86 0.6494082840236687 0.10059171597633136 0.25
87 0.621301775147929 0.11242603550295859 0.26627218934911245
88 0.6405325443786982 0.11390532544378698 0.2455621301775148
89 0.6464497041420119 0.11686390532544379 0.23668639053254437
90 0.6005917159763313 0.16124260355029585 0.23816568047337278
91 0.0 0.7529585798816568 0.2470414201183432
92 0.0 0.7692307692307693 0.23076923076923078
93 0.0 0.7633136094674556 0.23668639053254437
94 0.0 0.7677514792899408 0.23224852071005916
95 0.0 0.7529585798816568 0.2470414201183432
96 0.0 0.7603550295857988 0.23964497041420119
97 0.0 0.7677514792899408 0.23224852071005916
98 0.0 0.7840236686390533 0.21597633136094674
99 0.0 0.7943786982248521 0.20562130177514792
100 0.0 0.7381656804733728 0.2618343195266272
101 0.0 0.7485207100591716 0.2514792899408284
102 0.0 0.7544378698224852 0.2455621301775148
103 0.0 0.0 1.0
104 0.0 0.0 1.0
105 0.0 0.0 1.0
106 0.0 0.0 1.0
107 0.0 0.0 1.0
108 0.0 0.0 1.0
109 0.0 0.0 1.0
110 0.0 0.0 1.0
111 0.0 0.0 1.0
112 0.0 0.0 1.0
113 0.0 0.0 1.0
114 0.0 0.0 1.0
115 0.0 0.0 1.0
116 0.0 0.0 1.0
117 0.0 0.0 1.0
118 0.0 0.0 1.0
119 0.0 0.0 1.0
120 0.0 0.0 1.0
121 0.0 0.0 1.0
122 0.0 0.0 1.0
123 0.0 0.0 1.0
124 0.0 0.0 1.0
125 0.0 0.0 1.0
126 0.0 0.0 1.0
127 0.0 0.0 1.0
128 0.0 0.0 1.0
129 0.0 0.0 1.0
130 0.0 0.0 1.0
131 0.0 0.0 1.0
132 0.0 0.0 1.0
133 0.0 0.0 1.0
134 0.0 0.0 1.0
135 0.0 0.0 1.0
136 0.0 0.0 1.0
137 0.0 0.0 1.0
138 0.0 0.0 1.0
139 0.0 0.0 1.0
140 0.0 0.0 1.0
141 0.0 0.0 1.0
142 0.0 0.0 1.0
143 0.0 0.0 1.0
144 0.0 0.0 1.0
145 0.0 0.0 1.0
146 0.0 0.0 1.0
147 0.0 0.0 1.0
148 0.0 0.0 1.0
149 0.0 0.0 1.0
150 0.0 0.0 1.0
151 0.0 0.0 1.0
152 0.0 0.0 1.0
153 0.0 0.0 1.0
154 0.0 0.0 1.0
155 0.0 0.0 1.0
156 0.0 0.0 1.0
157 0.0 0.0 1.0
158 0.0 0.0 1.0
159 0.0 0.0 1.0
160 0.0 0.0 1.0
161 0.0 0.0 1.0
162 0.0 0.0 1.0
163 0.0 0.0 1.0
164 0.0 0.0 1.0
165 0.0 0.0 1.0
166 0.0 0.0 1.0
167 0.0 0.0 1.0
168 0.0 0.0 1.0
169 0.0 0.0 1.0
170 0.0 0.0 1.0
171 0.0 0.0 1.0
172 0.0 0.0 1.0
173 0.0 0.0 1.0
174 0.0 0.0 1.0
175 0.0 0.0 1.0
176 0.0 0.0 1.0
177 0.0 0.0 1.0
178 0.0 0.0 1.0
179 0.0 0.0 1.0
180 0.0 0.0 1.0
181 0.0 0.0 1.0
182 0.0 0.0 1.0
183 0.0 0.0 1.0
184 0.0 0.0 1.0
185 0.0 0.0 1.0
186 0.0 0.0 1.0
187 0.0 0.0 1.0
188 0.0 0.0 1.0
189 0.0 0.0 1.0
190 0.0 0.0 1.0
191 0.0 0.0 1.0
192 0.0 0.0 1.0
193 0.0 0.0 1.0
194 0.0 0.0 1.0
195 0.0 0.0 1.0
196 0.0 0.0 1.0
197 0.0 0.0 1.0
198 0.0 0.0 1.0
199 0.0 0.0 1.0
200 0.0 0.0 1.0
201 0.0 0.0 1.0
202 0.0 0.0 1.0
203 0.0 0.0 1.0
204 0.0 0.0 1.0
205 0.0 0.0 1.0
206 0.0 0.0 1.0
207 0.0 0.0 1.0
208 0.0 0.0 1.0
209 0.0 0.0 1.0
210 0.0 0.0 1.0
211 0.0 0.0 1.0
212 0.0 0.0 1.0
213 0.0 0.0 1.0
214 0.0 0.0 1.0
215 0.0 0.0 1.0
216 0.0 0.0 1.0
217 0.0 0.0 1.0
218 0.0 0.0 1.0
219 0.0 0.0 1.0
220 0.0 0.0 1.0
221 0.0 0.0 1.0
222 0.0 0.0 1.0
223 0.0 0.0 1.0
224 0.0 0.0 1.0
225 0.0 0.0 1.0
226 0.0 0.0 1.0
227 0.0 0.0 1.0
228 0.0 0.0 1.0
229 0.0 0.0 1.0
230 0.0 0.0 1.0
231 0.0 0.0 1.0
232 0.0 0.0 1.0
233 0.0 0.0 1.0
234 0.0 0.0 1.0
235 0.0 0.0 1.0
236 0.0 0.0 1.0
237 0.0 0.0 1.0
238 0.0 0.0 1.0
239 0.0 0.0 1.0
240 0.0 0.0 1.0
241 0.0 0.0 1.0
242 0.0 0.0 1.0
243 0.0 0.0 1.0
244 0.0 0.0 1.0
245 0.0 0.0 1.0
246 0.0 0.0 1.0
247 0.0 0.0 1.0
248 0.0 0.0 1.0
249 0.0 0.0 1.0
250 0.0 0.0 1.0
251 0.0 0.0 1.0
252 0.0 0.0 1.0
253 0.0 0.0 1.0
254 0.0 0.0 1.0
255 0.0 0.0 1.0
256 0.0 0.0 1.0
257 0.0 0.0 1.0
258 0.0 0.0 1.0
259 0.0 0.0 1.0
260 0.0 0.0 1.0
261 0.0 0.0 1.0
262 0.0 0.0 1.0
263 0.0 0.0 1.0
264 0.0 0.0 1.0
265 0.0 0.0 1.0
266 0.0 0.0 1.0
267 0.0 0.0 1.0
268 0.0 0.0 1.0
269 0.0 0.0 1.0
270 0.0 0.0 1.0
271 0.0 0.0 1.0
272 0.0 0.0 1.0
273 0.0 0.0 1.0
274 0.0 0.0 1.0
275 0.0 0.0 1.0
276 0.0 0.0 1.0
277 0.0 0.0 1.0
278 0.0 0.0 1.0
279 0.0 0.0 1.0
280 0.0 0.0 1.0
281 0.0 0.0 1.0
282 0.0 0.0 1.0
283 0.0 0.0 1.0
284 0.0 0.0 1.0
285 0.0 0.0 1.0
286 0.0 0.0 1.0
287 0.0 0.0 1.0
288 0.0 0.0 1.0
289 0.0 0.0 1.0
290 0.0 0.0 1.0
291 0.0 0.0 1.0
292 0.0 0.0 1.0
293 0.0 0.0 1.0
294 0.0 0.0 1.0
295 0.0 0.0 1.0
296 0.0 0.0 1.0
297 0.0 0.0 1.0
298 0.0 0.0 1.0
299 0.0 0.0 1.0
300 0.0 0.0 1.0
