0 0.0014792899408284023 0.0 0.9985207100591716
1 0.0014792899408284023 0.0 0.9985207100591716
2 0.0014792899408284023 0.0014792899408284023 0.9970414201183432
3 0.0014792899408284023 0.0014792899408284023 0.9970414201183432
4 0.0014792899408284023 0.0029585798816568047 0.9955621301775148
5 0.0014792899408284023 0.0029585798816568047 0.9955621301775148
6 0.004437869822485207 0.0 0.9955621301775148
7 0.004437869822485207 0.0029585798816568047 0.992603550295858
8 0.004437869822485207 0.0029585798816568047 0.992603550295858
9 0.005917159763313609 0.004437869822485207 0.9896449704142012
10 0.005917159763313609 0.005917159763313609 0.9881656804733728
11 0.010355029585798817 0.0029585798816568047 0.9866863905325444
12 0.010355029585798817 0.005917159763313609 0.9837278106508875
13 0.011834319526627219 0.0073964497041420114 0.9807692307692307
14 0.011834319526627219 0.013313609467455622 0.9748520710059172
15 0.013313609467455622 0.014792899408284023 0.9718934911242604
16 0.016272189349112426 0.011834319526627219 0.9718934911242604
17 0.019230769230769232 0.013313609467455622 0.9674556213017751
18 0.02514792899408284 0.013313609467455622 0.9615384615384616
19 0.029585798816568046 0.014792899408284023 0.9556213017751479
20 0.03254437869822485 0.01775147928994083 0.9497041420118343
21 0.034023668639053255 0.020710059171597635 0.9452662721893491
22 0.03994082840236687 0.019230769230769232 0.9408284023668639
23 0.047337278106508875 0.014792899408284023 0.9378698224852071
24 0.051775147928994084 0.019230769230769232 0.9289940828402367
25 0.05473372781065089 0.022189349112426034 0.9230769230769231
26 0.05917159763313609 0.028106508875739646 0.9127218934911243
27 0.0650887573964497 0.03106508875739645 0.9038461538461539
28 0.06804733727810651 0.03254437869822485 0.8994082840236687
29 0.07988165680473373 0.023668639053254437 0.8964497041420119
30 0.09023668639053255 0.020710059171597635 0.8890532544378699
31 0.09171597633136094 0.03698224852071006 0.871301775147929
32 0.09763313609467456 0.04142011834319527 0.8609467455621301
33 0.10207100591715976 0.047337278106508875 0.8505917159763313
34 0.11834319526627218 0.03994082840236687 0.841715976331361
35 0.1257396449704142 0.051775147928994084 0.8224852071005917
36 0.13757396449704143 0.047337278106508875 0.8150887573964497
37 0.14792899408284024 0.05325443786982249 0.7988165680473372
38 0.16124260355029585 0.051775147928994084 0.7869822485207101
39 0.17159763313609466 0.051775147928994084 0.7766272189349113
40 0.1849112426035503 0.05029585798816568 0.764792899408284
41 0.19230769230769232 0.060650887573964495 0.7470414201183432
42 0.20414201183431951 0.06656804733727811 0.7292899408284024
43 0.22041420118343194 0.0621301775147929 0.7174556213017751
44 0.23668639053254437 0.05621301775147929 0.7071005917159763
45 0.25 0.06360946745562131 0.6863905325443787
46 0.2588757396449704 0.07396449704142012 0.6671597633136095
47 0.27662721893491127 0.0695266272189349 0.6538461538461539
48 0.2958579881656805 0.06656804733727811 0.6375739644970414
49 0.3165680473372781 0.07396449704142012 0.6094674556213018
50 0.33136094674556216 0.07692307692307693 0.591715976331361
51 0.34615384615384615 0.07988165680473373 0.5739644970414202
52 0.3594674556213018 0.08727810650887574 0.5532544378698225
53 0.3772189349112426 0.09171597633136094 0.5310650887573964
54 0.39644970414201186 0.09023668639053255 0.5133136094674556
55 0.41124260355029585 0.09319526627218935 0.49556213017751477
56 0.4363905325443787 0.08284023668639054 0.4807692307692308
57 0.4541420118343195 0.08431952662721894 0.46153846153846156
58 0.47633136094674555 0.08136094674556213 0.4423076923076923
59 0.492603550295858 0.07396449704142012 0.4334319526627219
60 0.5162721893491125 0.07544378698224852 0.40828402366863903
61 0.5266272189349113 0.08284023668639054 0.3905325443786982
62 0.5414201183431953 0.08579881656804733 0.3727810650887574
63 0.5591715976331361 0.07988165680473373 0.3609467455621302
64 0.5724852071005917 0.08284023668639054 0.34467455621301774
65 0.591715976331361 0.08284023668639054 0.3254437869822485
66 0.606508875739645 0.08136094674556213 0.3121301775147929
67 0.6257396449704142 0.08579881656804733 0.28846153846153844
68 0.6494082840236687 0.07544378698224852 0.27514792899408286
69 0.665680473372781 0.0695266272189349 0.26479289940828404
70 0.6804733727810651 0.0695266272189349 0.25
71 0.6863905325443787 0.07692307692307693 0.23668639053254437
72 0.7056213017751479 0.06804733727810651 0.22633136094674555
73 0.7189349112426036 0.07396449704142012 0.20710059171597633
74 0.727810650887574 0.07840236686390532 0.1937869822485207
75 0.757396449704142 0.0621301775147929 0.1804733727810651
76 0.7662721893491125 0.0621301775147929 0.17159763313609466
77 0.7751479289940828 0.06360946745562131 0.16124260355029585
78 0.7973372781065089 0.051775147928994084 0.15088757396449703
79 0.8121301775147929 0.04437869822485207 0.14349112426035504
80 0.8210059171597633 0.042899408284023666 0.13609467455621302
81 0.8284023668639053 0.03994082840236687 0.13165680473372782
82 0.8328402366863905 0.047337278106508875 0.11982248520710059
83 0.8431952662721893 0.03994082840236687 0.11686390532544379
84 0.856508875739645 0.034023668639053255 0.10946745562130178
85 0.8594674556213018 0.03550295857988166 0.10502958579881656
86 0.863905325443787 0.03106508875739645 0.10502958579881656
87 0.8624260355029586 0.03254437869822485 0.10502958579881656
88 0.8742603550295858 0.028106508875739646 0.09763313609467456
89 0.8772189349112426 0.029585798816568046 0.09319526627218935
90 0.8846153846153846 0.023668639053254437 0.09171597633136094
91 0.8875739644970414 0.01775147928994083 0.09467455621301775
92 0.8905325443786982 0.019230769230769232 0.09023668639053255
93 0.8890532544378699 0.020710059171597635 0.09023668639053255
94 0.8949704142011834 0.019230769230769232 0.08579881656804733
95 0.8994082840236687 0.014792899408284023 0.08579881656804733
96 0.9023668639053254 0.011834319526627219 0.08579881656804733
97 0.9097633136094675 0.005917159763313609 0.08431952662721894
98 0.9127218934911243 0.004437869822485207 0.08284023668639054
99 0.9142011834319527 0.0029585798816568047 0.08284023668639054
100 0.9127218934911243 0.004437869822485207 0.08284023668639054
101 0.9142011834319527 0.004437869822485207 0.08136094674556213
102 0.9142011834319527 0.004437869822485207 0.08136094674556213
103 0.9142011834319527 0.004437869822485207 0.08136094674556213
104 0.9127218934911243 0.005917159763313609 0.08136094674556213
105 0.9127218934911243 0.005917159763313609 0.08136094674556213
106 0.9097633136094675 0.008875739644970414 0.08136094674556213
107 0.908284023668639 0.010355029585798817 0.08136094674556213
108 0.9023668639053254 0.016272189349112426 0.08136094674556213
109 0.8742603550295858 0.042899408284023666 0.08284023668639054
110 0.0 0.9142011834319527 0.08579881656804733
111 0.0 0.893491124260355 0.10650887573964497
112 0.0 0.0 1.0
113 0.0 0.0 1.0
114 0.0 0.0 1.0
115 0.0 0.0 1.0
116 0.0 0.0 1.0
117 0.0 0.0 1.0
118 0.0 0.0 1.0
119 0.0 0.0 1.0
120 0.0 0.0 1.0
121 0.0 0.0 1.0
122 0.0 0.0 1.0
123 0.0 0.0 1.0
124 0.0 0.0 1.0
125 0.0 0.0 1.0
126 0.0 0.0 1.0
127 0.0 0.0 1.0
128 0.0 0.0 1.0
129 0.0 0.0 1.0
130 0.0 0.0 1.0
131 0.0 0.0 1.0
132 0.0 0.0 1.0
133 0.0 0.0 1.0
134 0.0 0.0 1.0
135 0.0 0.0 1.0
136 0.0 0.0 1.0
137 0.0 0.0 1.0
138 0.0 0.0 1.0
139 0.0 0.0 1.0
140 0.0 0.0 1.0
141 0.0 0.0 1.0
142 0.0 0.0 1.0
143 0.0 0.0 1.0
144 0.0 0.0 1.0
145 0.0 0.0 1.0
146 0.0 0.0 1.0
147 0.0 0.0 1.0
148 0.0 0.0 1.0
149 0.0 0.0 1.0
150 0.0 0.0 1.0
151 0.0 0.0 1.0
152 0.0 0.0 1.0
153 0.0 0.0 1.0
154 0.0 0.0 1.0
155 0.0 0.0 1.0
156 0.0 0.0 1.0
157 0.0 0.0 1.0
158 0.0 0.0 1.0
159 0.0 0.0 1.0
160 0.0 0.0 1.0
161 0.0 0.0 1.0
162 0.0 0.0 1.0
163 0.0 0.0 1.0
164 0.0 0.0 1.0
165 0.0 0.0 1.0
166 0.0 0.0 1.0
167 0.0 0.0 1.0
168 0.0 0.0 1.0
169 0.0 0.0 1.0
170 0.0 0.0 1.0
171 0.0 0.0 1.0
172 0.0 0.0 1.0
173 0.0 0.0 1.0
174 0.0 0.0 1.0
175 0.0 0.0 1.0
176 0.0 0.0 1.0
177 0.0 0.0 1.0
178 0.0 0.0 1.0
179 0.0 0.0 1.0
180 0.0 0.0 1.0
181 0.0 0.0 1.0
182 0.0 0.0 1.0
183 0.0 0.0 1.0
184 0.0 0.0 1.0
185 0.0 0.0 1.0
186 0.0 0.0 1.0
187 0.0 0.0 1.0
188 0.0 0.0 1.0
189 0.0 0.0 1.0
190 0.0 0.0 1.0
191 0.0 0.0 1.0
192 0.0 0.0 1.0
193 0.0 0.0 1.0
194 0.0 0.0 1.0
195 0.0 0.0 1.0
196 0.0 0.0 1.0
197 0.0 0.0 1.0
198 0.0 0.0 1.0
199 0.0 0.0 1.0
200 0.0 0.0 1.0
201 0.0 0.0 1.0
202 0.0 0.0 1.0
203 0.0 0.0 1.0
204 0.0 0.0 1.0
205 0.0 0.0 1.0
206 0.0 0.0 1.0
207 0.0 0.0 1.0
208 0.0 0.0 1.0
209 0.0 0.0 1.0
210 0.0 0.0 1.0
211 0.0 0.0 1.0
212 0.0 0.0 1.0
213 0.0 0.0 1.0
214 0.0 0.0 1.0
215 0.0 0.0 1.0
216 0.0 0.0 1.0
217 0.0 0.0 1.0
218 0.0 0.0 1.0
219 0.0 0.0 1.0
220 0.0 0.0 1.0
221 0.0 0.0 1.0
222 0.0 0.0 1.0
223 0.0 0.0 1.0
224 0.0 0.0 1.0
225 0.0 0.0 1.0
226 0.0 0.0 1.0
227 0.0 0.0 1.0
228 0.0 0.0 1.0
229 0.0 0.0 1.0
230 0.0 0.0 1.0
231 0.0 0.0 1.0
232 0.0 0.0 1.0
233 0.0 0.0 1.0
234 0.0 0.0 1.0
235 0.0 0.0 1.0
236 0.0 0.0 1.0
237 0.0 0.0 1.0
238 0.0 0.0 1.0
239 0.0 0.0 1.0
240 0.0 0.0 1.0
241 0.0 0.0 1.0
242 0.0 0.0 1.0
243 0.0 0.0 1.0
244 0.0 0.0 1.0
245 0.0 0.0 1.0
246 0.0 0.0 1.0
247 0.0 0.0 1.0
248 0.0 0.0 1.0
249 0.0 0.0 1.0
250 0.0 0.0 1.0
251 0.0 0.0 1.0
252 0.0 0.0 1.0
253 0.0 0.0 1.0
254 0.0 0.0 1.0
255 0.0 0.0 1.0
256 0.0 0.0 1.0
257 0.0 0.0 1.0
258 0.0 0.0 1.0
259 0.0 0.0 1.0
260 0.0 0.0 1.0
261 0.0 0.0 1.0
262 0.0 0.0 1.0
263 0.0 0.0 1.0
264 0.0 0.0 1.0
265 0.0 0.0 1.0
266 0.0 0.0 1.0
267 0.0 0.0 1.0
268 0.0 0.0 1.0
269 0.0 0.0 1.0
270 0.0 0.0 1.0
271 0.0 0.0 1.0
272 0.0 0.0 1.0
273 0.0 0.0 1.0
274 0.0 0.0 1.0
275 0.0 0.0 1.0
276 0.0 0.0 1.0
277 0.0 0.0 1.0
278 0.0 0.0 1.0
279 0.0 0.0 1.0
280 0.0 0.0 1.0
281 0.0 0.0 1.0
282 0.0 0.0 1.0
283 0.0 0.0 1.0
284 0.0 0.0 1.0
285 0.0 0.0 1.0
286 0.0 0.0 1.0
287 0.0 0.0 1.0
288 0.0 0.0 1.0
289 0.0 0.0 1.0
290 0.0 0.0 1.0
291 0.0 0.0 1.0
292 0.0 0.0 1.0
293 0.0 0.0 1.0
294 0.0 0.0 1.0
295 0.0 0.0 1.0
296 0.0 0.0 1.0
297 0.0 0.0 1.0
298 0.0 0.0 1.0
299 0.0 0.0 1.0
300 0.0 0.0 1.0
