0 0.0014792899408284023 0.0 0.9985207100591716
1 0.0073964497041420114 0.0 0.992603550295858
2 0.0073964497041420114 0.0029585798816568047 0.9896449704142012
3 0.0073964497041420114 0.008875739644970414 0.9837278106508875
4 0.010355029585798817 0.008875739644970414 0.9807692307692307
5 0.014792899408284023 0.010355029585798817 0.9748520710059172
6 0.019230769230769232 0.011834319526627219 0.9689349112426036
7 0.020710059171597635 0.016272189349112426 0.9630177514792899
8 0.02514792899408284 0.014792899408284023 0.9600591715976331
9 0.028106508875739646 0.016272189349112426 0.9556213017751479
10 0.034023668639053255 0.016272189349112426 0.9497041420118343
11 0.04142011834319527 0.011834319526627219 0.9467455621301775
12 0.04881656804733728 0.016272189349112426 0.9349112426035503
13 0.05029585798816568 0.02514792899408284 0.9245562130177515
14 0.05473372781065089 0.022189349112426034 0.9230769230769231
15 0.0621301775147929 0.022189349112426034 0.915680473372781
16 0.0695266272189349 0.023668639053254437 0.9068047337278107
17 0.07544378698224852 0.04142011834319527 0.8831360946745562
18 0.08431952662721894 0.038461538461538464 0.8772189349112426
19 0.09319526627218935 0.03994082840236687 0.8668639053254438
20 0.10059171597633136 0.04585798816568047 0.8535502958579881
21 0.11094674556213018 0.042899408284023666 0.8461538461538461
22 0.1227810650887574 0.04881656804733728 0.8284023668639053
23 0.13165680473372782 0.051775147928994084 0.8165680473372781
24 0.14940828402366865 0.038461538461538464 0.8121301775147929
25 0.16420118343195267 0.03994082840236687 0.7958579881656804
26 0.16863905325443787 0.04585798816568047 0.7855029585798816
27 0.1834319526627219 0.047337278106508875 0.7692307692307693
28 0.19230769230769232 0.05621301775147929 0.7514792899408284
29 0.21153846153846154 0.05917159763313609 0.7292899408284024
30 0.22633136094674555 0.051775147928994084 0.7218934911242604
31 0.23964497041420119 0.05473372781065089 0.7056213017751479
32 0.2514792899408284 0.06804733727810651 0.6804733727810651
33 0.2692307692307692 0.06804733727810651 0.6627218934911243
34 0.2869822485207101 0.0695266272189349 0.643491124260355
35 0.30029585798816566 0.07840236686390532 0.621301775147929
36 0.3106508875739645 0.08284023668639054 0.606508875739645
37 0.32840236686390534 0.09171597633136094 0.5798816568047337
38 0.34171597633136097 0.09319526627218935 0.5650887573964497
39 0.36538461538461536 0.09023668639053255 0.5443786982248521
40 0.3875739644970414 0.09467455621301775 0.5177514792899408
41 0.4068047337278107 0.09615384615384616 0.4970414201183432
42 0.43047337278106507 0.08875739644970414 0.4807692307692308
43 0.4526627218934911 0.08284023668639054 0.46449704142011833
44 0.46893491124260356 0.09319526627218935 0.4378698224852071
45 0.4911242603550296 0.09319526627218935 0.4156804733727811
46 0.5088757396449705 0.08727810650887574 0.40384615384615385
47 0.5266272189349113 0.08875739644970414 0.38461538461538464
48 0.5562130177514792 0.08284023668639054 0.3609467455621302
49 0.5739644970414202 0.08727810650887574 0.33875739644970415
50 0.599112426035503 0.07692307692307693 0.3239644970414201
51 0.6168639053254438 0.08136094674556213 0.30177514792899407
52 0.6331360946745562 0.08431952662721894 0.28254437869822485
53 0.6479289940828402 0.08579881656804733 0.26627218934911245
54 0.6671597633136095 0.07840236686390532 0.25443786982248523
55 0.6819526627218935 0.08284023668639054 0.23520710059171598
56 0.6937869822485208 0.08579881656804733 0.22041420118343194
57 0.7115384615384616 0.07988165680473373 0.20857988165680474
58 0.7233727810650887 0.07544378698224852 0.20118343195266272
59 0.7440828402366864 0.07100591715976332 0.1849112426035503
60 0.7588757396449705 0.0695266272189349 0.17159763313609466
61 0.7751479289940828 0.0621301775147929 0.16272189349112426
62 0.7899408284023669 0.05473372781065089 0.15532544378698224
63 0.8017751479289941 0.05029585798816568 0.14792899408284024
64 0.8062130177514792 0.05325443786982249 0.14053254437869822
65 0.8195266272189349 0.04585798816568047 0.1346153846153846
66 0.8357988165680473 0.03550295857988166 0.128698224852071
67 0.8431952662721893 0.038461538461538464 0.11834319526627218
68 0.849112426035503 0.03994082840236687 0.11094674556213018
69 0.8594674556213018 0.03254437869822485 0.10798816568047337
70 0.8683431952662722 0.026627218934911243 0.10502958579881656
71 0.8801775147928994 0.020710059171597635 0.09911242603550297
72 0.8801775147928994 0.026627218934911243 0.09319526627218935
73 0.8875739644970414 0.022189349112426034 0.09023668639053255
74 0.8905325443786982 0.020710059171597635 0.08875739644970414
75 0.8949704142011834 0.01775147928994083 0.08727810650887574
76 0.9038461538461539 0.011834319526627219 0.08431952662721894
77 0.908284023668639 0.008875739644970414 0.08284023668639054
78 0.9097633136094675 0.0073964497041420114 0.08284023668639054
79 0.9097633136094675 0.008875739644970414 0.08136094674556213
80 0.9112426035502958 0.0073964497041420114 0.08136094674556213
81 0.9127218934911243 0.005917159763313609 0.08136094674556213
82 0.9142011834319527 0.004437869822485207 0.08136094674556213
83 0.9171597633136095 0.0014792899408284023 0.08136094674556213
84 0.9171597633136095 0.0014792899408284023 0.08136094674556213
85 0.9186390532544378 0.0 0.08136094674556213
86 0.9186390532544378 0.0 0.08136094674556213
87 0.9186390532544378 0.0 0.08136094674556213
88 0.9186390532544378 0.0 0.08136094674556213
89 0.9186390532544378 0.0 0.08136094674556213
90 0.9186390532544378 0.0 0.08136094674556213
91 0.9186390532544378 0.0 0.08136094674556213
92 0.9186390532544378 0.0 0.08136094674556213
93 0.9186390532544378 0.0 0.08136094674556213
94 0.9186390532544378 0.0 0.08136094674556213
95 0.9186390532544378 0.0 0.08136094674556213
96 0.9186390532544378 0.0 0.08136094674556213
97 0.9186390532544378 0.0 0.08136094674556213
98 0.9186390532544378 0.0 0.08136094674556213
99 0.9186390532544378 0.0 0.08136094674556213
100 0.9186390532544378 0.0 0.08136094674556213
101 0.9186390532544378 0.0 0.08136094674556213
102 0.9186390532544378 0.0 0.08136094674556213
103 0.9186390532544378 0.0 0.08136094674556213
104 0.9186390532544378 0.0 0.08136094674556213
105 0.9186390532544378 0.0 0.08136094674556213
106 0.9186390532544378 0.0 0.08136094674556213
107 0.9186390532544378 0.0 0.08136094674556213
108 0.9186390532544378 0.0 0.08136094674556213
109 0.9186390532544378 0.0 0.08136094674556213
110 0.9186390532544378 0.0 0.08136094674556213
111 0.9186390532544378 0.0 0.08136094674556213
112 0.9186390532544378 0.0 0.08136094674556213
113 0.9186390532544378 0.0 0.08136094674556213
114 0.9186390532544378 0.0 0.08136094674556213
115 0.9186390532544378 0.0 0.08136094674556213
116 0.9186390532544378 0.0 0.08136094674556213
117 0.9186390532544378 0.0 0.08136094674556213
118 0.9186390532544378 0.0 0.08136094674556213
119 0.9186390532544378 0.0 0.08136094674556213
120 0.9186390532544378 0.0 0.08136094674556213
121 0.9068047337278107 0.011834319526627219 0.08136094674556213
122 0.0 0.9186390532544378 0.08136094674556213
123 0.0 0.9112426035502958 0.08875739644970414
124 0.0 0.9112426035502958 0.08875739644970414
125 0.0 0.9053254437869822 0.09467455621301775
126 0.0 0.9068047337278107 0.09319526627218935
127 0.0 0.908284023668639 0.09171597633136094
128 0.0 0.9097633136094675 0.09023668639053255
129 0.0 0.9097633136094675 0.09023668639053255
130 0.0 0.0 1.0
131 0.0 0.0 1.0
132 0.0 0.0 1.0
133 0.0 0.0 1.0
134 0.0 0.0 1.0
135 0.0 0.0 1.0
136 0.0 0.0 1.0
137 0.0 0.0 1.0
138 0.0 0.0 1.0
139 0.0 0.0 1.0
140 0.0 0.0 1.0
141 0.0 0.0 1.0
142 0.0 0.0 1.0
143 0.0 0.0 1.0
144 0.0 0.0 1.0
145 0.0 0.0 1.0
146 0.0 0.0 1.0
147 0.0 0.0 1.0
148 0.0 0.0 1.0
149 0.0 0.0 1.0
150 0.0 0.0 1.0
151 0.0 0.0 1.0
152 0.0 0.0 1.0
153 0.0 0.0 1.0
154 0.0 0.0 1.0
155 0.0 0.0 1.0
156 0.0 0.0 1.0
157 0.0 0.0 1.0
158 0.0 0.0 1.0
159 0.0 0.0 1.0
160 0.0 0.0 1.0
161 0.0 0.0 1.0
162 0.0 0.0 1.0
163 0.0 0.0 1.0
164 0.0 0.0 1.0
165 0.0 0.0 1.0
166 0.0 0.0 1.0
167 0.0 0.0 1.0
168 0.0 0.0 1.0
169 0.0 0.0 1.0
170 0.0 0.0 1.0
171 0.0 0.0 1.0
172 0.0 0.0 1.0
173 0.0 0.0 1.0
174 0.0 0.0 1.0
175 0.0 0.0 1.0
176 0.0 0.0 1.0
177 0.0 0.0 1.0
178 0.0 0.0 1.0
179 0.0 0.0 1.0
180 0.0 0.0 1.0
181 0.0 0.0 1.0
182 0.0 0.0 1.0
183 0.0 0.0 1.0
184 0.0 0.0 1.0
185 0.0 0.0 1.0
186 0.0 0.0 1.0
187 0.0 0.0 1.0
188 0.0 0.0 1.0
189 0.0 0.0 1.0
190 0.0 0.0 1.0
191 0.0 0.0 1.0
192 0.0 0.0 1.0
193 0.0 0.0 1.0
194 0.0 0.0 1.0
195 0.0 0.0 1.0
196 0.0 0.0 1.0
197 0.0 0.0 1.0
198 0.0 0.0 1.0
199 0.0 0.0 1.0
200 0.0 0.0 1.0
201 0.0 0.0 1.0
202 0.0 0.0 1.0
203 0.0 0.0 1.0
204 0.0 0.0 1.0
205 0.0 0.0 1.0
206 0.0 0.0 1.0
207 0.0 0.0 1.0
208 0.0 0.0 1.0
209 0.0 0.0 1.0
210 0.0 0.0 1.0
211 0.0 0.0 1.0
212 0.0 0.0 1.0
213 0.0 0.0 1.0
214 0.0 0.0 1.0
215 0.0 0.0 1.0
216 0.0 0.0 1.0
217 0.0 0.0 1.0
218 0.0 0.0 1.0
219 0.0 0.0 1.0
220 0.0 0.0 1.0
221 0.0 0.0 1.0
222 0.0 0.0 1.0
223 0.0 0.0 1.0
224 0.0 0.0 1.0
225 0.0 0.0 1.0
226 0.0 0.0 1.0
227 0.0 0.0 1.0
228 0.0 0.0 1.0
229 0.0 0.0 1.0
230 0.0 0.0 1.0
231 0.0 0.0 1.0
232 0.0 0.0 1.0
233 0.0 0.0 1.0
234 0.0 0.0 1.0
235 0.0 0.0 1.0
236 0.0 0.0 1.0
237 0.0 0.0 1.0
238 0.0 0.0 1.0
239 0.0 0.0 1.0
240 0.0 0.0 1.0
241 0.0 0.0 1.0
242 0.0 0.0 1.0
243 0.0 0.0 1.0
244 0.0 0.0 1.0
245 0.0 0.0 1.0
246 0.0 0.0 1.0
247 0.0 0.0 1.0
248 0.0 0.0 1.0
249 0.0 0.0 1.0
250 0.0 0.0 1.0
251 0.0 0.0 1.0
252 0.0 0.0 1.0
253 0.0 0.0 1.0
254 0.0 0.0 1.0
255 0.0 0.0 1.0
256 0.0 0.0 1.0
257 0.0 0.0 1.0
258 0.0 0.0 1.0
259 0.0 0.0 1.0
260 0.0 0.0 1.0
261 0.0 0.0 1.0
262 0.0 0.0 1.0
263 0.0 0.0 1.0
264 0.0 0.0 1.0
265 0.0 0.0 1.0
266 0.0 0.0 1.0
267 0.0 0.0 1.0
268 0.0 0.0 1.0
269 0.0 0.0 1.0
270 0.0 0.0 1.0
271 0.0 0.0 1.0
272 0.0 0.0 1.0
273 0.0 0.0 1.0
274 0.0 0.0 1.0
275 0.0 0.0 1.0
276 0.0 0.0 1.0
277 0.0 0.0 1.0
278 0.0 0.0 1.0
279 0.0 0.0 1.0
280 0.0 0.0 1.0
281 0.0 0.0 1.0
282 0.0 0.0 1.0
283 0.0 0.0 1.0
284 0.0 0.0 1.0
285 0.0 0.0 1.0
286 0.0 0.0 1.0
287 0.0 0.0 1.0
288 0.0 0.0 1.0
289 0.0 0.0 1.0
290 0.0 0.0 1.0
291 0.0 0.0 1.0
292 0.0 0.0 1.0
293 0.0 0.0 1.0
294 0.0 0.0 1.0
295 0.0 0.0 1.0
296 0.0 0.0 1.0
297 0.0 0.0 1.0
298 0.0 0.0 1.0
299 0.0 0.0 1.0
300 0.0 0.0 1.0
