0 1 0 168
1 1 0 168
2 1 0 168
3 1 0 168
4 1 0 168
5 1 0 168
6 1 0 168
7 1 0 168
8 1 0 168
9 1 0 168
10 1 0 168
11 1 1 167
12 1 1 167
13 1 1 167
14 1 2 166
15 1 2 166
16 1 2 166
17 1 2 166
18 2 1 166
19 2 1 166
20 3 2 164
21 3 2 164
22 3 3 163
23 4 2 163
24 5 2 162
25 5 3 161
26 5 3 161
27 6 3 160
28 6 3 160
29 6 3 160
30 6 3 160
31 6 4 159
32 8 3 158
33 8 5 156
34 8 5 156
35 9 5 155
36 10 8 151
37 10 8 151
38 10 10 149
39 10 12 147
40 10 12 147
41 12 11 146
42 14 11 144
43 14 13 142
44 15 15 139
45 15 15 139
46 16 15 138
47 19 17 133
48 19 19 131
49 21 19 129
50 21 20 128
51 24 18 127
52 24 19 126
53 26 22 121
54 30 19 120
55 31 21 117
56 34 18 117
57 35 21 113
58 38 21 110
59 38 24 107
60 38 25 106
61 40 24 105
62 41 24 104
63 44 25 100
64 47 24 98
65 50 24 95
66 50 26 93
67 53 27 89
68 55 29 85
69 58 27 84
70 62 27 80
71 65 25 79
72 68 26 75
73 70 28 71
74 71 30 68
75 72 34 63
76 72 38 59
77 73 39 57
78 75 43 51
79 79 41 49
80 83 39 47
81 87 37 45
82 94 33 42
83 99 28 42
84 99 29 41
85 99 33 37
86 104 31 34
87 107 31 31
88 111 30 28
89 114 30 25
90 119 26 24
91 122 26 21
92 122 26 21
93 124 27 18
94 128 23 18
95 117 33 19
96 122 30 17
97 124 30 15
98 126 29 14
99 127 28 14
100 127 29 13
101 130 28 11
102 133 26 10
103 126 32 11
104 111 45 13
105 113 43 13
106 116 42 11
107 118 40 11
108 123 36 10
109 126 34 9
110 108 46 15
111 110 44 15
112 0 151 18
113 0 153 16
114 0 154 15
115 0 155 14
116 0 151 18
117 0 151 18
118 0 152 17
119 0 155 14
120 0 155 14
121 0 157 12
122 0 157 12
123 0 151 18
124 0 151 18
125 0 138 31
126 0 141 28
127 0 143 26
128 0 147 22
129 0 149 20
130 0 0 169
131 0 0 169
132 0 0 169
133 0 0 169
134 0 0 169
135 0 0 169
136 0 0 169
137 0 0 169
138 0 0 169
139 0 0 169
140 0 0 169
141 0 0 169
142 0 0 169
143 0 0 169
144 0 0 169
145 0 0 169
146 0 0 169
147 0 0 169
148 0 0 169
149 0 0 169
150 0 0 169
151 0 0 169
152 0 0 169
153 0 0 169
154 0 0 169
155 0 0 169
156 0 0 169
157 0 0 169
158 0 0 169
159 0 0 169
160 0 0 169
161 0 0 169
162 0 0 169
163 0 0 169
164 0 0 169
165 0 0 169
166 0 0 169
167 0 0 169
168 0 0 169
169 0 0 169
170 0 0 169
171 0 0 169
172 0 0 169
173 0 0 169
174 0 0 169
175 0 0 169
176 0 0 169
177 0 0 169
178 0 0 169
179 0 0 169
180 0 0 169
181 0 0 169
182 0 0 169
183 0 0 169
184 0 0 169
185 0 0 169
186 0 0 169
187 0 0 169
188 0 0 169
189 0 0 169
190 0 0 169
191 0 0 169
192 0 0 169
193 0 0 169
194 0 0 169
195 0 0 169
196 0 0 169
197 0 0 169
198 0 0 169
199 0 0 169
200 0 0 169
201 0 0 169
202 0 0 169
203 0 0 169
204 0 0 169
205 0 0 169
206 0 0 169
207 0 0 169
208 0 0 169
209 0 0 169
210 0 0 169
211 0 0 169
212 0 0 169
213 0 0 169
214 0 0 169
215 0 0 169
216 0 0 169
217 0 0 169
218 0 0 169
219 0 0 169
220 0 0 169
221 0 0 169
222 0 0 169
223 0 0 169
224 0 0 169
225 0 0 169
226 0 0 169
227 0 0 169
228 0 0 169
229 0 0 169
230 0 0 169
231 0 0 169
232 0 0 169
233 0 0 169
234 0 0 169
235 0 0 169
236 0 0 169
237 0 0 169
238 0 0 169
239 0 0 169
240 0 0 169
241 0 0 169
242 0 0 169
243 0 0 169
244 0 0 169
245 0 0 169
246 0 0 169
247 0 0 169
248 0 0 169
249 0 0 169
250 0 0 169
251 0 0 169
252 0 0 169
253 0 0 169
254 0 0 169
255 0 0 169
256 0 0 169
257 0 0 169
258 0 0 169
259 0 0 169
260 0 0 169
261 0 0 169
262 0 0 169
263 0 0 169
264 0 0 169
265 0 0 169
266 0 0 169
267 0 0 169
268 0 0 169
269 0 0 169
270 0 0 169
271 0 0 169
272 0 0 169
273 0 0 169
274 0 0 169
275 0 0 169
276 0 0 169
277 0 0 169
278 0 0 169
279 0 0 169
280 0 0 169
281 0 0 169
282 0 0 169
283 0 0 169
284 0 0 169
285 0 0 169
286 0 0 169
287 0 0 169
288 0 0 169
289 0 0 169
290 0 0 169
291 0 0 169
292 0 0 169
293 0 0 169
294 0 0 169
295 0 0 169
296 0 0 169
297 0 0 169
298 0 0 169
299 0 0 169
300 0 0 169
