0 1 0 168
1 1 1 167
2 1 1 167
3 1 1 167
4 1 2 166
5 1 2 166
6 1 3 165
7 1 3 165
8 1 3 165
9 1 3 165
10 1 3 165
11 1 4 164
12 1 4 164
13 1 4 164
14 1 4 164
15 1 6 162
16 1 8 160
17 1 10 158
18 1 12 156
19 1 13 155
20 1 13 155
21 1 14 154
22 1 16 152
23 2 16 151
24 2 17 150
25 2 18 149
26 2 18 149
27 2 19 148
28 2 19 148
29 2 20 147
30 2 22 145
31 2 23 144
32 2 25 142
33 3 25 141
34 3 26 140
35 7 24 138
36 7 24 138
37 7 26 136
38 8 27 134
39 8 27 134
40 9 28 132
41 9 30 130
42 9 32 128
43 10 33 126
44 10 37 122
45 10 37 122
46 10 41 118
47 10 45 114
48 10 53 106
49 11 54 104
50 11 54 104
51 11 60 98
52 12 62 95
53 12 68 89
54 13 70 86
55 17 67 85
56 19 65 85
57 20 66 83
58 23 67 79
59 24 68 77
60 26 69 74
61 27 69 73
62 29 72 68
63 31 75 63
64 31 77 61
65 32 79 58
66 33 80 56
67 33 84 52
68 35 82 52
69 40 80 49
70 40 80 49
71 40 83 46
72 42 83 44
73 44 84 41
74 46 82 41
75 48 81 40
76 51 80 38
77 52 81 36
78 53 81 35
79 55 81 33
80 57 81 31
81 58 83 28
82 60 81 28
83 65 77 27
84 67 76 26
85 71 73 25
86 75 70 24
87 79 67 23
88 79 68 22
89 81 67 21
90 83 68 18
91 86 65 18
92 87 67 15
93 89 65 15
94 92 65 12
95 95 65 9
96 97 64 8
97 100 61 8
98 102 60 7
99 104 58 7
100 105 57 7
101 106 57 6
102 109 55 5
103 112 54 3
104 112 54 3
105 112 56 1
106 113 55 1
107 117 51 1
108 118 50 1
109 121 47 1
110 122 46 1
111 124 44 1
112 125 43 1
113 128 40 1
114 131 37 1
115 133 35 1
116 134 34 1
117 135 33 1
118 0 168 1
119 0 168 1
120 0 168 1
121 0 168 1
122 0 168 1
123 0 168 1
124 0 169 0
125 0 169 0
126 0 169 0
127 0 169 0
128 0 169 0
129 0 168 1
130 0 168 1
131 0 168 1
132 0 168 1
133 0 168 1
134 0 168 1
135 0 168 1
136 0 169 0
137 0 169 0
138 0 169 0
139 0 165 4
140 0 167 2
141 0 168 1
142 0 0 169
143 0 0 169
144 0 0 169
145 0 0 169
146 0 0 169
147 0 0 169
148 0 0 169
149 0 0 169
150 0 0 169
151 0 0 169
152 0 0 169
153 0 0 169
154 0 0 169
155 0 0 169
156 0 0 169
157 0 0 169
158 0 0 169
159 0 0 169
160 0 0 169
161 0 0 169
162 0 0 169
163 0 0 169
164 0 0 169
165 0 0 169
166 0 0 169
167 0 0 169
168 0 0 169
169 0 0 169
170 0 0 169
171 0 0 169
172 0 0 169
173 0 0 169
174 0 0 169
175 0 0 169
176 0 0 169
177 0 0 169
178 0 0 169
179 0 0 169
180 0 0 169
181 0 0 169
182 0 0 169
183 0 0 169
184 0 0 169
185 0 0 169
186 0 0 169
187 0 0 169
188 0 0 169
189 0 0 169
190 0 0 169
191 0 0 169
192 0 0 169
193 0 0 169
194 0 0 169
195 0 0 169
196 0 0 169
197 0 0 169
198 0 0 169
199 0 0 169
200 0 0 169
201 0 0 169
202 0 0 169
203 0 0 169
204 0 0 169
205 0 0 169
206 0 0 169
207 0 0 169
208 0 0 169
209 0 0 169
210 0 0 169
211 0 0 169
212 0 0 169
213 0 0 169
214 0 0 169
215 0 0 169
216 0 0 169
217 0 0 169
218 0 0 169
219 0 0 169
220 0 0 169
221 0 0 169
222 0 0 169
223 0 0 169
224 0 0 169
225 0 0 169
226 0 0 169
227 0 0 169
228 0 0 169
229 0 0 169
230 0 0 169
231 0 0 169
232 0 0 169
233 0 0 169
234 0 0 169
235 0 0 169
236 0 0 169
237 0 0 169
238 0 0 169
239 0 0 169
240 0 0 169
241 0 0 169
242 0 0 169
243 0 0 169
244 0 0 169
245 0 0 169
246 0 0 169
247 0 0 169
248 0 0 169
249 0 0 169
250 0 0 169
251 0 0 169
252 0 0 169
253 0 0 169
254 0 0 169
255 0 0 169
256 0 0 169
257 0 0 169
258 0 0 169
259 0 0 169
260 0 0 169
261 0 0 169
262 0 0 169
263 0 0 169
264 0 0 169
265 0 0 169
266 0 0 169
267 0 0 169
268 0 0 169
269 0 0 169
270 0 0 169
271 0 0 169
272 0 0 169
273 0 0 169
274 0 0 169
275 0 0 169
276 0 0 169
277 0 0 169
278 0 0 169
279 0 0 169
280 0 0 169
281 0 0 169
282 0 0 169
283 0 0 169
284 0 0 169
285 0 0 169
286 0 0 169
287 0 0 169
288 0 0 169
289 0 0 169
290 0 0 169
291 0 0 169
292 0 0 169
293 0 0 169
294 0 0 169
295 0 0 169
296 0 0 169
297 0 0 169
298 0 0 169
299 0 0 169
300 0 0 169
