0 1 0 168
1 1 0 168
2 1 0 168
3 1 0 168
4 1 0 168
5 1 0 168
6 1 0 168
7 1 0 168
8 1 0 168
9 1 0 168
10 1 0 168
11 1 0 168
12 1 0 168
13 1 0 168
14 1 0 168
15 1 0 168
16 1 0 168
17 1 0 168
18 1 0 168
19 1 0 168
20 1 0 168
21 1 0 168
22 1 0 168
23 1 0 168
24 1 0 168
25 1 0 168
26 1 0 168
27 1 0 168
28 1 0 168
29 1 1 167
30 1 3 165
31 1 3 165
32 1 4 164
33 2 3 164
34 2 3 164
35 3 4 162
36 3 4 162
37 3 4 162
38 3 4 162
39 4 4 161
40 4 4 161
41 5 4 160
42 6 3 160
43 7 2 160
44 7 2 160
45 8 2 159
46 8 4 157
47 8 6 155
48 8 8 153
49 9 7 153
50 9 11 149
51 10 10 149
52 10 13 146
53 10 13 146
54 13 10 146
55 14 9 146
56 15 9 145
57 16 9 144
58 17 9 143
59 18 10 141
60 19 11 139
61 20 12 137
62 23 10 136
63 24 10 135
64 25 13 131
65 26 13 130
66 27 14 128
67 28 14 127
68 28 14 127
69 30 15 124
70 31 18 120
71 33 20 116
72 34 22 113
73 35 24 110
74 39 21 109
75 41 23 105
76 43 27 99
77 45 28 96
78 48 28 93
79 50 30 89
80 52 29 88
81 55 29 85
82 58 28 83
83 60 30 79
84 64 29 76
85 66 28 75
86 67 31 71
87 71 29 69
88 74 29 66
89 80 25 64
90 80 32 57
91 85 28 56
92 86 28 55
93 90 25 54
94 91 26 52
95 88 26 55
96 70 41 58
97 74 39 56
98 52 58 59
99 57 56 56
100 0 109 60
101 0 101 68
102 0 104 65
103 0 104 65
104 0 107 62
105 0 115 54
106 0 117 52
107 0 118 51
108 0 123 46
109 0 88 81
110 0 90 79
111 0 93 76
112 0 97 72
113 0 0 169
114 0 0 169
115 0 0 169
116 0 0 169
117 0 0 169
118 0 0 169
119 0 0 169
120 0 0 169
121 0 0 169
122 0 0 169
123 0 0 169
124 0 0 169
125 0 0 169
126 0 0 169
127 0 0 169
128 0 0 169
129 0 0 169
130 0 0 169
131 0 0 169
132 0 0 169
133 0 0 169
134 0 0 169
135 0 0 169
136 0 0 169
137 0 0 169
138 0 0 169
139 0 0 169
140 0 0 169
141 0 0 169
142 0 0 169
143 0 0 169
144 0 0 169
145 0 0 169
146 0 0 169
147 0 0 169
148 0 0 169
149 0 0 169
150 0 0 169
151 0 0 169
152 0 0 169
153 0 0 169
154 0 0 169
155 0 0 169
156 0 0 169
157 0 0 169
158 0 0 169
159 0 0 169
160 0 0 169
161 0 0 169
162 0 0 169
163 0 0 169
164 0 0 169
165 0 0 169
166 0 0 169
167 0 0 169
168 0 0 169
169 0 0 169
170 0 0 169
171 0 0 169
172 0 0 169
173 0 0 169
174 0 0 169
175 0 0 169
176 0 0 169
177 0 0 169
178 0 0 169
179 0 0 169
180 0 0 169
181 0 0 169
182 0 0 169
183 0 0 169
184 0 0 169
185 0 0 169
186 0 0 169
187 0 0 169
188 0 0 169
189 0 0 169
190 0 0 169
191 0 0 169
192 0 0 169
193 0 0 169
194 0 0 169
195 0 0 169
196 0 0 169
197 0 0 169
198 0 0 169
199 0 0 169
200 0 0 169
201 0 0 169
202 0 0 169
203 0 0 169
204 0 0 169
205 0 0 169
206 0 0 169
207 0 0 169
208 0 0 169
209 0 0 169
210 0 0 169
211 0 0 169
212 0 0 169
213 0 0 169
214 0 0 169
215 0 0 169
216 0 0 169
217 0 0 169
218 0 0 169
219 0 0 169
220 0 0 169
221 0 0 169
222 0 0 169
223 0 0 169
224 0 0 169
225 0 0 169
226 0 0 169
227 0 0 169
228 0 0 169
229 0 0 169
230 0 0 169
231 0 0 169
232 0 0 169
233 0 0 169
234 0 0 169
235 0 0 169
236 0 0 169
237 0 0 169
238 0 0 169
239 0 0 169
240 0 0 169
241 0 0 169
242 0 0 169
243 0 0 169
244 0 0 169
245 0 0 169
246 0 0 169
247 0 0 169
248 0 0 169
249 0 0 169
250 0 0 169
251 0 0 169
252 0 0 169
253 0 0 169
254 0 0 169
255 0 0 169
256 0 0 169
257 0 0 169
258 0 0 169
259 0 0 169
260 0 0 169
261 0 0 169
262 0 0 169
263 0 0 169
264 0 0 169
265 0 0 169
266 0 0 169
267 0 0 169
268 0 0 169
269 0 0 169
270 0 0 169
271 0 0 169
272 0 0 169
273 0 0 169
274 0 0 169
275 0 0 169
276 0 0 169
277 0 0 169
278 0 0 169
279 0 0 169
280 0 0 169
281 0 0 169
282 0 0 169
283 0 0 169
284 0 0 169
285 0 0 169
286 0 0 169
287 0 0 169
288 0 0 169
289 0 0 169
290 0 0 169
291 0 0 169
292 0 0 169
293 0 0 169
294 0 0 169
295 0 0 169
296 0 0 169
297 0 0 169
298 0 0 169
299 0 0 169
300 0 0 169
