0 1 0 168
1 1 0 168
2 1 0 168
3 1 0 168
4 1 0 168
5 1 0 168
6 1 0 168
7 1 0 168
8 1 0 168
9 1 0 168
10 1 1 167
11 1 1 167
12 1 1 167
13 1 1 167
14 1 1 167
15 1 2 166
16 1 2 166
17 1 3 165
18 1 3 165
19 1 4 164
20 1 4 164
21 2 3 164
22 3 3 163
23 3 4 162
24 4 3 162
25 5 3 161
26 5 4 160
27 5 4 160
28 5 4 160
29 5 4 160
30 5 4 160
31 8 2 159
32 9 2 158
33 9 4 156
34 9 6 154
35 9 6 154
36 9 8 152
37 10 8 151
38 11 8 150
39 11 9 149
40 12 9 148
41 13 8 148
42 17 5 147
43 18 6 145
44 19 7 143
45 21 6 142
46 22 6 141
47 22 8 139
48 23 9 137
49 24 10 135
50 25 11 133
51 27 12 130
52 28 15 126
53 30 14 125
54 31 13 125
55 35 13 121
56 37 12 120
57 40 14 115
58 41 14 114
59 42 17 110
60 43 19 107
61 46 17 106
62 49 18 102
63 53 15 101
64 55 17 97
65 56 19 94
66 57 21 91
67 59 22 88
68 63 21 85
69 67 20 82
70 74 15 80
71 78 14 77
72 79 16 74
73 81 17 71
74 84 16 69
75 84 19 66
76 87 21 61
77 89 23 57
78 90 25 54
79 96 24 49
80 101 21 47
81 106 18 45
82 107 18 44
83 110 16 43
84 111 17 41
85 113 18 38
86 119 15 35
87 122 15 32
88 125 15 29
89 128 12 29
90 128 15 26
91 129 15 25
92 131 17 21
93 132 19 18
94 132 20 17
95 134 18 17
96 132 20 17
97 135 19 15
98 133 21 15
99 134 22 13
100 134 22 13
101 134 22 13
102 136 21 12
103 138 20 11
104 141 17 11
105 146 14 9
106 148 12 9
107 150 10 9
108 155 6 8
109 147 13 9
110 150 10 9
111 152 10 7
112 156 7 6
113 153 8 8
114 153 9 7
115 155 9 5
116 155 9 5
117 143 20 6
118 0 156 13
119 0 147 22
120 0 134 35
121 0 119 50
122 0 121 48
123 0 0 169
124 0 0 169
125 0 0 169
126 0 0 169
127 0 0 169
128 0 0 169
129 0 0 169
130 0 0 169
131 0 0 169
132 0 0 169
133 0 0 169
134 0 0 169
135 0 0 169
136 0 0 169
137 0 0 169
138 0 0 169
139 0 0 169
140 0 0 169
141 0 0 169
142 0 0 169
143 0 0 169
144 0 0 169
145 0 0 169
146 0 0 169
147 0 0 169
148 0 0 169
149 0 0 169
150 0 0 169
151 0 0 169
152 0 0 169
153 0 0 169
154 0 0 169
155 0 0 169
156 0 0 169
157 0 0 169
158 0 0 169
159 0 0 169
160 0 0 169
161 0 0 169
162 0 0 169
163 0 0 169
164 0 0 169
165 0 0 169
166 0 0 169
167 0 0 169
168 0 0 169
169 0 0 169
170 0 0 169
171 0 0 169
172 0 0 169
173 0 0 169
174 0 0 169
175 0 0 169
176 0 0 169
177 0 0 169
178 0 0 169
179 0 0 169
180 0 0 169
181 0 0 169
182 0 0 169
183 0 0 169
184 0 0 169
185 0 0 169
186 0 0 169
187 0 0 169
188 0 0 169
189 0 0 169
190 0 0 169
191 0 0 169
192 0 0 169
193 0 0 169
194 0 0 169
195 0 0 169
196 0 0 169
197 0 0 169
198 0 0 169
199 0 0 169
200 0 0 169
201 0 0 169
202 0 0 169
203 0 0 169
204 0 0 169
205 0 0 169
206 0 0 169
207 0 0 169
208 0 0 169
209 0 0 169
210 0 0 169
211 0 0 169
212 0 0 169
213 0 0 169
214 0 0 169
215 0 0 169
216 0 0 169
217 0 0 169
218 0 0 169
219 0 0 169
220 0 0 169
221 0 0 169
222 0 0 169
223 0 0 169
224 0 0 169
225 0 0 169
226 0 0 169
227 0 0 169
228 0 0 169
229 0 0 169
230 0 0 169
231 0 0 169
232 0 0 169
233 0 0 169
234 0 0 169
235 0 0 169
236 0 0 169
237 0 0 169
238 0 0 169
239 0 0 169
240 0 0 169
241 0 0 169
242 0 0 169
243 0 0 169
244 0 0 169
245 0 0 169
246 0 0 169
247 0 0 169
248 0 0 169
249 0 0 169
250 0 0 169
251 0 0 169
252 0 0 169
253 0 0 169
254 0 0 169
255 0 0 169
256 0 0 169
257 0 0 169
258 0 0 169
259 0 0 169
260 0 0 169
261 0 0 169
262 0 0 169
263 0 0 169
264 0 0 169
265 0 0 169
266 0 0 169
267 0 0 169
268 0 0 169
269 0 0 169
270 0 0 169
271 0 0 169
272 0 0 169
273 0 0 169
274 0 0 169
275 0 0 169
276 0 0 169
277 0 0 169
278 0 0 169
279 0 0 169
280 0 0 169
281 0 0 169
282 0 0 169
283 0 0 169
284 0 0 169
285 0 0 169
286 0 0 169
287 0 0 169
288 0 0 169
289 0 0 169
290 0 0 169
291 0 0 169
292 0 0 169
293 0 0 169
294 0 0 169
295 0 0 169
296 0 0 169
297 0 0 169
298 0 0 169
299 0 0 169
300 0 0 169
