0 1 0 168
1 1 0 168
2 1 0 168
3 1 0 168
4 1 0 168
5 1 0 168
6 1 0 168
7 1 0 168
8 1 0 168
9 1 0 168
10 1 0 168
11 1 0 168
12 1 0 168
13 1 0 168
14 1 0 168
15 1 0 168
16 1 0 168
17 1 0 168
18 1 0 168
19 1 0 168
20 1 0 168
21 1 1 167
22 1 1 167
23 1 1 167
24 1 2 166
25 1 2 166
26 1 2 166
27 2 2 165
28 2 3 164
29 2 3 164
30 4 1 164
31 4 1 164
32 5 0 164
33 5 0 164
34 5 0 164
35 5 1 163
36 5 1 163
37 5 4 160
38 5 5 159
39 6 4 159
40 6 4 159
41 6 4 159
42 6 5 158
43 8 4 157
44 8 5 156
45 8 5 156
46 9 6 154
47 9 6 154
48 10 6 153
49 11 7 151
50 11 8 150
51 11 10 148
52 11 11 147
53 12 11 146
54 12 12 145
55 12 13 144
56 12 14 143
57 13 14 142
58 15 15 139
59 16 17 136
60 17 18 134
61 19 17 133
62 21 16 132
63 25 13 131
64 25 15 129
65 28 15 126
66 30 14 125
67 33 14 122
68 35 15 119
69 38 13 118
70 38 13 118
71 41 13 115
72 42 14 113
73 44 18 107
74 45 18 106
75 48 18 103
76 50 17 102
77 51 17 101
78 53 16 100
79 53 18 98
80 55 20 94
81 58 19 92
82 59 21 89
83 65 18 86
84 65 22 82
85 66 23 80
86 71 21 77
87 73 21 75
88 77 22 70
89 78 24 67
90 79 27 63
91 79 31 59
92 81 31 57
93 83 31 55
94 87 28 54
95 63 45 61
96 67 48 54
97 70 45 54
98 75 43 51
99 77 43 49
100 81 40 48
101 84 39 46
102 88 36 45
103 0 110 59
104 0 90 79
105 0 91 78
106 0 96 73
107 0 98 71
108 0 101 68
109 0 105 64
110 0 0 169
111 0 0 169
112 0 0 169
113 0 0 169
114 0 0 169
115 0 0 169
116 0 0 169
117 0 0 169
118 0 0 169
119 0 0 169
120 0 0 169
121 0 0 169
122 0 0 169
123 0 0 169
124 0 0 169
125 0 0 169
126 0 0 169
127 0 0 169
128 0 0 169
129 0 0 169
130 0 0 169
131 0 0 169
132 0 0 169
133 0 0 169
134 0 0 169
135 0 0 169
136 0 0 169
137 0 0 169
138 0 0 169
139 0 0 169
140 0 0 169
141 0 0 169
142 0 0 169
143 0 0 169
144 0 0 169
145 0 0 169
146 0 0 169
147 0 0 169
148 0 0 169
149 0 0 169
150 0 0 169
151 0 0 169
152 0 0 169
153 0 0 169
154 0 0 169
155 0 0 169
156 0 0 169
157 0 0 169
158 0 0 169
159 0 0 169
160 0 0 169
161 0 0 169
162 0 0 169
163 0 0 169
164 0 0 169
165 0 0 169
166 0 0 169
167 0 0 169
168 0 0 169
169 0 0 169
170 0 0 169
171 0 0 169
172 0 0 169
173 0 0 169
174 0 0 169
175 0 0 169
176 0 0 169
177 0 0 169
178 0 0 169
179 0 0 169
180 0 0 169
181 0 0 169
182 0 0 169
183 0 0 169
184 0 0 169
185 0 0 169
186 0 0 169
187 0 0 169
188 0 0 169
189 0 0 169
190 0 0 169
191 0 0 169
192 0 0 169
193 0 0 169
194 0 0 169
195 0 0 169
196 0 0 169
197 0 0 169
198 0 0 169
199 0 0 169
200 0 0 169
201 0 0 169
202 0 0 169
203 0 0 169
204 0 0 169
205 0 0 169
206 0 0 169
207 0 0 169
208 0 0 169
209 0 0 169
210 0 0 169
211 0 0 169
212 0 0 169
213 0 0 169
214 0 0 169
215 0 0 169
216 0 0 169
217 0 0 169
218 0 0 169
219 0 0 169
220 0 0 169
221 0 0 169
222 0 0 169
223 0 0 169
224 0 0 169
225 0 0 169
226 0 0 169
227 0 0 169
228 0 0 169
229 0 0 169
230 0 0 169
231 0 0 169
232 0 0 169
233 0 0 169
234 0 0 169
235 0 0 169
236 0 0 169
237 0 0 169
238 0 0 169
239 0 0 169
240 0 0 169
241 0 0 169
242 0 0 169
243 0 0 169
244 0 0 169
245 0 0 169
246 0 0 169
247 0 0 169
248 0 0 169
249 0 0 169
250 0 0 169
251 0 0 169
252 0 0 169
253 0 0 169
254 0 0 169
255 0 0 169
256 0 0 169
257 0 0 169
258 0 0 169
259 0 0 169
260 0 0 169
261 0 0 169
262 0 0 169
263 0 0 169
264 0 0 169
265 0 0 169
266 0 0 169
267 0 0 169
268 0 0 169
269 0 0 169
270 0 0 169
271 0 0 169
272 0 0 169
273 0 0 169
274 0 0 169
275 0 0 169
276 0 0 169
277 0 0 169
278 0 0 169
279 0 0 169
280 0 0 169
281 0 0 169
282 0 0 169
283 0 0 169
284 0 0 169
285 0 0 169
286 0 0 169
287 0 0 169
288 0 0 169
289 0 0 169
290 0 0 169
291 0 0 169
292 0 0 169
293 0 0 169
294 0 0 169
295 0 0 169
296 0 0 169
297 0 0 169
298 0 0 169
299 0 0 169
300 0 0 169
