0 1 0 168
1 1 2 166
2 1 3 165
3 1 4 164
4 1 5 163
5 1 6 162
6 1 7 161
7 1 7 161
8 1 8 160
9 1 9 159
10 1 9 159
11 1 10 158
12 1 13 155
13 1 14 154
14 1 15 153
15 1 16 152
16 2 15 152
17 2 16 151
18 2 16 151
19 2 17 150
20 3 18 148
21 3 20 146
22 3 21 145
23 4 20 145
24 5 20 144
25 5 23 141
26 6 23 140
27 7 22 140
28 7 24 138
29 8 28 133
30 9 27 133
31 9 28 132
32 12 26 131
33 12 27 130
34 14 26 129
35 14 30 125
36 14 34 121
37 14 36 119
38 14 38 117
39 14 40 115
40 15 42 112
41 15 47 107
42 15 52 102
43 15 56 98
44 16 59 94
45 17 60 92
46 19 63 87
47 20 67 82
48 21 66 82
49 21 68 80
50 24 70 75
51 25 71 73
52 25 71 73
53 28 72 69
54 28 77 64
55 30 78 61
56 31 78 60
57 32 82 55
58 36 81 52
59 36 82 51
60 36 84 49
61 38 84 47
62 38 85 46
63 39 85 45
64 42 84 43
65 43 84 42
66 47 81 41
67 49 80 40
68 52 82 35
69 55 81 33
70 57 81 31
71 57 82 30
72 61 81 27
73 63 80 26
74 65 80 24
75 70 76 23
76 70 78 21
77 77 71 21
78 77 73 19
79 79 74 16
80 80 75 14
81 87 68 14
82 88 67 14
83 89 67 13
84 92 67 10
85 95 65 9
86 98 64 7
87 100 63 6
88 104 59 6
89 107 56 6
90 109 54 6
91 111 53 5
92 111 53 5
93 114 50 5
94 116 49 4
95 118 47 4
96 121 44 4
97 121 45 3
98 122 44 3
99 126 41 2
100 128 39 2
101 131 36 2
102 132 35 2
103 133 35 1
104 136 33 0
105 139 30 0
106 143 26 0
107 146 23 0
108 149 20 0
109 149 20 0
110 150 19 0
111 150 19 0
112 151 18 0
113 154 15 0
114 155 14 0
115 155 14 0
116 156 13 0
117 157 12 0
118 135 33 1
119 137 32 0
120 137 32 0
121 137 32 0
122 140 29 0
123 141 28 0
124 143 26 0
125 146 23 0
126 148 21 0
127 149 20 0
128 150 19 0
129 0 169 0
130 0 169 0
131 0 169 0
132 0 169 0
133 0 169 0
134 0 169 0
135 0 169 0
136 0 169 0
137 0 169 0
138 0 169 0
139 0 169 0
140 0 169 0
141 0 169 0
142 0 0 169
143 0 0 169
144 0 0 169
145 0 0 169
146 0 0 169
147 0 0 169
148 0 0 169
149 0 0 169
150 0 0 169
151 0 0 169
152 0 0 169
153 0 0 169
154 0 0 169
155 0 0 169
156 0 0 169
157 0 0 169
158 0 0 169
159 0 0 169
160 0 0 169
161 0 0 169
162 0 0 169
163 0 0 169
164 0 0 169
165 0 0 169
166 0 0 169
167 0 0 169
168 0 0 169
169 0 0 169
170 0 0 169
171 0 0 169
172 0 0 169
173 0 0 169
174 0 0 169
175 0 0 169
176 0 0 169
177 0 0 169
178 0 0 169
179 0 0 169
180 0 0 169
181 0 0 169
182 0 0 169
183 0 0 169
184 0 0 169
185 0 0 169
186 0 0 169
187 0 0 169
188 0 0 169
189 0 0 169
190 0 0 169
191 0 0 169
192 0 0 169
193 0 0 169
194 0 0 169
195 0 0 169
196 0 0 169
197 0 0 169
198 0 0 169
199 0 0 169
200 0 0 169
201 0 0 169
202 0 0 169
203 0 0 169
204 0 0 169
205 0 0 169
206 0 0 169
207 0 0 169
208 0 0 169
209 0 0 169
210 0 0 169
211 0 0 169
212 0 0 169
213 0 0 169
214 0 0 169
215 0 0 169
216 0 0 169
217 0 0 169
218 0 0 169
219 0 0 169
220 0 0 169
221 0 0 169
222 0 0 169
223 0 0 169
224 0 0 169
225 0 0 169
226 0 0 169
227 0 0 169
228 0 0 169
229 0 0 169
230 0 0 169
231 0 0 169
232 0 0 169
233 0 0 169
234 0 0 169
235 0 0 169
236 0 0 169
237 0 0 169
238 0 0 169
239 0 0 169
240 0 0 169
241 0 0 169
242 0 0 169
243 0 0 169
244 0 0 169
245 0 0 169
246 0 0 169
247 0 0 169
248 0 0 169
249 0 0 169
250 0 0 169
251 0 0 169
252 0 0 169
253 0 0 169
254 0 0 169
255 0 0 169
256 0 0 169
257 0 0 169
258 0 0 169
259 0 0 169
260 0 0 169
261 0 0 169
262 0 0 169
263 0 0 169
264 0 0 169
265 0 0 169
266 0 0 169
267 0 0 169
268 0 0 169
269 0 0 169
270 0 0 169
271 0 0 169
272 0 0 169
273 0 0 169
274 0 0 169
275 0 0 169
276 0 0 169
277 0 0 169
278 0 0 169
279 0 0 169
280 0 0 169
281 0 0 169
282 0 0 169
283 0 0 169
284 0 0 169
285 0 0 169
286 0 0 169
287 0 0 169
288 0 0 169
289 0 0 169
290 0 0 169
291 0 0 169
292 0 0 169
293 0 0 169
294 0 0 169
295 0 0 169
296 0 0 169
297 0 0 169
298 0 0 169
299 0 0 169
300 0 0 169
