0.0016741724143065988 0.0
0.02079956200822493 0.0
0.02921839255155123 0.0
0.12932292982038854 0.0
0.18148209376595142 0.0
0.24351564229548323 0.0
0.2902725978135106 0.0
0.3378488247095013 0.0
0.4358032544589764 0.0
0.44704642472626654 0.0
0.4889163274230047 0.0
0.5121226068144241 0.0
0.5378084527609118 0.0
0.5993063561606868 0.0
0.6224462579790475 0.0
0.6769923119400773 0.0
0.6979225869403326 0.0
0.7485790038405706 0.0
0.8083471972232459 0.0
0.81406285819913 0.0
0.844684435338716 0.0
0.8574451859521949 0.0
0.9464006824413935 0.0
0.9559431841792008 0.0
0.9613137426501545 0.0
0.9721420927818522 0.0
1.0670416225835702 0.0
1.0685693459589485 0.0
1.1227529530601972 0.0
1.16554241359481 0.0
1.1661956631125407 0.0
1.1907525914949877 0.0
1.2134813210574842 0.0
1.2607853198943482 0.0
1.297642267842912 0.0
1.2996794679750225 0.0
1.3422640560742847 0.0
1.3712589845872378 0.0
1.3773722690939803 0.0
1.3972623465619607 0.0
1.4061279227723547 0.0
1.4573798606044495 0.0
1.4775682760071251 0.0
1.6308853665384815 0.0
1.671894364227371 0.0
1.7123510688715218 0.0
1.7222618621102452 0.0
1.7633188014114944 0.0
1.7638132682893244 0.0
1.7709403690759333 0.0
1.7741614651666875 0.0
1.7829413638238774 0.0
1.8881178243317036 0.0
1.9746074781717649 0.0
2.0128440463696107 0.0
2.0909033557173364 0.0
2.203254717442082 0.0
2.20773900222852 0.0
2.2432960301074623 0.0
2.273753543434215 0.0
2.282975396573963 0.0
2.3045145337687667 0.0
2.32651903517714 0.0
2.338577678069363 0.0
2.3839233723415534 0.0
2.4266461403875272 0.0
2.4355674833994256 0.0
2.4357966343633803 0.0
2.4629174535160003 0.0
2.4708846596178486 0.0
2.507098425490194 0.0
2.5102647726685032 0.0
2.610600481004551 0.0
2.6454140827842316 0.0
2.8053840030063575 0.0
2.8169162233220804 0.0
2.8427195712591287 0.0
2.9050774234508845 0.0
2.919249399196559 0.0
2.946412818409306 0.0
3.0097791918306287 0.0
3.033973284073447 0.0
3.1124394560227517 0.0
3.1464098965485463 0.0
3.167304937349154 0.0
3.206784763850236 0.0
3.210339609922717 0.0
3.2222727463525085 0.0
3.3406273922704948 0.0
3.4846892675963144 0.0
3.486920577109091 0.0
3.5758318873874475 0.0
3.800307942140924 0.0
3.82835196678195 0.0
3.845205892641536 0.0
3.8717209558877954 0.0
3.88611793957459 0.0
3.9017672740053353 0.0
3.9020642460389885 0.0
3.9037888252900275 0.0
3.96277727603111 0.0
3.9633215448871955 0.0
3.9652638012104418 0.0
4.0980808171545355 0.0
4.115299595334177 0.0
4.166416932005797 0.0
4.24639068749719 0.0
4.253811564264813 0.0
4.383871078107559 0.0
4.395310989918672 0.0
4.405849384723014 0.0
4.433839652749098 0.0
4.489983731141694 0.0
4.631728116162203 0.0
4.691961614761021 0.0
4.6961580193820085 0.0
4.716302806367715 0.0
4.719910576381891 0.0
4.747818016430835 0.0
4.797246533403088 0.0
4.806264099202953 0.0
4.859482325012805 0.0
4.872400382472914 0.0
4.873566008465374 0.0
4.963274184136559 0.0
5.003168210366859 0.0
5.029545983685657 0.0
5.112330481759791 0.0
5.18811061994418 0.0
5.2154082625423515 0.0
5.260558023748181 0.0
5.31194151003033 0.0
5.334603029668132 0.0
5.4033612274586424 0.0
5.409786632394519 0.0
5.437780049597624 0.0
5.448834887219294 0.0
5.476772716326527 0.0
5.500764432352844 0.0
5.565366604873084 0.0
5.628058809568582 0.0
5.628336764446602 0.0
5.642008195511397 0.0
5.65599629577756 0.0
5.7395640502366065 0.0
5.814515184727927 0.0
5.822064099574169 0.0
5.825753526333107 0.0
5.834852740035271 0.0
5.835600431396524 0.0
5.900178340998376 0.0
5.972820662555908 0.0
5.983423208124482 0.0
5.987834365966288 0.0
6.0322235469433325 0.0
6.079138661260018 0.0
6.134290979234252 0.0
6.146985768155486 0.0
6.30493763297723 0.0
6.344975728141363 0.0
6.352990203679693 0.0
6.3765854654818845 0.0
6.465288878282684 0.0
6.483505294577106 0.0
6.559885982886428 0.0
6.625196016237228 0.0
6.631909444028475 0.0
6.632133567379484 0.0
6.663451486492358 0.0
6.686010405190042 0.0
6.77681192323327 0.0
6.8156008168372875 0.0
6.833254554416401 0.0
6.837780258161876 0.0
6.8784500720082535 0.0
6.925438282854284 0.0
6.972446731657699 0.0
6.974414011576182 0.0
6.978962039120395 0.0
6.979064755352896 0.0
7.01442284853424 0.0
7.06261037056297 0.0
7.0728952193357015 0.0
7.075787674603553 0.0
7.095179869718143 0.0
7.121566706727825 0.0
7.130886687154562 0.0
7.137690486622371 0.0
7.186120161897335 0.0
7.191609505690259 0.0
7.20707088563788 0.0
7.240481488485116 0.0
7.243090263677244 0.0
7.248092950473518 0.0
7.283446809643807 0.0
7.30196492407695 0.0
7.3037134518897 0.0
7.316412020733027 0.0
7.319843540617285 0.0
7.340891354040761 0.0
7.352924027432155 0.0
7.41364319822004 0.0
7.444015663627354 0.0
7.444836066341521 0.0
7.462652010676993 0.0
7.5153678942711215 0.0
7.515661251046095 0.0
7.529087064002184 0.0
7.550708765690937 0.0
7.595233492912144 0.0
7.596122852855121 0.0
7.609746883982327 0.0
7.6216727183460256 0.0
7.634141141875127 0.0
7.667728291212414 0.0
7.676877345168987 0.0
7.697263057802788 0.0
7.698662591694056 0.0
7.740385781643766 0.0
7.7999588387515955 0.0
7.800024017817934 0.0
7.8390503047822495 0.0
7.847623448035077 0.0
7.859976182048287 0.0
7.925607881864655 0.0
7.929541112304724 0.0
7.967042508131793 0.0
7.969736775795556 0.0
7.988580772356214 0.0
8.06252889109869 0.0
8.06764833572498 0.0
8.228785304645866 0.0
8.254977416639326 0.0
8.255401378242995 0.0
8.306081720305546 0.0
8.308757448470512 0.0
8.31819292027369 0.0
8.355609053773248 0.0
8.41186607178565 0.0
8.439001254844923 0.0
8.45115387236356 0.0
8.461204343523773 0.0
8.48743247325196 0.0
8.514189914885984 0.0
8.534788263609771 0.0
8.595988896097854 0.0
8.605855239317897 0.0
8.642329469900707 0.0
8.658651159470255 0.0
8.845420509691058 0.0
8.851602516097415 0.0
8.879453968457685 0.0
8.891781131459659 0.0
8.921874440095436 0.0
8.931833746876306 0.0
8.94241136853699 0.0
9.027762284706352 0.0
9.07084326354403 0.0
9.224533090755232 0.0
9.27810749433624 0.0
9.31516082070439 0.0
9.315941134927408 0.0
9.339449513751266 0.0
9.372475134250337 0.0
9.398579129257397 0.0
9.403873448197801 0.0
9.406458004127375 0.0
9.501007295782843 0.0
9.50427794532844 0.0
9.525265175572377 0.0
9.555992466689904 0.0
9.601472950078849 0.0
9.688760090458754 0.0
9.691918323442096 0.0
9.716958038899998 0.0
9.724507000407893 0.0
9.757570121023855 0.0
9.899246500872362 0.0
9.920505157675926 0.0
9.92791928085194 0.0
9.954728875762633 0.0
9.961537411177561 0.0
9.98953955123656 0.0
10.045481552480785 0.0
10.049488810947304 0.0
10.06411605824314 0.0
10.101149914196874 0.0
10.102824568214421 0.0
10.114230106768172 0.0
10.214459163827012 0.0
10.242167155003365 0.0
10.249103580565194 0.0
10.273741555406112 0.0
10.305093820589807 0.0
10.319979308662287 0.0
10.37664211949904 0.0
10.418773016039102 0.0
10.440683406292004 0.0
10.549673637368452 0.0
10.736474492744046 0.0
10.74835131922273 0.0
10.761960543527424 0.0
10.774883671094388 0.0
10.800306310261503 0.0
10.813513205486396 0.0
10.81810908807132 0.0
10.839352824996574 0.0
10.854116508787945 0.0
10.907941692553822 0.0
10.97083325567452 0.0
10.972505140795024 0.0
11.034088023866873 0.0
11.04001865426922 0.0
11.04635170234926 0.0
11.07376998551768 0.0
11.075674148122381 0.0
11.0846033264692 0.0
11.08580271371923 0.0
11.11344078503862 0.0
11.155769656812112 0.0
11.172200116007257 0.0
11.253320651776942 0.0
11.31254278277269 0.0
11.34673784476153 0.0
11.466259335319675 0.0
11.562648289472323 0.0
11.678741737883136 0.0
11.714908047327434 0.0
11.725580663830028 0.0
11.779919961256695 0.0
11.782114993427975 0.0
11.799306751906016 0.0
11.820740836359239 0.0
11.83456531143258 0.0
11.849812400651011 0.0
11.881311637632013 0.0
12.02732772309104 0.0
12.036350564596576 0.0
12.037140377148301 0.0
12.053510593100558 0.0
12.099636630456395 0.0
12.102409525207454 0.0
12.109569888134628 0.0
12.127897512839914 0.0
12.17189779488824 0.0
12.284401713101115 0.0
12.363731823101896 0.0
12.388165420461487 0.0
12.389428310553301 0.0
12.416606547907124 0.0
12.448170311113254 0.0
12.61237863812013 0.0
12.655059820400254 0.0
12.691458302403568 0.0
12.745092852433933 0.0
12.761029783407224 0.0
12.826010604898501 0.0
12.92543910408544 0.0
12.935408855295066 0.0
12.94845835532512 0.0
12.948921222030217 0.0
12.95752451875516 0.0
12.96773113726716 0.0
12.97970323614649 0.0
12.989810857482903 0.0
12.999781453112865 0.0
13.012903724645108 0.0
13.022755345600585 0.0
13.0758258104018 0.0
13.14863584516653 0.0
13.174207898820743 0.0
13.199195206270133 0.0
13.216567425076725 0.0
13.280026198219181 0.0
13.295488817354176 0.0
13.303592429018082 0.0
13.374102030754928 0.0
13.401341668213346 0.0
13.407867608854792 0.0
13.41514244630183 0.0
13.536301058719904 0.0
13.60329595913161 0.0
13.607155818009174 0.0
13.63035104872821 0.0
13.657662831282176 0.0
13.704356004593487 0.0
13.717948185782564 0.0
13.89172530328874 0.0
13.909298044823709 0.0
13.931228392756692 0.0
13.953244730263185 0.0
13.965205247220409 0.0
13.966872194708502 0.0
14.023947641565476 0.0
14.030815917578852 0.0
14.045032833416991 0.0
14.073959196060223 0.0
14.091166078268943 0.0
14.114451641859315 0.0
14.178712227369276 0.0
14.183078836364286 0.0
14.199962824014028 0.0
14.237617321006939 0.0
14.263819788925952 0.0
14.265836731643045 0.0
14.346932451225003 0.0
14.353715642664532 0.0
14.385121078710357 0.0
14.419915930968129 0.0
14.435351768001713 0.0
14.439179087666275 0.0
14.652042180516014 0.0
14.68014143619394 0.0
14.721313093837148 0.0
14.73103241661495 0.0
14.775006613729213 0.0
14.78050693983213 0.0
14.812842405328155 0.0
14.868626143807614 0.0
14.874733354969363 0.0
14.883903410047418 0.0
14.885871050092796 0.0
14.891752246357996 0.0
14.91084324918449 0.0
14.92371317299745 0.0
14.934119854564916 0.0
15.061181959645928 0.0
15.082996741533414 0.0
15.093393903514972 0.0
15.097855921791965 0.0
15.108390757796325 0.0
15.110923571511567 0.0
15.115727939872352 0.0
15.116188210942017 0.0
15.123291270119955 0.0
15.153730992746981 0.0
15.154794586356353 0.0
15.227698134811783 0.0
15.234488922573238 0.0
15.243327443075916 0.0
15.287479238771185 0.0
15.303518459461229 0.0
15.308012094938148 0.0
15.320518984778534 0.0
15.362464548004612 0.0
15.377752979544997 0.0
15.39640635753645 0.0
15.406865023102448 0.0
15.431824093335008 0.0
15.433078766880413 0.0
15.452358265173764 0.0
15.454551008397601 0.0
15.490064317887066 0.0
15.57953077387069 0.0
15.59854160391344 0.0
15.609021057084846 0.0
15.610009057406769 0.0
15.615306085006814 0.0
15.63106343724804 0.0
15.660765016213032 0.0
15.741931499458186 0.0
15.743615596321833 0.0
15.747745190426402 0.0
15.775805937068405 0.0
15.78340063672356 0.0
15.809007565299224 0.0
15.884144464976266 0.0
15.913213405723852 0.0
15.92796770259859 0.0
15.989829347150268 0.0
16.02227806809021 0.0
16.096024141375562 0.0
16.10553846757953 0.0
16.192659815343745 0.0
16.2195213651535 0.0
16.272944099417433 0.0
16.341032885756146 0.0
16.34276203207459 0.0
16.358127061572024 0.0
16.39251793274412 0.0
16.437482798247157 0.0
16.466387284396806 0.0
16.4672994276367 0.0
16.47105453114149 0.0
16.473152812138665 0.0
16.477048008636558 0.0
16.495888799542982 0.0
16.536739862321127 0.0
16.544199395167954 0.0
16.57034442716488 0.0
16.648897363476483 0.0
16.832502553981005 0.0
16.865623696962842 0.0
16.86805566494613 0.0
16.88005595349486 0.0
16.95242678222509 0.0
17.047929167685062 0.0
17.05126135513603 0.0
17.05665516649198 0.0
17.066799522204853 0.0
17.073523346526926 0.0
17.077208619066088 0.0
17.11758612270183 0.0
17.12534223540799 0.0
17.132899271696296 0.0
17.137493282127465 0.0
17.227944271952623 0.0
17.23167143492902 0.0
17.272017196879794 0.0
17.323783865936257 0.0
17.377782541727132 0.0
17.380285476305293 0.0
17.452370722055054 0.0
17.482361552958448 0.0
17.508571066277373 0.0
17.509129879895866 0.0
17.527372003413625 0.0
17.569444945190046 0.0
17.63721048898094 0.0
17.644163592497037 0.0
17.692495863968436 0.0
17.69416568788065 0.0
17.7025545708487 0.0
17.74642827430216 0.0
17.76508960280503 0.0
17.765150149595993 0.0
17.779193261828958 0.0
17.794939932958506 0.0
17.865199783758875 0.0
17.86898255531951 0.0
17.872911613214953 0.0
17.87317358558382 0.0
17.895839292946484 0.0
17.899530266130174 0.0
17.920352542309292 0.0
17.92220271477031 0.0
17.924093381744544 0.0
17.93723933228233 0.0
17.96697588048384 0.0
17.9794730161682 0.0
17.98175664137286 0.0
18.003432765813116 0.0
18.023536335123097 0.0
18.0272496045625 0.0
18.040653641214078 0.0
18.0617104596782 0.0
18.06172162052007 0.0
18.065577861641533 0.0
18.10718419938157 0.0
18.10929407181303 0.0
18.123825385088196 0.0
18.130350264690122 0.0
18.133497979463034 0.0
18.138478169845197 0.0
18.147347832091896 0.0
18.155459311144295 0.0
18.157948102412405 0.0
18.16691077504545 0.0
18.226363015854478 0.0
18.23139089428431 0.0
18.24513654999008 0.0
18.276031531415875 0.0
18.279688508822115 0.0
18.281163814992013 0.0
18.31367821898977 0.0
18.320772113183335 0.0
18.331941736484918 0.0
18.453006132993238 0.0
18.508899766128238 0.0
18.53098253603436 0.0
18.621685284292983 0.0
18.644969029873707 0.0
18.650312912353822 0.0
18.691782212388798 0.0
18.71207523346705 0.0
18.78249939296806 0.0
18.797051181806836 0.0
18.878220067617516 0.0
18.88019995271871 0.0
18.957297991159408 0.0
19.0014997847743 0.0
19.12609488300105 0.0
19.139414259759207 0.0
19.158730917137635 0.0
19.20769505683951 0.0
19.2267636935955 0.0
19.271785910980395 0.0
19.28127319214912 0.0
19.285291083349343 0.0
19.41008721981238 0.0
19.4437564686738 0.0
19.52590612439871 0.0
19.543665556801933 0.0
19.657979429204204 0.0
19.65808053949421 0.0
19.661519578906898 0.0
19.663777699419658 0.0
19.69555438207975 0.0
19.730812688493852 0.0
19.79108056383657 0.0
19.87168322755455 0.0
19.89706243855588 0.0
19.964118123146214 0.0
19.9765039738329 0.0
20.02765775370405 0.0
20.0683118602947 0.0
20.074922163911367 0.0
20.075988873297536 0.0
20.089224617558845 0.0
20.11254877136857 0.0
20.132516012074802 0.0
20.19870076562091 0.0
20.234010770270462 0.0
20.260259280852253 0.0
20.29286405127507 0.0
20.300889291465705 0.0
20.311238636622498 0.0
20.353514186565523 0.0
20.45524156963395 0.0
20.47011342838759 0.0
20.505938980593918 0.0
20.660002819378885 0.0
20.671646267596465 0.0
20.694825698051112 0.0
20.84009505711326 0.0
20.841554667316135 0.0
20.846527719583214 0.0
20.86112766348635 0.0
20.870016217575255 0.0
20.918355953672442 0.0
21.041762500437923 0.0
21.0984174600113 0.0
21.134414134091276 0.0
21.135205134767137 0.0
21.193109403818173 0.0
21.25265741977095 0.0
21.261904761745328 0.0
21.31106931233511 0.0
21.335500119742502 0.0
21.377278316143897 0.0
21.3775323853298 0.0
21.474980125215545 0.0
21.52765715509327 0.0
21.552803314800244 0.0
21.64029846323083 0.0
21.647162213546565 0.0
21.988959053091452 0.0
22.13113888112917 0.0
22.347607250448984 0.0
22.364041910953706 0.0
22.45592979212211 0.0
22.52182277194073 0.0
22.885795001083935 0.0
22.994738875966057 0.0
23.010817245695637 0.0
23.0882457862513 0.0
23.257686599697088 0.0
23.720713882505287 0.0
23.772887976004522 0.0
23.831720525327132 0.0
23.885217737858646 0.0
24.04829426575021 0.0
24.188492895033935 0.0
24.21523028595585 0.0
24.307195337912 0.0
24.827491484117367 0.0
25.050659753615033 0.0
25.233992602809312 0.0
25.447151229899166 0.0
25.51419487752735 0.0
25.885834593385237 0.0
27.308632757979765 0.0
